1 -15.405819000000001 -2.4860690000000005 -2.3717490000000003 -2.371729 -0.4050090000000006 -0.23711899999999986 41.650261 41.650311 41.650371
2 -15.402229 -2.484559 -2.371779 -2.371759 -0.4038789999999999 -0.2395890000000005 41.640001 41.640011 41.646651
3 -15.391489 -2.4800190000000004 -2.3718590000000006 -2.3718390000000005 -0.40050900000000045 -0.2469790000000005 41.609111 41.609141 41.635711
4 -15.373589 -2.472479 -2.3719790000000005 -2.3719590000000004 -0.3949290000000003 -0.2592889999999999 41.557711000000005 41.557751 41.617631
5 -15.348549 -2.4619290000000005 -2.3720990000000004 -2.3720790000000003 -0.38714899999999997 -0.27648900000000065 41.485911 41.485961 41.592681
6 -15.316389000000001 -2.4483890000000006 -2.3721890000000005 -2.3721690000000004 -0.3772390000000003 -0.298559 41.393871000000004 41.393941 41.561191
7 -15.277139 -2.4318690000000007 -2.372199 -2.3721690000000004 -0.365259 -0.325469 41.281811000000005 41.281881 41.523611
8 -15.230819 -2.4123990000000006 -2.372059 -2.3720290000000004 -0.35717900000000036 -0.3512789999999999 41.149961000000005 41.150041 41.480461
9 -15.177479 -2.390009 -2.371709 -2.3716790000000003 -0.3936290000000007 -0.33539900000000067 40.998621 40.998711 41.432361
10 -15.117149 -2.3710590000000007 -2.371029 -2.364719 -0.4347690000000002 -0.3177090000000007 40.828121 40.828221 41.380001
11 -15.049879 -2.3700290000000006 -2.3699890000000003 -2.336569 -0.4805489999999999 -0.29832900000000073 40.638811000000004 40.638921 41.324141000000004
12 -14.975729000000001 -2.3685090000000004 -2.3684790000000007 -2.3055890000000003 -0.530869 -0.2773690000000002 40.431131 40.431241 41.265621
13 -14.894749000000001 -2.366409 -2.3663690000000006 -2.2718190000000007 -0.5856690000000002 -0.2549790000000005 40.205491 40.205621 41.205321000000005
14 -14.807019 -2.3636090000000003 -2.363569 -2.2353190000000005 -0.6448590000000003 -0.23127900000000068 39.962381 39.962511 41.144171
15 -14.712609 -2.3599890000000006 -2.3599490000000003 -2.196129 -0.7083390000000005 -0.20641900000000035 39.702291 39.702431000000004 41.083161000000004
16 -14.611589 -2.355429 -2.355379 -2.154299 -0.7760190000000007 -0.18055900000000058 39.425771000000005 39.425911 41.023291
17 -14.504039 -2.3497890000000003 -2.349749 -2.109889 -0.8477790000000001 -0.1538390000000005 39.133341 39.133491 40.965591
18 -14.390079 -2.3429590000000005 -2.3429090000000006 -2.062959 -0.9234990000000005 -0.12641900000000028 38.825621 38.825761 40.911091
19 -14.269779 -2.334779 -2.3347290000000003 -2.013579 -1.0030590000000004 -0.09845900000000007 38.503191 38.503331 40.860821
20 -14.143269 -2.325119 -2.325069 -1.9618190000000002 -1.086329 -0.07008900000000029 38.166671 38.166811 40.815801
21 -14.010639000000001 -2.3138390000000006 -2.3137990000000004 -1.9077390000000003 -1.173159 -0.0414690000000002 37.816691 37.816831 40.777031
22 -13.872039000000001 -2.300809 -2.3007690000000007 -1.851439 -1.2634190000000007 -0.012739000000000722 37.453901 37.454041000000004 40.745461
23 -13.727579 -2.2858790000000004 -2.2858290000000006 -1.7929690000000003 -1.3569490000000002 0.015981000000000023 37.078951 37.079091 40.722001
24 -13.577409 -2.268899 -2.268859 -1.732449 -1.4535790000000004 0.04458099999999998 36.692531 36.692661 40.707491000000005
25 -13.421689 -2.249759 -2.2497190000000007 -1.6699390000000003 -1.5531490000000003 0.07295099999999977 36.295301 36.295431 40.702701000000005
26 -13.260549000000001 -2.2282990000000007 -2.2282590000000004 -1.6554890000000002 -1.605549 0.10101099999999974 35.887951 35.888071000000004 40.708311
27 -13.094189 -2.2043990000000004 -2.204359 -1.7604190000000006 -1.5393690000000007 0.12872099999999964 35.471161 35.471281000000005 40.724891
28 -12.922769 -2.1779290000000007 -2.1778890000000004 -1.8677489999999999 -1.4714990000000006 0.1560309999999996 35.045621000000004 35.045731 40.752921
29 -12.746489 -2.148759 -2.1487290000000003 -1.9772990000000004 -1.4020489999999999 0.18294099999999958 34.612011 34.612111 40.792721
30 -12.565559 -2.116779 -2.116759 -2.088869 -1.3311090000000005 0.20948099999999936 34.171031 34.171131 40.844511000000004
31 -12.380179 -2.2022590000000006 -2.0818890000000003 -2.0818590000000006 -1.2588090000000003 0.23571099999999934 33.723371 33.723461 40.908321
32 -12.190589 -2.3172690000000005 -2.043959 -2.043939 -1.1852490000000007 0.261711 33.269721000000004 33.269791000000005 40.984051
33 -11.997039000000001 -2.433689 -2.0029090000000007 -2.0028890000000006 -1.1105590000000003 0.2876409999999998 32.810741 32.810811 41.071431000000004
34 -11.799779000000001 -2.5513190000000003 -1.9586490000000003 -1.9586290000000002 -1.0348390000000007 0.31367099999999937 32.347121 32.347181 41.170011
35 -11.599079 -2.669949 -1.911099 -1.911079 -0.9582290000000002 0.34003099999999975 31.879521000000004 31.879571 41.279141
36 -11.395239 -2.789359 -1.8601790000000005 -1.860169 -0.8808490000000004 0.36700100000000013 31.408651 31.408681 41.398001
37 -11.188569000000001 -2.9093290000000005 -1.8058490000000003 -1.8058490000000003 -0.802829 0.39490099999999995 30.935141 30.935161 41.525561
38 -10.979379 -3.0296590000000005 -1.748049 -1.748049 -0.7242990000000002 0.42414099999999966 30.459651 30.459671 41.660621
39 -10.768009 -3.150119 -1.6867590000000003 -1.6867490000000007 -0.6453890000000007 0.45514099999999935 29.982861 29.982861 41.801751
40 -10.554839000000001 -3.2704990000000005 -1.6219390000000002 -1.6219290000000006 -0.5662390000000004 0.4884309999999994 29.505391000000003 29.505391000000003 41.947361
41 -10.340229 -3.3905890000000003 -1.553579 -1.5535690000000004 -0.4869690000000002 0.5246009999999997 29.027881 29.027891000000004 42.095641
42 -10.124599 -3.5101690000000003 -1.4816989999999999 -1.4816890000000003 -0.4077290000000007 0.5642809999999994 28.551011000000003 28.551031000000002 42.244591
43 -9.908359 -3.6290290000000005 -1.4063189999999999 -1.4062990000000006 -0.32866900000000054 0.6082209999999995 28.075401 28.075431000000002 42.392031
44 -9.691959 -3.7469590000000004 -1.3274690000000007 -1.3274490000000005 -0.2499090000000006 0.6572309999999995 27.601701 27.601741000000004 42.535591000000004
45 -9.475859 -3.8637590000000004 -1.2452190000000005 -1.2451990000000004 -0.171589 0.7122209999999995 27.130531000000005 27.130571000000003 42.672701
46 -9.260549000000001 -3.9792090000000004 -1.1596390000000003 -1.1596090000000006 -0.09386900000000065 0.7742009999999997 26.662531 26.662581000000003 42.800581
47 -9.046539000000001 -4.093129 -1.0708190000000002 -1.0707890000000004 -0.01686900000000069 0.8442809999999996 26.198321 26.198391 42.916271
48 -8.834399000000001 -4.205299 -0.978879 -0.9788490000000003 0.05925099999999972 0.9236909999999998 25.738581000000003 25.738651000000004 43.016541000000004
49 -8.624669 -4.315549000000001 -0.8839790000000001 -0.8839390000000007 0.1343709999999998 1.0138110000000005 25.283931000000003 25.284001000000004 43.097911
50 -8.417979 -4.423679 -0.7862590000000003 -0.786219 0.20833099999999938 1.116111 24.835001 24.835081000000002 43.156581
51 -8.214959 -4.529509000000001 -0.6859290000000007 -0.6858890000000004 0.28101099999999946 1.232270999999999 24.392471 24.392550999999997 43.188381
52 -8.016279 -4.632859 -0.5831990000000005 -0.5831590000000002 0.3522609999999995 1.364120999999999 23.956981 23.957071 43.188661
53 -7.822659 -4.733569 -0.47832900000000045 -0.47827900000000056 0.4219609999999996 1.5136409999999998 23.529201 23.529291 43.152241000000004
54 -7.634869 -4.831459000000001 -0.37157900000000055 -0.3715390000000003 0.4899709999999997 1.683071 23.109811 23.109901 43.073271
55 -7.453719 -4.926369 -0.26328900000000033 -0.26323900000000044 0.5561509999999998 1.8748009999999997 22.699520999999997 22.699621 42.945091000000005
56 -7.280079000000001 -5.018149 -0.1537790000000001 -0.15372900000000023 0.6203810000000001 2.0914710000000003 22.299031 22.299131000000003 42.760171
57 -7.114839 -5.1066590000000005 -0.04345900000000036 -0.043409000000000475 0.6825409999999996 2.3359310000000004 21.909070999999997 21.909171 42.509971
58 -6.958969000000001 -5.191749000000001 0.06728099999999948 0.06732099999999974 0.7425009999999999 2.6112210000000005 21.530381 21.530481 42.184911
59 -6.813429 -5.2732790000000005 0.1779509999999993 0.17800100000000008 0.8001509999999996 2.9205810000000003 21.163731 21.163831000000002 41.774411
60 -6.6791990000000006 -5.351139 0.28808100000000003 0.2881309999999999 0.8553809999999995 3.2674009999999996 20.809891 20.809990999999997 41.267121
61 -6.557239 -5.4251890000000005 0.3971309999999999 0.3971809999999998 0.9080709999999996 3.6551109999999998 20.469681 20.469780999999998 40.651301000000004
62 -6.448429 -5.495319 0.5045109999999999 0.5045609999999998 0.9581210000000002 4.087180999999999 20.143931000000002 20.144021000000002 39.915461
63 -6.353509000000001 -5.561429 0.6096309999999994 0.6096810000000001 1.0054309999999997 4.566981 19.833461 19.833551 39.049301
64 -6.273049 -5.623419 0.7118509999999993 0.7118909999999996 1.0499109999999998 5.097681 19.539150999999997 19.539240999999997 38.044971000000004
65 -6.207319 -5.681189 0.8104809999999993 0.8105209999999996 1.0914710000000003 5.6821909999999995 19.261871 19.261950999999996 36.898481000000004
66 -6.1562790000000005 -5.734659000000001 0.9048409999999993 0.9048809999999996 1.1300209999999993 6.3230710000000006 19.002481000000003 19.002550999999997 35.611051
67 -6.119449 -5.783739000000001 0.994211 0.9942510000000002 1.1654809999999998 7.022451 18.761881000000002 18.761950999999996 34.190451
68 -6.095919 -5.828359000000001 1.0778809999999996 1.0779110000000003 1.1977910000000005 7.782200999999999 18.540940999999997 18.541010999999997 32.651291
69 -6.084279 -5.868469 1.155130999999999 1.1551609999999997 1.2268709999999992 8.603940999999999 18.340511 18.340570999999997 31.014831
70 -6.082679000000001 -5.903989 1.2252609999999997 1.2252910000000004 1.252680999999999 9.489261 18.161411 18.161461000000003 29.307691
71 -6.088879 -5.9348790000000005 1.2751509999999993 1.287611 1.2876309999999993 10.439911 18.004410999999998 18.004451000000003 27.559681000000005
72 -6.100339 -5.961099000000001 1.2942509999999992 1.3415409999999994 1.3415610000000004 11.458070999999999 17.870221 17.870261 25.801081000000003
73 -6.114419 -5.9825990000000004 1.3099209999999992 1.386500999999999 1.3865210000000001 12.546361 17.759501 17.759531000000003 24.060301000000003
74 -6.128559 -5.9993490000000005 1.3221509999999999 1.4220109999999995 1.422020999999999 13.707961 17.672781 17.672811000000003 22.361410999999997
75 -6.1404890000000005 -6.011329 1.330900999999999 1.4476709999999997 1.4476809999999993 14.946240999999999 17.610511000000002 17.610531 20.723211
76 -6.1484190000000005 -6.018529 1.3361509999999992 1.4631810000000005 1.4631910000000001 16.263551 17.573020999999997 17.573031 19.159481
77 -6.1511890000000005 -6.020929000000001 1.337911 1.4683709999999994 1.468380999999999 17.560491 17.560501000000002 17.560521 17.779291
78 -6.148579000000001 -6.018419000000001 1.3343810000000005 1.4632009999999998 1.4650409999999994 16.282521000000003 17.553161000000003 17.572881000000002 19.159391
79 -6.140789 -6.010979000000001 1.322521 1.4472909999999999 1.4564310000000003 15.011891 17.531151 17.609921 20.731620999999997
80 -6.127879 -5.998839 1.2989409999999992 1.419580999999999 1.446140999999999 13.854731 17.494501 17.671340999999998 22.375861
81 -6.110009000000001 -5.982369 1.260211 1.378430999999999 1.4380009999999999 12.813201000000001 17.443250999999997 17.756670999999997 24.067701
82 -6.087379 -5.962009 1.2052409999999991 1.3218110000000003 1.4336409999999997 11.886080999999999 17.377491 17.865291 25.779401
83 -6.060309 -5.9382090000000005 1.1350409999999993 1.2476409999999998 1.4327109999999994 11.070271 17.297300999999997 17.996401 27.480391000000004
84 -6.029299 -5.911279 1.0511909999999993 1.154100999999999 1.434360999999999 10.361201 17.202801 18.149110999999998 29.139271
85 -5.995179 -5.881279 0.9552009999999989 1.0400709999999993 1.4379109999999997 9.753151 17.094130999999997 18.322411000000002 30.725941
86 -5.9593490000000005 -5.847699 0.8483709999999993 0.9054509999999993 1.4429309999999997 9.239301 16.971451000000002 18.515200999999998 32.213911
87 -5.923939000000001 -5.809319 0.7318709999999999 0.7514409999999998 1.4491510000000005 8.811911 16.834950999999997 18.726331000000002 33.581841000000004
88 -5.891549 -5.764469 0.5803609999999999 0.6069309999999994 1.4563810000000004 8.462470999999999 16.684851000000002 18.954591 34.814861
89 -5.864329000000001 -5.711949000000001 0.3959709999999994 0.4744109999999999 1.464511 8.181961 16.521400999999997 19.198771 35.904911
90 -5.843419000000001 -5.651599 0.20251099999999944 0.33540100000000006 1.4734409999999993 7.961271 16.344851 19.457621000000003 36.850341
91 -5.829339 -5.583919 0.004720999999999975 0.19086099999999995 1.483091 7.791591 16.155521 19.729900999999998 37.655041000000004
92 -5.822549 -5.509479000000001 -0.1926490000000003 0.041690999999999256 1.4934010000000004 7.664731 15.953740999999999 20.014370999999997 38.327231000000005
93 -5.823669000000001 -5.428719 -0.3851590000000007 -0.11124899999999993 1.5043209999999991 7.573311 15.739861 20.309810999999996 38.878121
94 -5.833449 -5.341929 -0.5688190000000004 -0.26714899999999986 1.5158009999999997 7.510930999999999 15.514290999999998 20.615011000000003 39.320601
95 -5.852659 -5.249309 -0.7402190000000006 -0.42523900000000037 1.5277809999999992 7.472121 15.277461 20.928770999999998 39.668201
96 -5.882009 -5.150979 -0.8966090000000007 -0.5848190000000004 1.5402310000000003 7.452311 15.029801 21.249941 39.934281
97 -5.9220690000000005 -5.047029 -1.035869 -0.745209 1.5530809999999988 7.447701 14.771821000000001 21.577360999999996 40.131371
98 -5.973129 -4.937539 -1.156549 -0.9057890000000004 1.5663009999999993 7.455161 14.504031 21.909900999999998 40.270871
99 -6.035209 -4.822559 -1.2578690000000003 -1.0659790000000005 1.5798310000000004 7.472151 14.226981 22.246440999999997 40.362861
100 -6.107989 -4.702149 -1.339639 -1.2252490000000007 1.5936310000000002 7.496611 13.941231 22.585911000000003 40.416031000000004
101 -6.190829 -4.576359 -1.4022390000000007 -1.3830790000000004 1.6076509999999988 7.526831 13.647401 22.927231 40.437751
102 -6.282779000000001 -4.445259 -1.539079 -1.4464190000000006 1.6218409999999999 7.561451 13.346110999999999 23.269340999999997 40.434171
103 -6.382689 -4.308909 -1.6927590000000006 -1.4734490000000005 1.636151 7.599361 13.038011 23.611210999999997 40.410351
104 -6.489269 -4.167389 -1.8437390000000002 -1.484699 1.6505209999999995 7.639661 12.723761000000001 23.951831 40.370401
105 -6.601129 -4.020789000000001 -1.9916790000000004 -1.481769 1.6649209999999997 7.681601000000001 12.404081 24.290171 40.317651000000005
106 -6.716909 -3.869209 -2.1362190000000005 -1.466279 1.6792909999999992 7.724581000000001 12.079690999999999 24.625261000000002 40.254771
107 -6.835289 -3.712759 -2.277069 -1.4398590000000002 1.693581 7.768101 11.751291 24.956141000000002 40.183911
108 -6.955039 -3.5515990000000004 -2.413939 -1.4040790000000003 1.7077410000000004 7.811750999999999 11.419671 25.281841 40.106791
109 -7.075039 -3.385899 -2.5465590000000002 -1.360449 1.7217210000000005 7.855200999999999 11.085600999999999 25.601421000000002 40.024821
110 -7.194289 -3.2158290000000003 -2.674709 -1.310339 1.735481 7.898161 10.749871 25.914001 39.939141
111 -7.311879 -3.041639 -2.7981490000000004 -1.2550590000000001 1.7489609999999995 7.940381 10.413310999999998 26.218661000000004 39.850741
112 -7.427039000000001 -2.916689 -2.8635990000000007 -1.1957890000000004 1.7621310000000001 7.981650999999999 10.076770999999999 26.514551000000004 39.760461
113 -7.539079 -3.030119 -2.6820390000000005 -1.1336190000000004 1.774920999999999 8.021801 9.741151 26.800811000000003 39.669081
114 -7.647409000000001 -3.1382890000000003 -2.4973290000000006 -1.0695490000000003 1.787310999999999 8.060671 9.407361 27.076641000000002 39.577301
115 -7.751519 -3.241029 -2.3099490000000005 -1.0044890000000004 1.7992410000000003 8.098091 9.076400999999999 27.341251 39.485811
116 -7.8509590000000005 -3.3381990000000004 -2.120439 -0.9392890000000005 1.8106809999999989 8.133931 8.749331 27.593871 39.395271
117 -7.945339000000001 -3.4296690000000005 -1.929469 -0.8746990000000006 1.8215810000000001 8.167951 8.427391 27.833790999999998 39.306341
118 -8.034349 -3.515299 -1.7378590000000003 -0.8113890000000001 1.8319010000000002 8.110121 8.201721 28.060311 39.219691000000005
119 -8.117679 -3.595009 -1.5466090000000001 -0.7499690000000001 1.841621 7.802581 8.231451 28.272801 39.135991000000004
120 -8.195099 -3.6686790000000005 -1.3569590000000007 -0.6909390000000002 1.8506909999999994 7.503491 8.259881 28.470631000000004 39.055891
121 -8.266389 -3.736219 -1.1704690000000006 -0.634639 1.8590809999999998 7.215211 8.286251 28.653230999999998 38.980071
122 -8.331369 -3.797569 -0.9892690000000002 -0.5811590000000004 1.8667610000000003 6.939800999999999 8.310451 28.820081000000002 38.909151
123 -8.389889 -3.8526390000000004 -0.8164890000000007 -0.5297890000000001 1.8737209999999997 6.679591 8.332371 28.970691000000002 38.843771000000004
124 -8.441809000000001 -3.9013690000000003 -0.6583589999999999 -0.47710900000000045 1.8799109999999999 6.437251 8.351931 29.104641 38.784521
125 -8.487009 -3.943709 -0.532629 -0.4085190000000001 1.8853209999999994 6.215850999999999 8.369050999999999 29.221521000000003 38.731951
126 -8.525419 -3.9796190000000005 -0.4617490000000002 -0.3051590000000006 1.889930999999999 6.0188310000000005 8.383661 29.321001000000003 38.686551
127 -8.556939 -4.009049 -0.422949 -0.19359900000000074 1.893730999999999 5.849971 8.395700999999999 29.402791 38.648781
128 -8.581509 -4.031969 -0.397189 -0.09686899999999987 1.8967010000000002 5.713151 8.405121 29.466661000000002 38.618991
129 -8.599099 -4.0483590000000005 -0.37982899999999997 -0.023409000000000013 1.8988309999999995 5.612131 8.411871 29.512411 38.597501
130 -8.609669 -4.058199 -0.3696489999999999 0.022361000000000075 1.9001009999999994 5.550070999999999 8.415941 29.539911000000004 38.584521
131 -8.613189 -4.061479 -0.3662890000000001 0.03790099999999974 1.900530999999999 5.529131 8.417301 29.549091000000004 38.580181
132 -8.621959 -4.060179 -0.3686290000000003 0.03744099999999939 1.8957709999999999 5.181011 8.824841 29.559781 38.582851
133 -8.648309000000001 -4.056259000000001 -0.3758790000000003 0.03605099999999961 1.8815209999999993 4.448791 9.734091000000001 29.591801000000004 38.590871
134 -8.692369 -4.049759 -0.3887490000000007 0.03373099999999951 1.8578910000000004 3.636151 10.837811 29.645011000000004 38.604191
135 -8.754309000000001 -4.040669 -0.408709 0.03047099999999947 1.8250410000000006 2.845091 12.028720999999999 29.719171000000003 38.622771
136 -8.834239 -4.029029 -0.43864900000000073 0.026281 1.783180999999999 2.112361 13.264110999999998 29.813961 38.646541
137 -8.932149 -4.0148790000000005 -0.4842890000000004 0.021100999999999814 1.4569010000000002 1.732621 14.520361 29.928971000000004 38.675421
138 -9.047809 -3.9982490000000004 -0.5572889999999999 0.014790999999999777 0.8954809999999993 1.6736710000000006 15.781041 30.063711000000005 38.709291
139 -9.180659 -3.9791890000000003 -0.6792090000000002 0.0068310000000000315 0.45111100000000004 1.6067409999999995 17.033310999999998 30.217621 38.748041
140 -9.329759 -3.957749 -0.8734390000000003 -0.005999000000000088 0.14887099999999975 1.532240999999999 18.266731 30.390031 38.791511
141 -9.493799 -3.9339990000000005 -1.129969 -0.0633189999999999 0.015181000000000111 1.450621 19.473031 30.580281 38.839551
142 -9.671089 -3.9080090000000003 -1.4053190000000004 -0.15690900000000063 -0.005779000000000423 1.3623910000000006 20.645611000000002 30.787581000000003 38.891981
143 -9.859709 -3.879849 -1.6657290000000007 -0.2221890000000002 -0.01715900000000037 1.2680609999999994 21.779541000000002 31.011141000000002 38.948621
144 -10.057539 -3.8496090000000005 -1.8968090000000002 -0.2699990000000003 -0.027619000000000504 1.1681410000000003 22.871451 31.250081 39.009251
145 -10.262459 -3.8173690000000002 -2.094729 -0.30834900000000065 -0.03809899999999988 1.0631810000000002 23.919280999999998 31.503501 39.073661
146 -10.472439000000001 -3.7832290000000004 -2.2601890000000004 -0.34130899999999986 -0.0487990000000007 0.9537409999999991 24.922131 31.770481000000004 39.141621
147 -10.685569000000001 -3.7473090000000004 -2.3956790000000003 -0.37097900000000017 -0.05976900000000018 0.8403409999999996 25.880001 32.050031000000004 39.212871
148 -10.900209 -3.7096890000000005 -2.5043190000000006 -0.3984690000000004 -0.07098899999999997 0.723541 26.793781000000003 32.341171 39.287181000000004
149 -11.114909 -3.6705090000000005 -2.589309 -0.42438900000000057 -0.08242900000000031 0.6038709999999998 27.664801000000004 32.642891 39.364271
150 -11.328459 -3.6298690000000002 -2.6537190000000006 -0.44903899999999997 -0.09404900000000005 0.48186099999999943 28.494821 32.954141 39.443871
151 -11.539878999999999 -3.5879090000000002 -2.7003590000000006 -0.47253900000000026 -0.10578900000000058 0.3580209999999999 29.285871 33.273861000000004 39.525711
152 -11.748349000000001 -3.5447590000000004 -2.731789 -0.49491900000000033 -0.11760900000000074 0.23286099999999976 30.040111000000003 33.600991 39.609491
153 -11.953229 -3.5005590000000004 -2.750299 -0.5160990000000005 -0.12945900000000066 0.1068409999999993 30.759740999999998 33.934441 39.694931000000004
154 -12.153999 -3.455449 -2.757899 -0.5359590000000001 -0.14127899999999993 -0.019549000000000483 31.446871 34.273101000000004 39.781731
155 -12.350249000000002 -3.4095690000000003 -2.7564290000000007 -0.5543390000000006 -0.1530390000000006 -0.14586900000000025 32.103631 34.615921 39.869591
156 -12.541659 -3.3630690000000003 -2.747509 -0.5710690000000005 -0.2717090000000004 -0.16466899999999995 32.731901 34.961761 39.958211
157 -12.727939 -3.3161190000000005 -2.732589 -0.5859390000000007 -0.3966289999999999 -0.17612900000000042 33.333411 35.309511 40.047291
158 -12.908899 -3.2688490000000003 -2.7129890000000003 -0.5987390000000001 -0.5202689999999999 -0.18737899999999996 33.909721000000005 35.658061000000004 40.136531
159 -13.084329 -3.2214490000000002 -2.689889 -0.642239 -0.6092590000000007 -0.19835899999999995 34.462181 36.006311000000004 40.225631
160 -13.254089 -3.174059 -2.6643490000000005 -0.7621990000000007 -0.617299 -0.20904900000000026 34.991961 36.353121 40.314281
161 -13.418039 -3.1268490000000004 -2.6373190000000006 -0.8797990000000002 -0.6226890000000003 -0.2193890000000005 35.500011 36.697381 40.402191
162 -13.576079 -3.0799890000000003 -2.6096590000000006 -0.9947490000000005 -0.6252890000000004 -0.2293390000000004 35.987171000000004 37.038021 40.489081
163 -13.728079000000001 -3.0336290000000004 -2.5820990000000004 -1.1067390000000001 -0.6249989999999999 -0.23886900000000022 36.454031 37.373931 40.574641
164 -13.873969 -2.987959 -2.555269 -1.2154990000000003 -0.621759 -0.24791900000000044 36.901071 37.704011 40.658611
165 -14.013639000000001 -2.943129 -2.5296890000000003 -1.3207490000000002 -0.6156190000000006 -0.25645900000000044 37.328621 38.027191 40.740701
166 -14.147019 -2.899319 -2.5057790000000004 -1.4222489999999999 -0.6066690000000001 -0.2644290000000007 37.736871 38.342431000000005 40.820651
167 -14.274029 -2.8566790000000006 -2.483849 -1.5197690000000001 -0.5950890000000006 -0.27177900000000044 38.125941000000005 38.648681 40.898181
168 -14.394579 -2.815379 -2.464079 -1.6130890000000004 -0.5811590000000004 -0.27842900000000004 38.495801 38.944911000000005 40.973061
169 -14.508628999999999 -2.7755790000000005 -2.4465890000000003 -1.7019890000000002 -0.5652290000000004 -0.284319 38.846411 39.230171 41.045051
170 -14.616099 -2.7374490000000007 -2.4313790000000006 -1.786289 -0.5477490000000005 -0.2893290000000004 39.177611 39.503471000000005 41.113901
171 -14.716919 -2.701149 -2.418399 -1.8657890000000004 -0.529229 -0.29332899999999995 39.489221 39.763901000000004 41.179401
172 -14.811049 -2.666849 -2.4075290000000003 -1.940309 -0.5102890000000002 -0.2961689999999999 39.781001 40.010571 41.241331
173 -14.898419 -2.634709 -2.3985890000000003 -2.0096690000000006 -0.49156900000000014 -0.2976290000000006 40.052691 40.242631 41.299511
174 -14.978989 -2.604909 -2.3914090000000003 -2.0736790000000003 -0.4737689999999999 -0.2974690000000004 40.304011 40.459281000000004 41.353731
175 -15.052709 -2.5776590000000006 -2.385759 -2.132149 -0.4575990000000001 -0.29547900000000027 40.534671 40.659741000000004 41.403831000000004
176 -15.119539 -2.5531690000000005 -2.3814290000000007 -2.184839 -0.443619 -0.2915190000000001 40.744401 40.843351 41.449661
177 -15.179439 -2.5317290000000003 -2.3781990000000004 -2.2314890000000007 -0.43219900000000067 -0.2856690000000004 40.932921 41.009441 41.491061
178 -15.232369 -2.5136790000000007 -2.3758690000000007 -2.2717590000000003 -0.4233790000000006 -0.2782689999999999 41.099941 41.157421 41.527901
179 -15.278309 -2.499459 -2.3742490000000007 -2.3052090000000005 -0.4168890000000003 -0.26994900000000044 41.245241 41.286761 41.560071
180 -15.317219 -2.4895490000000002 -2.373169 -2.331379 -0.4123190000000001 -0.2614390000000002 41.368591 41.397011 41.587461000000005
181 -15.349089000000001 -2.484159 -2.3724890000000007 -2.350059 -0.4092090000000006 -0.25346899999999994 41.469781000000005 41.487751 41.610001000000004
182 -15.373899 -2.482749 -2.372089 -2.3617990000000004 -0.40716900000000056 -0.24664900000000056 41.548661 41.558681 41.627591
183 -15.391629 -2.4837890000000007 -2.3718690000000002 -2.3681290000000006 -0.4059090000000003 -0.24145899999999987 41.605101000000005 41.609521 41.640201000000005
184 -15.402269 -2.4853690000000004 -2.3717690000000005 -2.3709690000000005 -0.40521900000000066 -0.23821899999999996 41.639001 41.640101 41.647791
185 -15.405819000000001 -2.4860690000000005 -2.3717490000000003 -2.371729 -0.4050090000000006 -0.23711899999999986 41.650261 41.650311 41.650371
186 -15.402649 -2.485659 -2.3726190000000003 -2.3699790000000007 -0.405589 -0.23770900000000061 41.637971 41.645711 41.645791
187 -15.393149000000001 -2.4847990000000006 -2.3752690000000003 -2.364339 -0.4073290000000007 -0.2394590000000001 41.600901 41.632061 41.632151
188 -15.377319 -2.484369 -2.3796990000000005 -2.3539590000000006 -0.41016900000000067 -0.24232900000000068 41.539331000000004 41.609291 41.609401
189 -15.355169 -2.4854590000000005 -2.385949 -2.3378190000000005 -0.41405899999999995 -0.2462490000000006 41.453521 41.577361 41.577491
190 -15.326719 -2.488899 -2.394049 -2.3151290000000007 -0.4188990000000006 -0.2511390000000002 41.343911 41.536211 41.536361
191 -15.291959 -2.495069 -2.404059 -2.2855990000000004 -0.424569 -0.256869 41.211011 41.485771 41.485941000000004
192 -15.250919 -2.5040390000000006 -2.416029 -2.2492490000000007 -0.4309289999999999 -0.26329899999999995 41.055441 41.425951000000005 41.426151000000004
193 -15.203619 -2.5157290000000003 -2.430009 -2.2062690000000007 -0.4378290000000007 -0.2702990000000005 40.877921 41.356681 41.356911000000004
194 -15.150079 -2.5300390000000004 -2.4460890000000006 -2.156859 -0.4450890000000003 -0.2776690000000004 40.679281 41.277841 41.278111
195 -15.090329 -2.5469090000000003 -2.4642990000000005 -2.101209 -0.4525290000000002 -0.28525899999999993 40.460381 41.189341 41.189641
196 -15.024379 -2.5662890000000003 -2.484719 -2.0394890000000006 -0.4599690000000001 -0.2928690000000005 40.222211 41.091051 41.091391
197 -14.952279 -2.588159 -2.5073790000000002 -1.9718290000000005 -0.46721900000000005 -0.300319 39.965791 40.982881 40.983271
198 -14.874058999999999 -2.612489 -2.5323390000000003 -1.8983490000000005 -0.4740990000000007 -0.30742899999999995 39.692211 40.864711 40.865151000000004
199 -14.789739 -2.6392690000000005 -2.5595990000000004 -1.8191890000000006 -0.480429 -0.3140090000000004 39.402601000000004 40.736441 40.736941
200 -14.699389 -2.6684790000000005 -2.589169 -1.734439 -0.48602900000000027 -0.3198990000000004 39.098151 40.597991 40.598551
201 -14.603019 -2.7000790000000006 -2.6210390000000006 -1.644209 -0.49077900000000074 -0.32495900000000066 38.780011 40.449261 40.449881000000005
202 -14.500699000000001 -2.734019 -2.6551790000000004 -1.5485990000000003 -0.4945190000000004 -0.32903899999999986 38.449401 40.290181000000004 40.290881
203 -14.392459 -2.7702290000000005 -2.6915190000000004 -1.4477290000000007 -0.4971490000000003 -0.332039 38.107531 40.120691 40.121471
204 -14.278359 -2.808599 -2.7299690000000005 -1.3417090000000007 -0.4985790000000003 -0.33385900000000035 37.755611 39.940761 39.941641000000004
205 -14.158449000000001 -2.849019 -2.7704390000000005 -1.230639 -0.4987390000000005 -0.3344290000000001 37.394831 39.750381000000004 39.751351
206 -14.032799 -2.891349 -2.8127890000000004 -1.1146590000000005 -0.49756900000000037 -0.3336990000000002 37.026361 39.549551 39.550631
207 -13.901459 -2.9354390000000006 -2.856879 -0.9938790000000006 -0.49504900000000074 -0.3316490000000005 36.651301000000004 39.338281 39.339481
208 -13.764489000000001 -2.9810990000000004 -2.9025290000000004 -0.8684390000000004 -0.49114900000000006 -0.3282590000000001 36.270751000000004 39.116631 39.117961
209 -13.621969 -3.028149 -2.949549 -0.7385390000000003 -0.48578900000000047 -0.32353900000000024 35.885751 38.884681 38.886151
210 -13.473949000000001 -3.076379 -2.9977590000000003 -0.604749 -0.47857899999999987 -0.317539 35.497261 38.642531 38.644151
211 -13.320519 -3.1255690000000005 -3.046939 -0.483409 -0.45331900000000047 -0.3102689999999999 35.106201 38.390321 38.392091
212 -13.161749 -3.1754890000000002 -3.0968590000000003 -0.4653090000000004 -0.3194290000000004 -0.30180900000000044 34.713411 38.128211 38.130161
213 -12.997719 -3.2259390000000003 -3.1473190000000004 -0.4547189999999999 -0.29221900000000023 -0.17279900000000037 34.319571 37.856361 37.858491
214 -12.828499 -3.2766590000000004 -3.1980790000000003 -0.44354899999999997 -0.28155900000000056 -0.021729000000000553 33.925351 37.574991000000004 37.577321000000005
215 -12.654169 -3.3274390000000005 -3.2489090000000003 -0.4315490000000004 -0.2699190000000007 0.1333310000000001 33.531281 37.284351 37.286871000000005
216 -12.474839 -3.3780390000000002 -3.299589 -0.4187289999999999 -0.25738899999999987 0.29218099999999936 33.137771 36.984681 36.987421000000005
217 -12.290569000000001 -3.428249 -3.349899 -0.4051689999999999 -0.2440389999999999 0.4546809999999999 32.745111 36.676271 36.679251
218 -12.101479000000001 -3.4778290000000003 -3.3996090000000003 -0.39092899999999986 -0.22997900000000016 0.6206909999999999 32.353491 36.359461 36.362671
219 -11.907609 -3.5265790000000004 -3.4485090000000005 -0.37610900000000047 -0.21527900000000066 0.7901109999999996 31.962871 36.034531 36.037991
220 -11.709079 -3.5742990000000003 -3.4964090000000003 -0.36077899999999996 -0.2000390000000003 0.9628110000000003 31.573131000000004 35.701841 35.705571
221 -11.505959 -3.6207890000000003 -3.5431090000000003 -0.3450490000000004 -0.1843490000000001 1.1386710000000004 31.183971 35.361781 35.365771
222 -11.298339 -3.665859 -3.5884090000000004 -0.32897900000000035 -0.16828900000000058 1.3175709999999992 30.794911 35.014711 35.018991
223 -11.086289 -3.7093290000000003 -3.6321490000000005 -0.31267900000000015 -0.1519490000000001 1.4994009999999989 30.405311000000005 34.661041000000004 34.665621
224 -10.869889 -3.7510490000000005 -3.6741390000000003 -0.29620900000000017 -0.13541900000000062 1.6840010000000003 30.014361 34.301211 34.306091
225 -10.649179 -3.7908390000000005 -3.714249 -0.27965900000000055 -0.11876900000000035 1.8712809999999998 29.621031000000002 33.935601 33.940791000000004
226 -10.424219 -3.8285790000000004 -3.7523190000000004 -0.2630990000000004 -0.10206900000000019 2.0610610000000005 29.224151 33.564661 33.570171
227 -10.195039000000001 -3.864129 -3.7882190000000002 -0.2466090000000003 -0.08540900000000029 2.2531809999999997 28.822401 33.188851 33.194681
228 -9.961659000000001 -3.8973590000000002 -3.821829 -0.23023900000000008 -0.06883900000000054 2.4474409999999995 28.414311000000005 32.808601 32.814771
229 -9.724079 -3.9281690000000005 -3.8530290000000003 -0.2140690000000003 -0.05243900000000057 2.6435809999999993 27.998321000000004 32.424381000000004 32.430901
230 -9.482289 -3.956449 -3.8817390000000005 -0.1981489999999999 -0.036268999999999885 2.841291 27.572831 32.036691000000005 32.043551
231 -9.236209 -3.9821290000000005 -3.907849 -0.18253900000000023 -0.020379000000000147 3.040191 27.136191000000004 31.645921 31.653140999999998
232 -8.985799 -4.0051190000000005 -3.9312890000000005 -0.16729899999999986 -0.004819000000000351 3.2397410000000004 26.686931 31.252591000000002 31.260171
233 -8.730969 -4.025369 -3.9520090000000003 -0.15245900000000034 0.01034099999999949 3.439290999999999 26.223811000000005 30.857151 30.865091
234 -8.471619 -4.042829 -3.969949 -0.13807900000000028 0.02507099999999962 3.6379509999999993 25.745950999999998 30.460081000000002 30.468391000000004
235 -8.207629 -4.057449 -3.985069 -0.12419899999999995 0.03933099999999978 3.834560999999999 25.253051 30.061851000000004 30.070531000000003
236 -7.938929 -4.069199 -3.997329 -0.11084899999999998 0.05307100000000009 4.027611 24.745680999999998 29.662941000000004 29.672001
237 -7.665399000000001 -4.078079000000001 -4.006729 -0.09805900000000012 0.0662609999999999 4.215180999999999 24.225371000000003 29.263781 29.273211000000003
238 -7.387059000000001 -4.084069 -4.013259 -0.08587900000000026 0.07887099999999947 4.394731 23.695151000000003 28.864851 28.874651
239 -7.1040090000000005 -4.087189 -4.016919 -0.0743090000000004 0.09086099999999941 4.563081 23.159781000000002 28.466601000000004 28.476781000000003
240 -6.816519 -4.087449 -4.017739000000001 -0.06338899999999992 0.10222100000000012 4.716260999999999 22.626041 28.069501000000002 28.080051000000005
241 -6.525089 -4.084879000000001 -4.015739 -0.05313900000000071 0.11291099999999954 4.849441000000001 22.103091 27.673991 27.684911
242 -6.230589 -4.079509 -4.010969 -0.043569000000000635 0.12293099999999946 4.957001 21.602581 27.280551000000003 27.291831000000002
243 -5.934309000000001 -4.071409000000001 -4.0034790000000005 -0.03470900000000032 0.1322409999999996 5.032741 21.138491000000002 26.889551000000004 26.901211000000004
244 -5.638199 -4.060609 -3.993339 -0.026549000000000156 0.140841 5.070411 20.726801000000002 26.501471000000002 26.513491000000002
245 -5.344949000000001 -4.047179 -3.9806190000000004 -0.019109000000000265 0.14870099999999997 5.064570999999999 20.384470999999998 26.116731 26.129101
246 -5.058219 -4.031159000000001 -3.965409 -0.012399000000000271 0.15583100000000005 5.011911 20.127991 25.735751 25.748480999999998
247 -4.782789 -4.012559 -3.9478090000000003 -0.0064190000000001746 0.16222099999999973 4.912630999999999 19.971691 25.358961 25.372031
248 -4.524739 -3.9912490000000003 -3.9279390000000003 -0.0011790000000004852 0.16784100000000013 4.771691000000001 19.925950999999998 24.986781 25.000191
249 -4.291729 -3.9666490000000003 -3.9059190000000004 0.0033409999999998163 0.17271099999999961 4.5993010000000005 19.996091 24.619571 24.633321000000002
250 -4.094779000000001 -3.9357290000000003 -3.881889 0.007130999999999332 0.17682099999999945 4.410411 20.181931 24.257761000000002 24.271841000000002
251 -3.962629 -3.877959 -3.855989 0.010190999999999839 0.18016100000000002 4.2230609999999995 20.478291 23.901730999999998 23.916131
252 -3.9105390000000004 -3.8283890000000005 -3.7855790000000002 0.012550999999999313 0.18275099999999966 4.055921 20.876021 23.551871 23.566591000000003
253 -3.8777090000000003 -3.799259 -3.724689 0.01421099999999953 0.18459099999999928 3.9254809999999996 21.363160999999998 23.208571 23.223581000000003
254 -3.8495190000000004 -3.7687890000000004 -3.7117190000000004 0.015190999999999732 0.18568099999999976 3.843591 21.926060999999997 22.872241000000002 22.887490999999997
255 -3.833009 -3.7371790000000003 -3.737169 0.015511000000000053 0.18604099999999946 3.816051 22.535061 22.558631 22.558650999999998
