1 -7.304802 -7.304462 -2.585872 -2.5857719999999995 4.287898 4.288268 6.466888 6.467268000000001 21.158698 21.158978 26.555668 26.555718000000002 28.005848 28.005858 28.313058 28.313078 35.364198 35.364408
2 -7.351422 -7.257692 -2.6176120000000003 -2.552352 4.234058 4.339068 6.4629080000000005 6.471878 21.131528 21.186798 26.481518 26.631448000000002 27.956898000000002 28.053208 28.227808 28.399348 35.362958 35.365778
3 -7.398001999999999 -7.210702 -2.647622 -2.5173119999999995 4.177458 4.386518000000001 6.460158 6.476558000000001 21.105048 21.215228 26.409008 26.708658 27.907028 28.091808 28.150728 28.485958 35.361708 35.367418
4 -7.4443019999999995 -7.163721999999999 -2.6757219999999995 -2.4808019999999997 4.118588 4.430098 6.4595780000000005 6.480398 21.079618 21.243958 26.338308 26.787118 27.856478000000003 28.045468 28.157998000000003 28.572708000000002 35.360608 35.369178
5 -7.490262 -7.116822 -2.7018120000000003 -2.442952 4.057758 4.469388 6.461908 6.482718 21.055468 21.272838 26.269498000000002 26.866638000000002 27.805378 27.962248000000002 28.201588 28.659498 35.359657999999996 35.371058
6 -7.535832 -7.070101999999999 -2.7257619999999996 -2.403842 3.9952680000000003 4.504028 6.467858 6.482888 21.032818000000002 21.301718 26.202628 26.946988 27.753828000000002 27.877118 28.246538 28.746278 35.358858 35.373028
7 -7.580951999999999 -7.023642 -2.7474619999999996 -2.363582 3.9313580000000004 4.533698 6.478038 6.480348 21.011908000000002 21.330508000000002 26.137748000000002 27.027888 27.701988 27.791828000000002 28.291108 28.833018000000003 35.358218 35.375108
8 -7.625571999999999 -6.977531999999999 -2.7667919999999997 -2.3222819999999995 3.8662680000000003 4.558178 6.474538 6.492998 20.992958 21.359088 26.074858000000003 27.108938000000002 27.650098 27.706758 28.334978 28.919678 35.357728 35.377268
9 -7.6696420000000005 -6.931862 -2.783632 -2.280042 3.8001880000000003 4.577358 6.465028 6.5130680000000005 20.976198 21.387388 26.013978 27.189468 27.598658 27.622068000000002 28.378018 29.006218 35.357418 35.379508
10 -7.713121999999999 -6.886741999999999 -2.797852 -2.236962 3.733248 4.591258 6.451418 6.5385279999999995 20.961858 21.415348 25.955048 27.267988000000003 27.537858 27.549008 28.420158 29.092638 35.357268 35.381808
11 -7.755961999999999 -6.842262000000001 -2.809342 -2.1931320000000003 3.665588 4.599998 6.433358 6.569438 20.950128 21.442898 25.898048 27.338968 27.454248 27.506498 28.461368 29.178888 35.357288 35.384178
12 -7.798132 -6.798521999999999 -2.8179819999999998 -2.1486719999999995 3.597308 4.603858 6.410598 6.6057380000000006 20.941218000000003 21.470018 25.842898 27.371338 27.375428 27.497948 28.501588 29.264948 35.357478 35.386587999999996
13 -7.839592000000001 -6.755612 -2.8236419999999995 -2.1036719999999995 3.5284780000000002 4.603198 6.382928 6.647248 20.935278 21.496668 25.789498000000002 27.289228 27.350478000000003 27.550068 28.540808000000002 29.350778000000002 35.357838 35.389048
14 -7.8803019999999995 -6.713652000000001 -2.826212 -2.058242 3.4591480000000003 4.598478 6.350218 6.693678 20.932478 21.522838 25.737758 27.208038000000002 27.303498 27.623328 28.578998000000002 29.436358000000002 35.358378 35.391538
15 -7.9202319999999995 -6.672721999999999 -2.825572 -2.012462 3.389348 4.590178 6.312398 6.744638 20.932918 21.548518 25.687548 27.127888000000002 27.251378000000003 27.700678 28.616128 29.521638 35.359097999999996 35.394048
16 -7.959352 -6.632922 -2.821632 -1.9664520000000003 3.3190980000000003 4.578818 6.269478 6.799728 20.936708 21.573718 25.638708 27.048908 27.197448 27.778648 28.652188000000002 29.606578000000003 35.359988 35.396568
17 -7.997642 -6.594342 -2.814272 -1.9203019999999995 3.248378 4.564938 6.221528 6.858498 20.943898 21.598438 25.591088000000003 26.971238 27.142658 27.856148 28.687158 29.691128000000003 35.361058 35.399088
18 -8.035062 -6.557072000000001 -2.803412 -1.8741120000000002 3.177158 4.549038 6.1686879999999995 6.920478 20.954528 21.622698 25.544518 26.895008 27.087418 27.932658 28.721028 29.775228000000002 35.362298 35.401607999999996
19 -8.071601999999999 -6.5211820000000005 -2.788952 -1.827992 3.1054180000000002 4.531588 6.111148 6.985228 20.968598 21.646508 25.498798 26.820408 27.031928 28.007848000000003 28.753778 29.858798 35.363728 35.404118
20 -8.107222 -6.4867420000000005 -2.7708319999999995 -1.7820219999999996 3.0330880000000002 4.513028 6.049158 7.052318 20.986078000000003 21.669888 25.453738 26.747578 26.976328000000002 28.081508 28.785398 29.941788000000003 35.365328 35.406608
21 -8.141912000000001 -6.453812 -2.7489920000000003 -1.7363219999999995 2.960108 4.493768 5.983048 7.1213180000000005 21.006918000000002 21.692868 25.409128000000003 26.676698000000002 26.920718 28.153428 28.815888 30.024108000000002 35.367108 35.409068
22 -8.175652 -6.422452000000001 -2.7233719999999995 -1.6909919999999996 2.886388 4.474158 5.913178 7.191828 21.031018 21.715458 25.364748000000002 26.607948 26.865208000000003 28.223478 28.845248 30.105648000000002 35.369068 35.411488
23 -8.208421999999999 -6.392682 -2.693942 -1.6461119999999996 2.811828 4.4544880000000004 5.839948 7.263488000000001 21.058278 21.737688000000002 25.320388 26.541508 26.809858000000002 28.291528 28.873468000000003 30.186328 35.371188 35.413878
24 -8.240202 -6.364552000000001 -2.660692 -1.6018020000000002 2.736348 4.4350380000000005 5.763808 7.3359380000000005 21.088568000000002 21.759578 25.275838 26.477548000000002 26.754758000000002 28.357468 28.900548 30.266038 35.373498 35.416218
25 -8.270982 -6.338052 -2.6236119999999996 -1.5581420000000001 2.659828 4.416028 5.685248 7.408848000000001 21.121718 21.781148 25.230918000000003 26.416238 26.699998 28.421208 28.926498000000002 30.344638 35.375958 35.418508
26 -8.300742 -6.3132019999999995 -2.5827219999999995 -1.5152219999999996 2.582158 4.397648 5.604758 7.4818880000000005 21.157558 21.802398 25.185438 26.357748 26.645658 28.482668 28.951318 30.422018 35.378598 35.420738
27 -8.329462 -6.289981999999999 -2.5380519999999995 -1.4731519999999998 2.5032180000000004 4.380058 5.522868000000001 7.554788 21.195908 21.823358000000002 25.139248000000002 26.302188 26.591828 28.541798 28.975008000000003 30.498058 35.381388 35.422897999999996
28 -8.357142 -6.268382 -2.4896519999999995 -1.4320120000000003 2.422898 4.363368 5.440108 7.627238 21.236558000000002 21.844028 25.092218000000003 26.249688000000003 26.538598 28.598538 28.997598 30.572598 35.384338 35.425008
29 -8.383772 -6.248352 -2.4375919999999995 -1.3918919999999995 2.341108 4.347678 5.357048 7.698978 21.279288 21.864408 25.044288 26.200308 26.486078000000003 28.652868 29.019078 30.645508 35.387418 35.427037999999996
30 -8.409322 -6.229871999999999 -2.3819619999999997 -1.3528820000000001 2.2577480000000003 4.333048 5.2741880000000005 7.769748 21.323868 21.884488 24.995408 26.154108 26.434348 28.704748000000002 29.039468 30.716648 35.390648 35.429007999999996
31 -8.433802 -6.212872 -2.322852 -1.3150620000000002 2.172728 4.319538 5.192078 7.839288 21.370068 21.904268000000002 24.945598 26.111098000000002 26.383528000000002 28.754168 29.058788 30.785858 35.393988 35.430898
32 -8.457192 -6.197311999999999 -2.2603919999999995 -1.2785019999999996 2.086008 4.307148 5.1112280000000005 7.907368 21.417628 21.923728 24.894908 26.071238 26.333738 28.801118000000002 29.077048 30.852988 35.397438 35.432708
33 -8.479492 -6.183112 -2.1947219999999996 -1.2432819999999998 1.997568 4.295898 5.032098 7.9737480000000005 21.466318 21.942838000000002 24.843458000000002 26.034468 26.285078000000002 28.845608000000002 29.094258 30.917908 35.400988 35.434447999999996
34 -8.500682000000001 -6.170202000000001 -2.1260019999999997 -1.2094819999999995 1.9073980000000001 4.285768 4.9551680000000005 8.038208000000001 21.515848000000002 21.961578 24.791388 26.000698 26.237688000000002 28.887628 29.110438000000002 30.980458000000002 35.404598 35.436098
35 -8.520762000000001 -6.158532 -2.054412 -1.177162 1.815568 4.276738 4.880838 8.100518000000001 21.565958000000002 21.979898000000002 24.738908000000002 25.969818 26.191698000000002 28.927198 29.125618 31.040498 35.408268 35.437668
36 -8.539722000000001 -6.1480120000000005 -1.980162 -1.146382 1.722158 4.268748 4.809498 8.160498 21.616358 21.997748 24.686248000000003 25.941688000000003 26.147238 28.964338 29.139798000000003 31.097888 35.411968 35.439158
37 -8.557562 -6.138571999999999 -1.9034819999999995 -1.1172019999999998 1.627318 4.261768 4.741458 8.217918000000001 21.666748000000002 22.015078000000003 24.633658 25.916158 26.104448 28.999058 29.153008 31.152488 35.415668 35.440557999999996
38 -8.574282 -6.130142 -1.8246419999999999 -1.0896819999999998 1.531268 4.255718 4.677028 8.272608 21.716828 22.031828 24.581468 25.893098000000002 26.063468 29.031378 29.165258 31.204188000000002 35.419337999999996 35.441878
39 -8.589862 -6.122632 -1.7439619999999998 -1.0638620000000003 1.434278 4.250548 4.616448 8.324378 21.766248 22.047938000000002 24.529988 25.872338000000003 26.024448 29.061328 29.176568 31.252848 35.422958 35.443098
40 -8.604302 -6.115991999999999 -1.6618019999999998 -1.0397920000000003 1.3367080000000002 4.2461780000000005 4.559918 8.373058 21.814678 22.063318000000002 24.479588 25.853728 25.987538 29.088928 29.186968 31.298358 35.426488 35.444248
41 -8.617602000000002 -6.110152 -1.5785919999999996 -1.017512 1.239008 4.242528 4.507598 8.418478 21.861738000000003 22.077888 24.430648 25.837148000000003 25.952878000000002 29.114208 29.196458 31.340628000000002 35.429908 35.445298
42 -8.629752 -6.105042 -1.494872 -0.9970619999999997 1.1417480000000002 4.239528 4.459628 8.460488 21.907008 22.091588 24.383578 25.822448 25.920618 29.137188000000002 29.205068 31.379528 35.433168 35.446258
43 -8.640761999999999 -6.100601999999999 -1.411282 -0.9784619999999995 1.0456180000000002 4.2370980000000005 4.416108 8.498948 21.950088 22.104308 24.338828 25.809508 25.890908 29.157898 29.212798 31.414998 35.436248 35.447128
44 -8.650611999999999 -6.0967720000000005 -1.3286319999999998 -0.9617519999999997 0.9514880000000003 4.235158 4.377078 8.533718 21.990528 22.115978000000002 24.296858 25.798218000000002 25.863888 29.176358 29.219678000000002 31.446948000000003 35.439108 35.447918
45 -8.659312 -6.093521999999999 -1.2479719999999999 -0.9469519999999996 0.860458 4.233638 4.342608 8.564698 22.027838000000003 22.126508 24.258158 25.788488 25.839688000000002 29.192588 29.225718 31.475308000000002 35.441728 35.448608
46 -8.666861999999998 -6.0907919999999995 -1.1706120000000002 -0.9340919999999997 0.7739380000000002 4.232468 4.312728 8.591758 22.061538000000002 22.135828 24.223228000000002 25.780228 25.818438 29.206608 29.230928000000002 31.500008 35.444058 35.449208
47 -8.673241999999998 -6.088551999999999 -1.0982519999999996 -0.9231819999999997 0.6936780000000002 4.231598 4.287438 8.614818 22.091138 22.143858 24.192568 25.773358 25.800238 29.218438000000003 29.235308 31.520998000000002 35.446087999999996 35.449718
48 -8.678472 -6.086761999999999 -1.0330319999999995 -0.9142320000000002 0.6218980000000003 4.230958 4.266748 8.633798 22.116158000000002 22.150518 24.166668 25.767818000000002 25.785208 29.228098 29.238888 31.538228 35.447778 35.450128
49 -8.682542000000002 -6.085401999999999 -0.9775520000000002 -0.9072519999999997 0.561258 4.230508 4.250668 8.648628 22.136158000000002 22.155768000000002 24.145988000000003 25.763558 25.773428000000003 29.235598 29.241658 31.551668 35.449118 35.450458
50 -8.685441999999998 -6.084442 -0.9347820000000002 -0.902272 0.514748 4.230218 4.239188 8.659258000000001 22.150738 22.159548 24.130908 25.760548 25.764958 29.240938 29.243638 31.561298 35.450088 35.450688
51 -8.687192 -6.083872 -0.9076120000000003 -0.8992719999999998 0.48533800000000005 4.230058 4.232298 8.665648000000001 22.159618000000002 22.161838 24.121728 25.758748 25.759858 29.244148000000003 29.244818000000002 31.567078000000002 35.450677999999996 35.450828
52 -8.687771999999999 -6.0836820000000005 -0.898282 -0.898282 0.4752480000000001 4.229998 4.229998 8.667778 22.162598000000003 22.162598000000003 24.118648 25.758158 25.758158 29.245218 29.245218 31.569008 35.450868 35.450868
53 -8.689461999999999 -6.080862000000001 -0.8978919999999997 -0.8978919999999997 0.475438 4.229368 4.229368 8.663528 22.162958 22.162968 24.119108 25.757518 25.757518 29.245978 29.245978 31.571488000000002 35.450958 35.450958
54 -8.694531999999999 -6.072401999999999 -0.8967520000000002 -0.8967520000000002 0.47599800000000014 4.227478 4.227478 8.650777999999999 22.164048 22.164048 24.120488 25.755608000000002 25.755618000000002 29.248258 29.248258 31.578928 35.451208 35.451208
55 -8.702901999999998 -6.058381999999999 -0.8948419999999997 -0.8948419999999997 0.47694800000000015 4.224328 4.224328 8.629598000000001 22.165858 22.165858 24.122788 25.752438 25.752438 29.252038000000002 29.252048000000002 31.591298000000002 35.451617999999996 35.451617999999996
56 -8.714462000000001 -6.038922 -0.8921719999999995 -0.8921719999999995 0.47828800000000005 4.219908 4.219908 8.600088 22.168398 22.168398 24.125998000000003 25.748008000000002 25.748018000000002 29.257328 29.257328 31.608558000000002 35.452208 35.452208
57 -8.729061999999999 -6.014171999999999 -0.8887419999999997 -0.8887419999999997 0.4800080000000002 4.214218 4.214218 8.562348 22.171668 22.171668 24.130108 25.742348 25.742358 29.264078 29.264088 31.630648 35.452948 35.452948
58 -8.746512 -5.984312 -0.8845419999999997 -0.8845419999999997 0.48211800000000027 4.207258 4.207258 8.516568 22.175658000000002 22.175668 24.135088 25.735458 25.735478 29.272278 29.272288 31.657498 35.453858 35.453858
59 -8.766621999999998 -5.949552 -0.8795919999999997 -0.8795919999999997 0.4846280000000003 4.199018000000001 4.199018000000001 8.462928 22.180388 22.180398 24.140938000000002 25.727388 25.727408 29.281878000000003 29.281888000000002 31.689018 35.454918 35.454928
60 -8.789152000000001 -5.910112000000001 -0.8738719999999995 -0.8738719999999995 0.48753800000000025 4.189498 4.189498 8.401658000000001 22.185858 22.185858 24.147618 25.718148 25.718168000000002 29.292858000000003 29.292868000000002 31.725108000000002 35.456148 35.456148
61 -8.813892 -5.866231999999999 -0.8674020000000002 -0.8674020000000002 0.49085800000000024 4.178688 4.178688 8.333018 22.192058 22.192058 24.155118 25.707768 25.707788 29.305168000000002 29.305178 31.765648000000002 35.457518 35.457518
62 -8.840602 -5.818131999999999 -0.8601719999999995 -0.8601719999999995 0.4945980000000003 4.166578 4.166588 8.257268 22.198998 22.199008000000003 24.163408 25.696278 25.696298000000002 29.318758000000003 29.318768000000002 31.810528 35.459038 35.459038
63 -8.869052 -5.766062000000001 -0.852182 -0.852182 0.49875800000000003 4.1531780000000005 4.153188 8.174718 22.206688 22.206688 24.172448 25.683728000000002 25.683748 29.333568 29.333588000000002 31.859588000000002 35.460708 35.460708
64 -8.899011999999999 -5.710261999999999 -0.8434419999999996 -0.8434419999999996 0.5033479999999999 4.138478 4.138488000000001 8.085688000000001 22.215118 22.215118 24.182198 25.670138 25.670168 29.349558000000002 29.349568 31.912698000000002 35.462517999999996 35.462517999999996
65 -8.930281999999998 -5.6509220000000004 -0.833952 -0.833952 0.5083679999999999 4.1224680000000005 4.122478 7.990488 22.224298 22.224298 24.192628000000003 25.655558000000003 25.655588 29.366658 29.366678 31.969708 35.464458 35.464458
66 -8.962651999999999 -5.588271999999999 -0.8237119999999996 -0.8237119999999996 0.5138280000000002 4.105148 4.105158 7.889488 22.234228 22.234228 24.203698 25.640028 25.640058 29.384808 29.384828000000002 32.030448 35.466528 35.466528
67 -8.995932 -5.522502 -0.8127319999999996 -0.8127219999999999 0.5197380000000003 4.086518 4.086518 7.783028 22.244898000000003 22.244908000000002 24.215358000000002 25.623588 25.623618 29.403958 29.403968000000003 32.094758 35.468718 35.468728
68 -9.029952000000002 -5.453791999999999 -0.8010019999999995 -0.8010019999999995 0.5260880000000001 4.066568 4.066578 7.671468 22.256328 22.256338 24.227568 25.606278 25.606318 29.424028 29.424038 32.162468 35.471028 35.471038
69 -9.064542 -5.382331999999999 -0.7885419999999996 -0.788532 0.5328880000000003 4.045318 4.0453280000000005 7.555188 22.268508 22.268508 24.240258 25.588148 25.588188000000002 29.444948 29.444968 32.233388 35.473458 35.473458
70 -9.099561999999999 -5.308252 -0.7753420000000002 -0.7753420000000002 0.5401280000000002 4.0227580000000005 4.022768 7.434538 22.281428000000002 22.281438 24.253398 25.569228000000003 25.569268 29.466658000000002 29.466678 32.307358 35.475988 35.475988
71 -9.134861999999998 -5.231732 -0.7614219999999996 -0.761412 0.5477980000000002 3.998908 3.998918 7.3098980000000005 22.295088 22.295098 24.266918 25.549578 25.549608000000003 29.489088000000002 29.489108 32.384178 35.478607999999994 35.478618
72 -9.170321999999999 -5.152881999999999 -0.746772 -0.746772 0.5559080000000001 3.973758 3.973768 7.181598 22.309498 22.309508 24.280778 25.529218 25.529258000000002 29.512178000000002 29.512198 32.463678 35.481328 35.481338
73 -9.205842 -5.071832 -0.7314119999999997 -0.7314119999999997 0.5644279999999999 3.9473380000000002 3.9473480000000003 7.050028 22.324638 22.324638 24.294898 25.508208 25.508248000000002 29.535848 29.535858 32.545668 35.484128 35.484137999999994
74 -9.241292000000001 -4.9887120000000005 -0.7153520000000002 -0.7153520000000002 0.5733480000000002 3.919668 3.919668 6.915538 22.340488 22.340498 24.309238 25.486588 25.486628 29.560018 29.560038000000002 32.629948 35.487007999999996 35.487018
75 -9.276602 -4.9036219999999995 -0.6985919999999997 -0.6985919999999997 0.5826579999999999 3.8907480000000003 3.8907480000000003 6.778448 22.357068 22.357078 24.323738000000002 25.464388 25.464428 29.584648 29.584668 32.716358 35.489957999999994 35.489968
76 -9.311682000000001 -4.816652 -0.6811419999999995 -0.6811419999999995 0.5923080000000001 3.860608 3.860618 6.639108 22.374348 22.374348 24.338328 25.441658 25.441698000000002 29.609648 29.609668000000003 32.804668 35.492968 35.492978
77 -9.346452 -4.727922 -0.6630219999999998 -0.6630219999999998 0.6022880000000002 3.829288 3.829298 6.497858 22.392308 22.392318 24.352948 25.418438000000002 25.418488 29.634948 29.634968 32.894708 35.496038 35.496038
78 -9.380842000000001 -4.637491999999999 -0.6442420000000002 -0.6442319999999997 0.6125579999999999 3.796818 3.796828 6.354998 22.410948 22.410948 24.367548 25.394768000000003 25.394808 29.660498 29.660518 32.986278 35.499148 35.499157999999994
79 -9.414781999999999 -4.545462 -0.6248119999999995 -0.6248019999999999 0.6230580000000003 3.7632280000000002 3.7632380000000003 6.210848 22.430228 22.430238 24.382068 25.370678 25.370718 29.686218 29.686238 33.079178 35.502297999999996 35.502308
80 -9.448232 -4.451902 -0.6047419999999999 -0.6047419999999999 0.6337380000000001 3.728558 3.728568 6.065688 22.450148000000002 22.450158000000002 24.396448 25.346208 25.346258000000002 29.712058000000003 29.712078 33.173228 35.505478 35.505488
81 -9.481122 -4.356882 -0.5840620000000003 -0.5840620000000003 0.644558 3.6928680000000003 3.6928780000000003 5.919818 22.470678 22.470688000000003 24.410628000000003 25.321408 25.321448 29.737948 29.737968000000002 33.268208 35.508677999999996 35.508688
82 -9.513411999999999 -4.260492 -0.562792 -0.562792 0.6554180000000001 3.6561980000000003 3.6562080000000003 5.773538 22.491788 22.491798 24.424578 25.296298 25.296348000000002 29.763818 29.763838 33.363918 35.511897999999995 35.511908
83 -9.545062000000001 -4.1627719999999995 -0.5409519999999999 -0.5409519999999999 0.666258 3.618608 3.618618 5.627098 22.513448 22.513458 24.438218000000003 25.270928 25.270978 29.789618 29.789638 33.460178 35.515128 35.515128
84 -9.576032000000001 -4.063822 -0.5185619999999997 -0.5185619999999997 0.676968 3.580158 3.580168 5.480788 22.535628000000003 22.535638000000002 24.451528 25.245328 25.245378000000002 29.815288000000002 29.815308 33.556748 35.518347999999996 35.518358
85 -9.606282 -3.963672 -0.49565199999999976 -0.49565199999999976 0.687468 3.540918 3.540928 5.334838 22.558288 22.558298 24.464458 25.219538 25.219588 29.840768 29.840788 33.653458 35.521567999999995 35.521567999999995
86 -9.635791999999999 -3.8624019999999994 -0.47225199999999967 -0.47224200000000005 0.697638 3.5009680000000003 3.500978 5.189528 22.581398 22.581408 24.476958 25.193598 25.193648 29.865998 29.866018 33.750078 35.524767999999995 35.524778
87 -9.664511999999998 -3.7600819999999997 -0.4483919999999997 -0.4483919999999997 0.707328 3.460388 3.460398 5.045148 22.604918 22.604928 24.488998000000002 25.167548 25.167598 29.890938000000002 29.890948 33.846388 35.527947999999995 35.527947999999995
88 -9.692442 -3.6567619999999996 -0.42412199999999967 -0.42411200000000004 0.716418 3.419238 3.419248 4.901898 22.628788 22.628798 24.500548000000002 25.141428 25.141468 29.915518000000002 29.915538 33.942198 35.531088 35.531098
89 -9.719532000000001 -3.5525320000000002 -0.39946199999999976 -0.39946199999999976 0.7247280000000003 3.377648 3.3776580000000003 4.760098 22.652978 22.652988 24.511588 25.115268 25.115318000000002 29.939698 29.939718000000003 34.037278 35.534197999999996 35.534208
90 -9.745781999999998 -3.4474219999999995 -0.3744719999999999 -0.3744719999999999 0.7320980000000001 3.335678 3.335688 4.619968 22.677428000000003 22.677438000000002 24.522088 25.089128000000002 25.089168 29.963428 29.963448 34.131428 35.537257999999994 35.537268
91 -9.771162 -3.3415220000000003 -0.349202 -0.349202 0.738318 3.293448 3.293458 4.481798 22.702088 22.702098 24.532038 25.063028000000003 25.063078 29.986658000000002 29.986678 34.224418 35.540268 35.540278
92 -9.795652 -3.2349119999999996 -0.32370199999999993 -0.32369199999999987 0.743188 3.251068 3.251078 4.345908 22.726888000000002 22.726898000000002 24.541418 25.037038000000003 25.037088 30.009348 30.009358000000002 34.316018 35.543217999999996 35.543228
93 -9.819232 -3.1276520000000003 -0.298022 -0.298022 0.7464680000000001 3.208638 3.208648 4.212548 22.751768000000002 22.751788 24.550228 25.011198 25.011238000000002 30.031448 30.031458 34.406038 35.546108 35.546108
94 -9.841902000000001 -3.0198219999999996 -0.2722319999999998 -0.2722319999999998 0.7478880000000001 3.166288 3.1662980000000003 4.082058 22.776678 22.776688 24.558448000000002 24.985558 24.985598 30.052918000000002 30.052928 34.494237999999996 35.548918 35.548928
95 -9.863631999999999 -2.9115219999999997 -0.24642199999999992 -0.24641199999999985 0.747198 3.124158 3.124168 3.954788 22.801528 22.801538 24.566098 24.960178000000003 24.960218 30.073718 30.073728000000003 34.580398 35.551648 35.551657999999996
96 -9.884422 -2.8028319999999995 -0.22063199999999972 -0.22063199999999972 0.7440880000000001 3.082368 3.082368 3.831048 22.826248 22.826258 24.573178000000002 24.935108 24.935148 30.093808 30.093818000000002 34.664328 35.554297999999996 35.554308
97 -9.904252 -2.6938819999999994 -0.194982 -0.19497199999999992 0.738248 3.041048 3.041058 3.7112380000000003 22.850758000000003 22.850768000000002 24.579698 24.910418 24.910458000000002 30.113148000000002 30.113158000000002 34.745778 35.556858 35.556858
98 -9.923112 -2.584752 -0.1695319999999998 -0.1695319999999998 0.729368 3.0003580000000003 3.000368 3.595708 22.874978000000002 22.874988000000002 24.585668000000002 24.886168 24.886208 30.131708 30.131718 34.824568 35.559318 35.559328
99 -9.941002000000001 -2.475592 -0.14440199999999992 -0.14439199999999985 0.7171280000000002 2.960448 2.960448 3.484868 22.898808000000002 22.898818000000002 24.591108000000002 24.862428 24.862468 30.149458000000003 30.149468000000002 34.900468 35.561678 35.561688
100 -9.957902 -2.3665719999999997 -0.11968200000000007 -0.119672 0.7011980000000002 2.921468 2.921478 3.3791480000000003 22.922168000000003 22.922178000000002 24.596038 24.839298 24.839328000000002 30.166358000000002 30.166368000000002 34.973278 35.563928 35.563938
101 -9.973811999999999 -2.2578319999999996 -0.09548200000000007 -0.09548200000000007 0.681308 2.883588 2.883598 3.2788980000000003 22.944948 22.944958 24.600478000000003 24.816828 24.816858 30.182388 30.182398000000003 35.042808 35.566078 35.566078
102 -9.988722 -2.1496120000000003 -0.07193199999999988 -0.07193199999999988 0.6572080000000002 2.846978 2.846988 3.184538 22.967038000000002 22.967048000000002 24.604458 24.795118000000002 24.795148 30.197508000000003 30.197518000000002 35.108848 35.568098 35.568107999999995
103 -10.002631999999998 -2.0421319999999996 -0.04915199999999986 -0.04915199999999986 0.628708 2.811808 2.811808 3.096398 22.988348000000002 22.988358 24.607988000000002 24.774258 24.774288000000002 30.211708 30.211718 35.171228 35.570007999999994 35.570007999999994
104 -10.015532 -1.9356919999999995 -0.027271999999999963 -0.027261999999999897 0.5957380000000003 2.778248 2.778258 3.014798 23.008748 23.008758 24.611118 24.754348 24.754368 30.224948 30.224958 35.229768 35.571788 35.571788
105 -10.027411999999998 -1.8306620000000002 -0.006421999999999706 -0.006421999999999706 0.5583480000000001 2.746498 2.746498 2.939978 23.028128000000002 23.028138000000002 24.613868 24.735478 24.735508 30.237218000000002 30.237218000000002 35.284288 35.573437999999996 35.573437999999996
106 -10.038272 -1.7274719999999997 0.013247999999999927 0.013257999999999992 0.5167380000000001 2.716718 2.716718 2.8720980000000003 23.046378 23.046388 24.616258000000002 24.717758 24.717788000000002 30.248478000000002 30.248488000000002 35.334648 35.574957999999995 35.574957999999995
107 -10.048112 -1.6267119999999995 0.0316080000000003 0.0316080000000003 0.47133800000000026 2.689098 2.689098 2.811258 23.063358 23.063368 24.618318000000002 24.701308 24.701328 30.258738 30.258738 35.380668 35.576338 35.576347999999996
108 -10.056922 -1.5290619999999997 0.048507999999999996 0.04851800000000006 0.4227780000000001 2.663808 2.663808 2.757448 23.078958 23.078968 24.620078 24.686208 24.686228 30.267958 30.267958 35.422247999999996 35.577588 35.577588
109 -10.064712 -1.4354719999999999 0.06381799999999993 0.06381799999999993 0.3720180000000002 2.641018 2.6410280000000004 2.710598 23.093068000000002 23.093078000000002 24.621568 24.672578 24.672598 30.276128 30.276128 35.459227999999996 35.578697999999996 35.578697999999996
110 -10.071452 -1.347162 0.07739800000000008 0.07739800000000008 0.3203480000000001 2.620898 2.620908 2.670578 23.105568 23.105568 24.622808000000003 24.660518 24.660538000000003 30.283228 30.283238 35.491518 35.579657999999995 35.579657999999995
111 -10.077172000000001 -1.2656719999999995 0.0891280000000001 0.0891280000000001 0.26946800000000026 2.603598 2.603598 2.637198 23.116338000000002 23.116348000000002 24.623818 24.650128000000002 24.650138000000002 30.289268 30.289268 35.519017999999996 35.580478 35.580478
112 -10.081852000000001 -1.1930420000000002 0.09888800000000009 0.09889800000000015 0.221568 2.589238 2.589238 2.610258 23.125308 23.125308 24.624618 24.641498000000002 24.641508 30.294218 30.294218 35.541627999999996 35.581148 35.581157999999995
113 -10.085491999999999 -1.131812 0.10659799999999997 0.10659799999999997 0.17934800000000006 2.577948 2.577948 2.589568 23.132368 23.132378000000003 24.625218 24.634688 24.634698 30.298078 30.298078 35.559287999999995 35.581678 35.581678
114 -10.088092 -1.0848519999999997 0.11215799999999998 0.11215799999999998 0.14584799999999998 2.569808 2.569808 2.574928 23.137468000000002 23.137468000000002 24.625648 24.629788 24.629788 30.300838000000002 30.300838000000002 35.571937999999996 35.582048 35.582048
115 -10.089652000000001 -1.0551319999999995 0.11551800000000023 0.11551800000000023 0.12414799999999993 2.5648980000000003 2.564908 2.566198 23.140548000000003 23.140548000000003 24.625898 24.626828 24.626828 30.302498 30.302498 35.579547999999996 35.582277999999995 35.582277999999995
116 -10.090171999999999 -1.0449320000000002 0.11660800000000027 0.11663800000000002 0.11663800000000002 2.5632580000000003 2.5632580000000003 2.563298 23.141578000000003 23.141578000000003 24.625838 24.625838 24.625978 30.303058 30.303058 35.582088 35.582347999999996 35.582347999999996
117 -10.089652000000001 -1.0550920000000001 0.11414800000000014 0.11416800000000027 0.1268480000000003 2.562438 2.566758 2.566788 23.138778000000002 23.142328000000003 24.624838 24.624928 24.629768000000002 30.302188 30.302818000000002 35.580087999999996 35.581928 35.582097999999995
118 -10.088092 -1.084542 0.10675800000000013 0.10677800000000026 0.1564779999999999 2.559928 2.577208 2.577228 23.130498 23.144578000000003 24.621848 24.621938 24.641308000000002 30.299588 30.302108 35.573598 35.581148 35.581328
119 -10.085501999999998 -1.1306919999999998 0.09459799999999996 0.09461800000000009 0.20288800000000018 2.555768 2.594478 2.594498 23.117018 23.148328 24.616858 24.616958 24.660218 30.295248 30.300918 35.562777999999994 35.579868 35.580048
120 -10.081862000000001 -1.190252 0.07785799999999998 0.07787800000000011 0.26280800000000015 2.549958 2.618358 2.618378 23.098828 23.153578 24.609878000000002 24.609968000000002 24.686038 30.289188 30.299238000000003 35.547647999999995 35.578078 35.578258
121 -10.077202 -1.260142 0.05681800000000026 0.05682800000000032 0.3330980000000001 2.542548 2.648588 2.6486080000000003 23.076488 23.160318 24.600908 24.600998 24.718218 30.281388 30.297058 35.528257999999994 35.575798 35.575967999999996
122 -10.071492 -1.3377619999999997 0.031778000000000084 0.031798000000000215 0.41112800000000016 2.5335680000000003 2.684848 2.6848680000000003 23.050638 23.168558 24.589938 24.590028 24.756138 30.271878 30.294368000000002 35.504618 35.573018 35.573187999999995
123 -10.064741999999999 -1.421132 0.0030879999999999797 0.0031080000000001107 0.4948680000000003 2.5230580000000002 2.726788 2.726808 23.021938000000002 23.178288000000002 24.576988 24.577078 24.799168 30.260648 30.291138 35.476777999999996 35.569767999999996 35.569938
124 -10.056961999999999 -1.508762 -0.028881999999999852 -0.02886199999999972 0.5827780000000002 2.5110780000000004 2.774058 2.7740780000000003 22.991028 23.189498 24.562038 24.562128 24.846698 30.247698 30.287348 35.444778 35.566038 35.566207999999996
125 -10.048151999999998 -1.599532 -0.06377199999999972 -0.0637620000000001 0.6736780000000002 2.497678 2.8262680000000002 2.826288 22.958508000000002 23.202198000000003 24.545108000000003 24.545198000000003 24.898158000000002 30.233048 30.282988 35.408688 35.561858 35.562028
126 -10.038291999999998 -1.6926519999999998 -0.10124200000000005 -0.10123199999999999 0.7666980000000003 2.4829280000000002 2.883088 2.883108 22.924938 23.216378000000002 24.526198 24.526278 24.953048000000003 30.216708 30.278008 35.368548 35.557238 35.557398
127 -10.027401999999999 -1.787522 -0.14093199999999984 -0.14092199999999977 0.8611580000000001 2.466898 2.9441580000000003 2.944178 22.890818 23.232028 24.505298 24.505388 25.010888 30.198678 30.272388 35.324448 35.552198 35.552358
128 -10.015481999999999 -1.8836719999999998 -0.18254199999999976 -0.1825319999999997 0.956528 2.4496580000000003 3.009158 3.0091780000000004 22.856618 23.249148 24.482428000000002 24.482508 25.071288000000003 30.178968 30.266098 35.276448 35.546748 35.546907999999995
129 -10.002521999999999 -1.980772 -0.22577200000000008 -0.22576200000000002 1.0523480000000003 2.431308 3.077788 3.077808 22.822738 23.267728 24.457588 24.457668 25.133888000000002 30.157588 30.259098 35.224618 35.540918 35.541067999999996
130 -9.988522 -2.078552 -0.27034199999999986 -0.2703319999999998 1.1482680000000003 2.411928 3.149768 3.149788 22.789548 23.287768 24.430788 24.430868 25.198368000000002 30.134558000000002 30.251358 35.169058 35.534718 35.534867999999996
131 -9.973492 -2.176792 -0.3160219999999998 -0.31601199999999974 1.2439680000000002 2.391598 3.2248580000000002 3.224878 22.757388000000002 23.309258 24.402028 24.402108000000002 25.264468 30.109878000000002 30.242818 35.109848 35.528178 35.528327999999995
132 -9.957432 -2.275342 -0.3625719999999997 -0.36256200000000005 1.339168 2.3704280000000004 3.302808 3.3028280000000003 22.726548 23.332178000000003 24.371328000000002 24.371398 25.331948 30.083578 30.233458000000002 35.047088 35.521328 35.521468
133 -9.940342000000001 -2.3740619999999995 -0.409802 -0.40979199999999993 1.433618 2.3485180000000003 3.3834280000000003 3.383448 22.697328000000002 23.356538 24.338688 24.338758000000002 25.400598000000002 30.055668 30.223218 34.980868 35.514168 35.514308
134 -9.922211999999998 -2.4728519999999996 -0.45753200000000005 -0.457522 1.5270880000000002 2.325958 3.466508 3.4665280000000003 22.669958 23.382318 24.304128000000002 24.304188 25.470238000000002 30.026148000000003 30.212058000000003 34.911298 35.506747999999995 35.506878
135 -9.903051999999999 -2.5716219999999996 -0.5056020000000001 -0.5056020000000001 1.6193680000000001 2.302848 3.551898 3.551908 22.644688000000002 23.409508000000002 24.267648 24.267718000000002 25.540718000000002 29.995048 30.199938 34.838468 35.499078 35.499207999999996
136 -9.882871999999999 -2.6703019999999995 -0.5538720000000001 -0.5538619999999996 1.7102480000000002 2.2793080000000003 3.639418 3.639428 22.621728 23.438108 24.229288 24.229348 25.611888 29.962388 30.186798 34.762498 35.491187999999994 35.491308
137 -9.861652 -2.7688420000000002 -0.6022119999999997 -0.6022020000000001 1.7995580000000002 2.255438 3.728948 3.728958 22.601288 23.468098 24.189048 24.189108 25.683628000000002 29.928178000000003 30.172598 34.683498 35.483107999999994 35.483228
138 -9.839412 -2.8671819999999997 -0.650512 -0.6505019999999995 1.887088 2.231338 3.820328 3.820348 22.583558 23.499478 24.146958 24.147018000000003 25.755828 29.892428000000002 30.157288 34.601577999999996 35.474858 35.474968
139 -9.816142 -2.965282 -0.698652 -0.6986419999999995 1.972658 2.207128 3.9134580000000003 3.913468 22.568718 23.532228 24.103038 24.103098 25.828378 29.855178000000002 30.140808 34.516868 35.466478 35.466578
140 -9.791851999999999 -3.0631120000000003 -0.746562 -0.7465520000000003 2.056108 2.182898 4.008218 4.008228 22.556938000000002 23.566328000000002 24.057318000000002 24.057368 25.901208 29.816438 30.123098000000002 34.429468 35.457978 35.458078
141 -9.766542000000001 -3.160642 -0.7941419999999999 -0.7941419999999999 2.137258 2.158758 4.104488 4.104498 22.548368 23.601778 24.009828000000002 24.009878 25.974238 29.776228 30.104128 34.339518 35.449398 35.449488
142 -9.740202 -3.2578519999999997 -0.8413319999999995 -0.8413319999999995 2.134818 2.215958 4.2021880000000005 4.202198 22.543168 23.638568 23.960598 23.960648000000003 26.047398 29.734558 30.083828 34.247118 35.440758 35.440848
143 -9.712841999999998 -3.3547019999999996 -0.8880619999999997 -0.8880619999999997 2.111178 2.292038 4.301208 4.301218 22.541478 23.676678000000003 23.909658 23.909708000000002 26.120628 29.691478 30.062138 34.152428 35.432088 35.432168
144 -9.684472 -3.4512020000000003 -0.9342819999999996 -0.934272 2.0879380000000003 2.365368 4.401458 4.401468 22.543408 23.716088000000003 23.857068 23.857108 26.193868000000002 29.646988 30.039018000000002 34.055538 35.423408 35.423488
145 -9.655082 -3.5473220000000003 -0.9799220000000002 -0.9799119999999997 2.065198 2.435788 4.502838000000001 4.502848 22.549108 23.756798 23.802848 23.802898000000003 26.267078 29.601118 30.014398 33.956587999999996 35.414758 35.414828
146 -9.624682 -3.643032 -1.0249319999999997 -1.0249319999999997 2.043048 2.503158 4.605268000000001 4.605278 22.558668 23.747068000000002 23.747108 23.798778000000002 26.340208 29.553898 29.988228 33.855728 35.406148 35.406218
147 -9.593262 -3.738352 -1.069292 -1.0692820000000003 2.0215880000000004 2.567378 4.708658 4.708658 22.572188 23.689758 23.689808 23.842018 26.413238 29.505348 29.960438 33.753057999999996 35.397598 35.397667999999996
148 -9.560842000000001 -3.8332420000000003 -1.1129319999999998 -1.1129319999999998 2.0008980000000003 2.628298 4.812908 4.812908 22.589758 23.630998 23.631048 23.886508000000003 26.486118 29.455488000000003 29.930968 33.648738 35.389148 35.389207999999996
149 -9.527411999999998 -3.9277119999999996 -1.1558419999999998 -1.1558320000000002 1.981068 2.685828 4.917928 4.917938 22.611468000000002 23.570838000000002 23.570888 23.932228000000002 26.558828000000002 29.404358000000002 29.899778 33.542888 35.380808 35.380868
150 -9.492992000000001 -4.021742 -1.197972 -1.1979619999999995 1.962188 2.739858 5.023638 5.023638 22.637368000000002 23.509348 23.509398 23.979148000000002 26.631348000000003 29.351978000000003 29.866778 33.435648 35.372608 35.372668
151 -9.457562 -4.115342 -1.2393019999999995 -1.2392919999999998 1.9443180000000002 2.790328 5.129928 5.129928 22.667528 23.446588000000002 23.446638 24.027268 26.703668 29.298368 29.831918 33.327148 35.364558 35.364618
152 -9.421132 -4.208482 -1.2797919999999996 -1.2797919999999996 1.927558 2.8371380000000004 5.236708 5.236708 22.701978 23.382648 23.382698 24.076568 26.775758 29.243568 29.795128000000002 33.217538 35.356678 35.356738
153 -9.383712 -4.301162 -1.319432 -1.319432 1.9119680000000001 2.8802380000000003 5.343858 5.343858 22.740748 23.317608 23.317668 24.127018 26.847608 29.187608 29.756348000000003 33.106968 35.348988 35.349047999999996
154 -9.345302 -4.393382 -1.3582019999999995 -1.3581919999999998 1.8976080000000002 2.919578 5.451298 5.451298 22.783858000000002 23.251558 23.251608 24.178608 26.919218 29.130498 29.715498 32.995558 35.341508 35.341568
155 -9.305912 -4.485122 -1.3960619999999997 -1.396052 1.8845480000000001 2.955118 5.558888 5.558888 22.831318 23.184588 23.184648 24.231308000000002 26.990578 29.072288 29.672528 32.883468 35.334238 35.334298
156 -9.265542 -4.576391999999999 -1.433002 -1.433002 1.872838 2.986848 5.666538 5.666538 22.883108 23.116798 23.116858 24.285118 27.061698 29.012998 29.627338 32.770838 35.327208 35.327268
157 -9.224181999999999 -4.667172 -1.4690120000000002 -1.4690019999999997 1.862548 3.014758 5.774098 5.774108 22.939208 23.048298000000003 23.048358 24.339998 27.132568000000003 28.952668000000003 29.579868 32.657828 35.320408 35.320488
158 -9.181861999999999 -4.757471999999999 -1.5040620000000002 -1.5040620000000002 1.8537180000000002 3.0388580000000003 5.881468 5.881468 22.979188 22.979258 22.999588 24.395928 27.203188 28.891318000000002 29.530038 32.544568 35.313868 35.313947999999996
159 -9.138562 -4.847271999999999 -1.5381520000000002 -1.5381520000000002 1.8463980000000002 3.059168 5.988488 5.988498 22.909608000000002 22.909668 23.064198 24.452898 27.273578 28.828988000000003 29.477778 32.431218 35.307598 35.307677999999996
160 -9.094301999999999 -4.9365619999999995 -1.571262 -1.5712520000000003 1.840618 3.0757280000000002 6.095028 6.095038000000001 22.839668 22.839738 23.132968 24.510878 27.343728000000002 28.765698 29.423018000000003 32.317948 35.301578 35.301668
161 -9.049081999999999 -5.025362 -1.6033720000000002 -1.6033720000000002 1.8364280000000002 3.088588 6.200938000000001 6.200948 22.769498000000002 22.769568 23.205838 24.569858 27.413678 28.701498 29.365658 32.204878 35.295837999999996 35.295938
162 -9.002911999999998 -5.113632 -1.6344820000000002 -1.6344719999999997 1.8338580000000002 3.097808 6.306058 6.306068 22.699258 22.699328 23.282718000000003 24.629788 27.483408 28.636398 29.305648 32.092178 35.290378 35.290478
163 -8.955791999999999 -5.201402000000001 -1.6645719999999997 -1.6645719999999997 1.8329280000000001 3.1034680000000003 6.410228 6.410238 22.629068 22.629138 23.363508 24.690668000000002 27.552958 28.570448000000003 29.242898 31.979988000000002 35.285188 35.285298
164 -8.907722 -5.288632000000001 -1.693632 -1.693632 1.833658 3.105658 6.513268 6.513278 22.559088000000003 22.559168 23.448118 24.752458 27.622318 28.503688 29.177338000000002 31.868478 35.280288 35.280398
165 -8.858722 -5.375331999999999 -1.7216719999999999 -1.7216620000000002 1.8360880000000002 3.1044780000000003 6.615018 6.615028000000001 22.489478000000002 22.489558000000002 23.536418 24.815148 27.691538 28.436128 29.108898 31.757758000000003 35.275658 35.275778
166 -8.808782 -5.461502 -1.7486519999999999 -1.7486519999999999 1.840208 3.100048 6.715268 6.715288 22.420408000000002 22.420478 23.628298 24.878708 27.760628 28.367808 29.037508000000003 31.647978000000002 35.271298 35.271428
167 -8.757922 -5.547111999999999 -1.7745920000000002 -1.7745819999999997 1.846038 3.092468 6.8138380000000005 6.813858 22.352048 22.352118 23.723598000000003 24.943108000000002 27.829588 28.298778000000002 28.963138 31.539288000000003 35.267218 35.267348
168 -8.706132 -5.632181999999999 -1.7994620000000001 -1.7994620000000001 1.853588 3.081878 6.910538000000001 6.910558 22.284558 22.284628 23.822218 25.008328000000002 27.898468 28.229058000000002 28.885718 31.431788 35.263398 35.263538
169 -8.653431999999999 -5.716682 -1.8232720000000002 -1.8232720000000002 1.862848 3.068428 7.005128 7.005158 22.218138 22.218218 23.923978 25.074338 27.967268 28.158698 28.805228 31.325608000000003 35.259838 35.259988
170 -8.599832 -5.800631999999999 -1.846012 -1.846012 1.8738180000000002 3.052248 7.097438 7.097458 22.152968 22.153048000000002 24.028748 25.141118000000002 28.036038 28.087708 28.721628000000003 31.220828 35.256538 35.256688
171 -8.545321999999999 -5.883992 -1.8676719999999998 -1.8676719999999998 1.8864880000000002 3.0334980000000002 7.187208 7.187238000000001 22.089248 22.089318000000002 24.136348 25.208628 28.016138 28.104788000000003 28.634928000000002 31.117558000000002 35.253488 35.253648
172 -8.489922 -5.966781999999999 -1.8882519999999996 -1.888242 1.900848 3.012328 7.274248 7.274278000000001 22.027158 22.027228 24.246648 25.276848 27.944018 28.173548 28.545118000000002 31.015848000000002 35.250668 35.250838
173 -8.433632 -6.048982 -1.9077419999999998 -1.9077320000000002 1.916878 2.9888980000000003 7.358318000000001 7.358348 21.966908 21.966978 24.359458 25.345748 27.871388 28.242348 28.452218000000002 30.915768 35.248088 35.248258
174 -8.376462 -6.130572 -1.9261419999999996 -1.926132 1.9345580000000002 2.963378 7.439178 7.439208000000001 21.908698 21.908768000000002 24.474608 25.415308 27.798278 28.311208 28.356278 30.817368000000002 35.245728 35.245898
175 -8.318421999999998 -6.211571999999999 -1.9434420000000001 -1.9434319999999996 1.953858 2.935918 7.516628 7.5166580000000005 21.852728000000003 21.852788 24.591948000000002 25.485488 27.724728000000002 28.257348 28.380178 30.720648 35.243567999999996 35.243748
176 -8.259512 -6.291962000000001 -1.9596419999999997 -1.959632 1.974738 2.906708 7.590408 7.590438 21.799188 21.799258000000002 24.711288 25.556258 27.650778000000003 28.155508 28.449278 30.625648 35.241618 35.241797999999996
177 -8.199742 -6.371721999999999 -1.974742 -1.9747319999999995 1.997168 2.8758980000000003 7.660308 7.660348 21.748288000000002 21.748348 24.832468000000002 25.627598000000003 27.576448000000003 28.050828000000003 28.518548000000003 30.532338 35.239858 35.240048
178 -8.139132 -6.450852 -1.9887319999999997 -1.988722 2.021108 2.843658 7.726098 7.726138 21.700228000000003 21.700288 24.955298000000003 25.699478000000003 27.501788 27.943438 28.588008000000002 30.440708 35.238278 35.238468
179 -8.077672 -6.529362 -2.0016119999999997 -2.0016119999999997 2.046498 2.8101580000000004 7.787558 7.787598 21.655188000000003 21.655248 25.079628 25.771858 27.426818 27.833428 28.657708 30.350718 35.236868 35.237058
180 -8.015372 -6.607212 -2.013382 -2.013382 2.073308 2.7755680000000003 7.844488 7.844528 21.613358 21.613408 25.205248 25.844718 27.351588 27.720948 28.727678 30.262328 35.235618 35.235808
181 -7.952262 -6.684411999999999 -2.0240419999999997 -2.024032 2.1014480000000004 2.740038 7.896668 7.896718 21.574918 21.574968000000002 25.332008000000002 25.918008 27.276128 27.606138 28.797968 30.175488 35.234518 35.234718
182 -7.888322 -6.7609520000000005 -2.033582 -2.0335719999999995 2.130888 2.703728 7.9439280000000005 7.943968 21.540028 21.540078 25.459718000000002 25.991728000000002 27.200468 27.489148 28.868608000000002 30.090128 35.233558 35.233758
183 -7.8235719999999995 -6.836811999999999 -2.042002 -2.0419919999999996 2.161538 2.666808 7.986068 7.986118 21.508858 21.508898000000002 25.588208 26.065818 27.124658 27.370138 28.939638000000002 30.006188 35.232728 35.232938
184 -7.7580219999999995 -6.912002 -2.049302 -2.0492919999999994 2.193328 2.629408 8.022948 8.022988 21.481528 21.481568 25.717308000000003 26.140258 27.048708 27.249258 29.011118 29.923598000000002 35.232037999999996 35.232248
185 -7.691681999999999 -6.986502000000001 -2.0554819999999996 -2.0554819999999996 2.226178 2.591698 8.054397999999999 8.054448 21.458178 21.458218000000002 25.846818000000003 26.215008 26.972678000000002 27.126708 29.083088 29.842278 35.231457999999996 35.231668
186 -7.624552 -7.060301999999999 -2.060542 -2.0605320000000003 2.260008 2.553808 8.080318 8.080368 21.438918 21.438948 25.976598000000003 26.290058000000002 26.896598 27.002618000000002 29.155598 29.762158 35.230987999999996 35.231208
187 -7.556641999999999 -7.133401999999999 -2.0644720000000003 -2.0644720000000003 2.294728 2.5158880000000003 8.100588 8.100638 21.423838 21.423868000000002 26.106448 26.365348 26.820488 26.877198 29.228708 29.683158000000002 35.230638 35.230848
188 -7.487972 -7.2057720000000005 -2.0672819999999996 -2.0672819999999996 2.330238 2.478058 8.115128 8.115178 21.413018 21.413048 26.236188000000002 26.440848000000003 26.744398 26.750628000000003 29.302458 29.605208 35.230388 35.230598
189 -7.418532 -7.277432 -2.0689719999999996 -2.0689719999999996 2.366438 2.440458 8.123878000000001 8.123928 21.406508000000002 21.406528 26.365658 26.516548 26.623048 26.668348 29.376918 29.528228000000002 35.230238 35.230448
190 -7.348522 -7.348192 -2.0695319999999997 -2.0695319999999997 2.4030180000000003 2.403408 8.126798 8.126847999999999 21.404328 21.404348000000002 26.494658 26.494678 26.592378 26.592408000000002 29.452138 29.452168 35.230188 35.230398
191 -7.3484419999999995 -7.3481119999999995 -2.0706420000000003 -2.070632 2.405698 2.406098 8.124708 8.124758 21.403738 21.403758 26.495658000000002 26.495678 26.593278 26.593308 29.450958 29.450998000000002 35.230448 35.230658
192 -7.348211999999999 -7.347892000000001 -2.0739419999999997 -2.073932 2.4137380000000004 2.414128 8.118458 8.118508 21.401968 21.401988 26.498548 26.498568000000002 26.596088 26.596118 29.447438000000002 29.447478 35.231228 35.231448
193 -7.3478319999999995 -7.347511999999999 -2.079402 -2.0793919999999995 2.427078 2.427468 8.108058 8.108108000000001 21.399038 21.399058 26.502998 26.503018 26.601098 26.601128000000003 29.441578 29.441618000000002 35.232528 35.232748
194 -7.347312 -7.346982 -2.086952 -2.0869419999999996 2.4456480000000003 2.4460480000000002 8.093528 8.093578 21.394988 21.395018 26.508478 26.508488 26.608778 26.608808 29.433398 29.433438000000002 35.234338 35.234548
195 -7.346642 -7.346312 -2.096502 -2.096502 2.469348 2.469748 8.074918 8.074978 21.389888000000003 21.389918 26.514338000000002 26.514348000000002 26.619698 26.619738 29.422918 29.422958 35.236627999999996 35.236838
196 -7.345821999999999 -7.345502000000001 -2.1079619999999997 -2.107952 2.4980480000000003 2.498438 8.052278000000001 8.052337999999999 21.383798000000002 21.383828 26.519988 26.519998 26.634358000000002 26.634388 29.410168000000002 29.410208 35.239378 35.239588
197 -7.344881999999999 -7.344551999999999 -2.1211919999999997 -2.121182 2.531588 2.531988 8.025668 8.025718000000001 21.376788 21.376818 26.525008 26.525018 26.653048000000002 26.653078 29.395188 29.395218 35.242578 35.242788
198 -7.343801999999999 -7.343471999999999 -2.1360419999999998 -2.136032 2.569808 2.570198 7.995148 7.995208 21.368948 21.368998 26.529248000000003 26.529268000000002 26.675788 26.675818 29.377998 29.378028 35.246198 35.246398
199 -7.342612 -7.342282 -2.1523719999999997 -2.152362 2.612488 2.612888 7.960828 7.960888 21.360388 21.360438000000002 26.532738000000002 26.532748 26.702408000000002 26.702438 29.358658000000002 29.358688 35.250198 35.250398
200 -7.341302 -7.340972 -2.1700219999999995 -2.170002 2.6594480000000003 2.6598580000000003 7.922788 7.922858 21.351208 21.351258 26.535578 26.535598 26.732638 26.732668 29.337218 29.337238 35.254538 35.254737999999996
201 -7.339882 -7.339552 -2.188802 -2.188772 2.710448 2.710858 7.881138 7.8812180000000005 21.341498 21.341568000000002 26.537918 26.537938 26.766168 26.766188 29.313718 29.313748 35.259198 35.259398
202 -7.338372000000001 -7.338042000000001 -2.2085419999999996 -2.208512 2.765258 2.7656680000000002 7.836018 7.836108 21.331378 21.331448 26.539878 26.539888 26.802698 26.802728000000002 29.288228 29.288248 35.264128 35.264328
203 -7.336782 -7.336452 -2.2290719999999995 -2.2290419999999997 2.823618 2.824028 7.787548 7.787658 21.320948 21.321028000000002 26.541538000000003 26.541558000000002 26.841968 26.841988 29.260798 29.260818 35.269298 35.269488
204 -7.335112 -7.334782 -2.2502120000000003 -2.250172 2.885288 2.885688 7.735898 7.7360180000000005 21.310308000000003 21.310408000000002 26.542978 26.542998 26.883708000000002 26.883738 29.231498000000002 29.231518 35.274658 35.274848
205 -7.333381999999999 -7.3330519999999995 -2.271782 -2.2717419999999997 2.949978 2.9503880000000002 7.6812380000000005 7.681368 21.299568 21.299678 26.544238 26.544268000000002 26.927708000000003 26.927728000000002 29.200388 29.200408 35.280158 35.280358
206 -7.331601999999999 -7.331271999999999 -2.2936119999999995 -2.293572 3.017418 3.017828 7.6237580000000005 7.6238980000000005 21.288818000000003 21.288938 26.545378 26.545398000000002 26.973718 26.973738 29.167538 29.167558 35.285778 35.285968
207 -7.329782000000001 -7.329452000000001 -2.3155419999999998 -2.3155019999999995 3.0873280000000003 3.087738 7.563658 7.563808 21.278148 21.278278 26.546408 26.546428000000002 27.021548 27.021568000000002 29.133028 29.133048000000002 35.291448 35.291638
208 -7.327941999999999 -7.327611999999999 -2.3374119999999996 -2.3373619999999997 3.1593880000000003 3.1597880000000003 7.501168 7.5013380000000005 21.267638 21.267778 26.547348 26.547378000000002 27.070978 27.071008000000003 29.096918000000002 29.096938 35.297148 35.297337999999996
209 -7.326082 -7.3257520000000005 -2.3590720000000003 -2.3590219999999995 3.233288 3.233698 7.436548 7.4367280000000004 21.257358 21.257518 26.548218000000002 26.548248 27.121848 27.121868000000003 29.059278000000003 29.059298000000002 35.302828 35.303018
210 -7.324231999999999 -7.3239019999999995 -2.3803719999999995 -2.380312 3.308688 3.309098 7.3700779999999995 7.370278000000001 21.247388 21.247558 26.549018 26.549058000000002 27.173958000000002 27.173978 29.020198 29.020218 35.308448 35.308638
211 -7.322392 -7.322062 -2.401172 -2.401102 3.385238 3.385638 7.302068 7.302278 21.237788000000002 21.237958000000003 26.549778 26.549808000000002 27.227128 27.227158 28.979748 28.979768 35.313968 35.314158
212 -7.320581999999999 -7.320251999999999 -2.421342 -2.421272 3.462538 3.462948 7.232858 7.233088 21.228598 21.228778000000002 26.550478000000002 26.550518 27.281208 27.281228000000002 28.937998 28.938018 35.319348 35.319538
213 -7.318822 -7.318482 -2.4407620000000003 -2.4406920000000003 3.540188 3.540588 7.162848 7.163088 21.219868 21.220068 26.551138 26.551168 27.336018 27.336038000000002 28.895058000000002 28.895078 35.324557999999996 35.324748
214 -7.317101999999999 -7.316771999999999 -2.4593220000000002 -2.459252 3.617718 3.618118 7.092458000000001 7.092718 21.211638 21.211848 26.551748 26.551788000000002 27.391408000000002 27.391428 28.850988 28.851008 35.329558 35.329758
215 -7.315461999999999 -7.315122 -2.476922 -2.4768419999999995 3.694618 3.695018 7.022188 7.022458 21.203938 21.204158 26.552308 26.552358 27.447208 27.447228000000003 28.805908000000002 28.805928 35.334317999999996 35.334518
216 -7.313892 -7.3135520000000005 -2.493462 -2.4933819999999995 3.770328 3.770728 6.952578 6.9528680000000005 21.196808 21.197038000000003 26.552838 26.552878 27.503258000000002 27.503278 28.759908 28.759928000000002 35.338808 35.339008
217 -7.312422000000001 -7.312081999999999 -2.5088419999999996 -2.508762 3.844208 3.844608 6.884278 6.884568 21.190248 21.190488000000002 26.553318 26.553368000000003 27.559378000000002 27.559398 28.713118 28.713138 35.342998 35.343208
218 -7.311051999999999 -7.310712 -2.523002 -2.5229220000000003 3.9155480000000003 3.915948 6.8179680000000005 6.818278 21.184288000000002 21.184538 26.553758000000002 26.553808 27.615388 27.615408000000002 28.665678 28.665698000000003 35.346878 35.347077999999996
219 -7.309792000000001 -7.309451999999999 -2.535862 -2.535782 3.983548 3.9839480000000003 6.754458 6.754788 21.178938000000002 21.179188 26.554148 26.554198 27.671058000000002 27.671068 28.617778 28.617808 35.350398 35.350608
220 -7.308661999999999 -7.3083219999999995 -2.5473619999999997 -2.5472719999999995 4.047298 4.047688 6.694668 6.694998 21.174208 21.174468 26.554498000000002 26.554548 27.726088 27.726108 28.569678 28.569698000000002 35.353558 35.353768
221 -7.307662 -7.307322 -2.5574319999999995 -2.5573420000000002 4.105818 4.1062080000000005 6.639558 6.639908 21.170098 21.170358 26.554808 26.554858 27.780118 27.780138 28.521718 28.521738000000003 35.356328 35.356538
222 -7.306802 -7.306462000000001 -2.566032 -2.5659419999999997 4.158038 4.158428 6.590228 6.590578000000001 21.166618 21.166888 26.555068000000002 26.555118 27.832568000000002 27.832578 28.474438 28.474458000000002 35.358708 35.358918
223 -7.3060920000000005 -7.305751999999999 -2.573132 -2.573042 4.202858 4.203238 6.547768 6.548128 21.163768 21.164038 26.555278 26.555338000000003 27.882548 27.882558 28.428718 28.428738000000003 35.360668 35.360878
224 -7.305532 -7.305191999999999 -2.5786819999999997 -2.5785919999999996 4.239148 4.239528 6.513298000000001 6.513668 21.161548 21.161828 26.555448000000002 26.555498 27.928498 27.928518 28.386088 28.386118 35.362208 35.362418
225 -7.305122 -7.304782 -2.5826719999999996 -2.582572 4.265928000000001 4.266298 6.487818000000001 6.488198000000001 21.159968000000003 21.160248 26.555568 26.555618000000003 27.967698000000002 27.967708000000002 28.349278 28.349308 35.363307999999996 35.363518
226 -7.304882 -7.3045420000000005 -2.5850720000000003 -2.5849719999999996 4.282358 4.2827280000000005 6.472168 6.472548 21.159018 21.159298 26.555638000000002 26.555698 27.995488 27.995508 28.322928 28.322958 35.363968 35.364188
227 -7.304802 -7.304462 -2.585872 -2.5857719999999995 4.287898 4.288268 6.466888 6.467268000000001 21.158698 21.158978 26.555668 26.555718000000002 28.005848 28.005858 28.313058 28.313078 35.364198 35.364408
228 -7.3342920000000005 -7.274992 -2.606572 -2.5636919999999996 4.248678 4.321458 6.4682580000000005 6.470738000000001 21.141228 21.176948 26.508478 26.603588000000002 27.971628000000003 28.030598 28.261388 28.373548 35.363368 35.365088
229 -7.362882 -7.246462 -2.626742 -2.5393619999999997 4.198688 4.353728 6.475708 6.477538 21.124028000000003 21.195518 26.463488 26.650728 27.930558 28.045038 28.217718 28.441678 35.362378 35.365678
230 -7.390412 -7.219062 -2.646312 -2.512932 4.138978 4.384888 6.482058 6.494198 21.107248000000002 21.214298 26.420948000000003 26.697128 27.882528 28.052458 28.182198 28.513998 35.361358 35.366037999999996
231 -7.416872000000001 -7.192811999999999 -2.6652519999999997 -2.4844619999999997 4.070618 4.414848 6.489688 6.5174780000000005 21.090898 21.233078000000003 26.381028 26.742808 27.828458 28.055108 28.153888000000002 28.588128 35.360318 35.366178
232 -7.442272 -7.167722 -2.6835620000000002 -2.4540619999999995 3.994828 4.443548 6.498558 6.546448 21.074978 21.251678000000002 26.343888 26.787798000000002 27.769848 28.054348 28.131278000000002 28.662578 35.359258 35.366098
233 -7.466601999999999 -7.143812 -2.701212 -2.421832 3.912818 4.470938 6.508598 6.580138 21.059498 21.269898 26.309678 26.832118 27.708148 28.051008 28.112948 28.736368000000002 35.358188 35.365818
234 -7.489852 -7.121061999999999 -2.7181819999999997 -2.3879219999999997 3.825818 4.496978 6.519718 6.617608000000001 21.044488 21.287598000000003 26.278548 26.875788 27.644488000000003 28.045578000000003 28.097748 28.808888 35.357127999999996 35.365348
235 -7.5120320000000005 -7.099512 -2.7344619999999997 -2.352482 3.734988 4.521618 6.531808 6.657968 21.029958 21.304628 26.250638000000002 26.918808000000002 27.579718 28.038368000000002 28.084888 28.879678000000002 35.356068 35.364698
236 -7.533142000000001 -7.079121999999999 -2.750032 -2.315682 3.641398 4.544868 6.544748 6.7004079999999995 21.015918000000003 21.320868 26.226048000000002 26.961198 27.514418000000003 28.029608 28.073768 28.948398 35.355028 35.363887999999996
237 -7.553171999999999 -7.059912 -2.764882 -2.277712 3.546058 4.566698000000001 6.558408 6.744178 21.002398 21.336218000000002 26.204878 27.002968000000003 27.448988 28.019428 28.064038 29.014798000000003 35.354008 35.362928
238 -7.572132000000001 -7.041861999999999 -2.7789919999999997 -2.2388120000000002 3.449938 4.587118 6.572648 6.788628 20.989408 21.350598 26.187208000000002 27.044118 27.383758 28.007918 28.055428000000003 29.078638 35.353008 35.361838
239 -7.590001999999999 -7.024971999999999 -2.792352 -2.199212 3.353888 4.606128 6.5872980000000005 6.833158 20.976978000000003 21.363948 26.173108000000003 27.084648 27.318938 27.995158 28.047738000000003 29.139748 35.352038 35.360658
240 -7.606801999999999 -7.009222 -2.804952 -2.159192 3.258748 4.6237580000000005 6.602208 6.877238 20.965128 21.376238 26.162608000000002 27.124568 27.254718 27.981218000000002 28.040818 29.197938 35.351107999999996 35.359378
241 -7.6225119999999995 -6.994592 -2.816782 -2.1190420000000003 3.1652880000000003 4.640018 6.617198 6.920408 20.953888000000003 21.387458000000002 26.155748000000003 27.163868 27.191268 27.966118 28.034598000000003 29.253078000000002 35.350218 35.358048
242 -7.6371519999999995 -6.981082 -2.8278419999999995 -2.0790819999999997 3.074248 4.654948 6.632108000000001 6.962238 20.943278 21.397588000000002 26.152498 27.128728000000002 27.202538 27.949918 28.028988000000002 29.305008 35.349368 35.356668
243 -7.650702 -6.968661999999999 -2.8381119999999997 -2.039662 2.986348 4.668578 6.646758 7.002348 20.933318 21.406668 26.152868 27.067228 27.240588000000002 27.932628 28.023918000000002 29.353618 35.348568 35.355278
244 -7.663172 -6.957311999999999 -2.847582 -2.001162 2.902278 4.680928 6.660968 7.040418000000001 20.924048000000003 21.414708 26.156788000000002 27.006888 27.277988 27.914288000000003 28.019368 29.398788 35.347818 35.353888
245 -7.674551999999999 -6.947031999999999 -2.8562519999999996 -1.9639819999999997 2.822708 4.692048 6.674598 7.076138 20.915488 21.421768 26.164208000000002 26.947858 27.314728000000002 27.894918 28.015298 29.440408 35.347128 35.352538
246 -7.684862 -6.937791999999999 -2.864122 -1.9285319999999997 2.748278 4.701988 6.6874579999999995 7.109228 20.907658 21.427888 26.175028 26.890278000000002 27.350798 27.874548 28.011668 29.478368 35.346498 35.351228
247 -7.694082000000001 -6.929571999999999 -2.8711719999999996 -1.895232 2.679628 4.710768 6.699408 7.139468 20.900578 21.433138 26.189128 26.834298 27.386168 27.853208000000002 28.008468 29.512588 35.345918 35.349998
248 -7.702212 -6.922362000000001 -2.877402 -1.864522 2.6173480000000002 4.718408 6.710318 7.166638000000001 20.894278 21.437568000000002 26.206338000000002 26.780118 27.420818 27.830928 28.005678 29.542978 35.345408 35.348858
249 -7.709262 -6.916151999999999 -2.882802 -1.8368320000000002 2.562028 4.724978 6.720048 7.190548 20.888768000000002 21.441258 26.226428000000002 26.727958 27.454718 27.807748 28.003278 29.569478 35.344958 35.347828
250 -7.715231999999999 -6.910912000000001 -2.887392 -1.8125720000000003 2.5141980000000004 4.730478 6.7284679999999994 7.211048 20.884078000000002 21.444248 26.249088 26.678178000000003 27.487798 27.783748000000003 28.001258 29.592008 35.344578 35.346938
251 -7.720111999999999 -6.906642000000001 -2.8911420000000003 -1.7921319999999996 2.4743380000000004 4.734938 6.735518 7.2279979999999995 20.880218 21.446618 26.273808000000002 26.631268000000002 27.519958000000003 27.758988000000002 27.999628 29.610518000000003 35.344268 35.346178
252 -7.7239119999999994 -6.903341999999999 -2.894062 -1.775842 2.442868 4.7383880000000005 6.741078 7.2412980000000005 20.877208 21.448408 26.299668 26.588148 27.551038000000002 27.733678 27.998358 29.624958 35.344018 35.345577999999996
253 -7.726622 -6.900982 -2.896152 -1.763992 2.420128 4.740848 6.7450980000000005 7.250858 20.875038 21.449648 26.324828 26.550658000000002 27.580518 27.708318000000002 27.997458 29.635308000000002 35.343848 35.345138
254 -7.728252 -6.899572 -2.897412 -1.756792 2.406388 4.742308 6.747528 7.256618 20.873738 21.450378 26.345308 26.522788000000002 27.606608 27.684698 27.996918 29.641518 35.343738 35.344868
255 -7.728791999999999 -6.899102 -2.8978219999999997 -1.7543819999999997 2.401788 4.742788 6.748348 7.258548 20.873308 21.450628000000002 26.353798 26.511828 27.620158 27.671968 27.996748 29.643598 35.343708 35.344778
