1 -67.208 -33.13 -33.13 -33.13 -7.872 0.731 0.731 0.731 3.952 3.952 14.359
2 -67.207 -33.131 -33.13 -33.13 -7.868 0.731 0.731 0.733 3.946 3.955 14.366
3 -67.207 -33.133 -33.131 -33.131 -7.856 0.729 0.729 0.738 3.925 3.961 14.386
4 -67.207 -33.137 -33.133 -33.133 -7.837 0.725 0.725 0.747 3.891 3.972 14.42
5 -67.206 -33.142 -33.135 -33.135 -7.81 0.721 0.721 0.76 3.844 3.987 14.467
6 -67.205 -33.148 -33.138 -33.138 -7.776 0.716 0.716 0.776 3.785 4.007 14.528
7 -67.204 -33.156 -33.142 -33.142 -7.735 0.709 0.709 0.795 3.714 4.031 14.601
8 -67.203 -33.164 -33.145 -33.145 -7.685 0.702 0.702 0.818 3.631 4.058 14.688
9 -67.202 -33.174 -33.15 -33.15 -7.629 0.694 0.694 0.845 3.538 4.09 14.787
10 -67.2 -33.186 -33.155 -33.155 -7.565 0.686 0.686 0.875 3.436 4.125 14.899
11 -67.198 -33.199 -33.161 -33.161 -7.495 0.677 0.677 0.908 3.324 4.165 15.022
12 -67.197 -33.213 -33.168 -33.168 -7.417 0.668 0.668 0.945 3.204 4.207 15.158
13 -67.195 -33.227 -33.175 -33.175 -7.333 0.66 0.66 0.985 3.078 4.253 15.304
14 -67.192 -33.243 -33.183 -33.183 -7.242 0.652 0.652 1.029 2.944 4.301 15.462
15 -67.19 -33.26 -33.191 -33.191 -7.145 0.645 0.645 1.076 2.805 4.353 15.63
16 -67.188 -33.278 -33.2 -33.2 -7.042 0.638 0.638 1.127 2.661 4.406 15.788
17 -67.185 -33.296 -33.209 -33.209 -6.933 0.633 0.633 1.181 2.513 4.462 15.951
18 -67.182 -33.315 -33.219 -33.219 -6.818 0.629 0.629 1.238 2.361 4.518 16.117
19 -67.18 -33.334 -33.229 -33.229 -6.698 0.627 0.627 1.299 2.206 4.576 16.286
20 -67.177 -33.354 -33.24 -33.24 -6.573 0.626 0.626 1.363 2.049 4.634 16.457
21 -67.173 -33.375 -33.252 -33.252 -6.442 0.628 0.628 1.43 1.889 4.692 16.63
22 -67.17 -33.396 -33.263 -33.263 -6.308 0.631 0.631 1.5 1.728 4.749 16.803
23 -67.167 -33.417 -33.276 -33.276 -6.169 0.638 0.638 1.566 1.573 4.805 16.932
24 -67.164 -33.439 -33.288 -33.288 -6.026 0.647 0.647 1.403 1.65 4.858 16.595
25 -67.16 -33.46 -33.302 -33.302 -5.879 0.659 0.659 1.24 1.729 4.908 16.276
26 -67.157 -33.482 -33.315 -33.315 -5.729 0.674 0.674 1.077 1.812 4.954 15.976
27 -67.153 -33.503 -33.329 -33.329 -5.577 0.692 0.692 0.915 1.897 4.995 15.696
28 -67.149 -33.524 -33.343 -33.343 -5.422 0.714 0.714 0.753 1.985 5.03 15.436
29 -67.146 -33.545 -33.357 -33.357 -5.265 0.592 0.74 0.74 2.077 5.059 15.2
30 -67.142 -33.566 -33.372 -33.372 -5.107 0.432 0.769 0.769 2.171 5.081 14.986
31 -67.138 -33.586 -33.387 -33.387 -4.948 0.274 0.802 0.802 2.267 5.095 14.798
32 -67.134 -33.606 -33.402 -33.402 -4.789 0.117 0.839 0.839 2.366 5.1 14.635
33 -67.13 -33.626 -33.418 -33.418 -4.63 -0.038 0.88 0.88 2.468 5.097 14.498
34 -67.126 -33.645 -33.433 -33.433 -4.472 -0.192 0.925 0.925 2.572 5.086 14.388
35 -67.122 -33.664 -33.449 -33.449 -4.316 -0.343 0.975 0.975 2.678 5.066 14.305
36 -67.118 -33.682 -33.465 -33.465 -4.162 -0.492 1.029 1.029 2.787 5.039 14.248
37 -67.114 -33.698 -33.481 -33.481 -4.012 -0.638 1.088 1.088 2.898 5.005 14.218
38 -67.111 -33.715 -33.497 -33.497 -3.865 -0.782 1.151 1.151 3.011 4.966 14.213
39 -67.107 -33.731 -33.513 -33.513 -3.724 -0.923 1.219 1.219 3.125 4.923 14.234
40 -67.103 -33.747 -33.529 -33.529 -3.589 -1.062 1.291 1.291 3.242 4.879 14.277
41 -67.099 -33.761 -33.546 -33.546 -3.461 -1.197 1.369 1.369 3.36 4.835 14.343
42 -67.095 -33.776 -33.562 -33.562 -3.341 -1.33 1.451 1.451 3.48 4.793 14.429
43 -67.091 -33.789 -33.578 -33.578 -3.23 -1.46 1.538 1.538 3.601 4.755 14.535
44 -67.088 -33.801 -33.594 -33.594 -3.128 -1.586 1.63 1.63 3.723 4.724 14.657
45 -67.084 -33.813 -33.61 -33.61 -3.038 -1.71 1.727 1.727 3.846 4.702 14.796
46 -67.08 -33.824 -33.626 -33.626 -2.96 -1.83 1.828 1.828 3.97 4.69 14.948
47 -67.077 -33.834 -33.641 -33.641 -2.893 -1.947 1.935 1.935 4.095 4.689 15.112
48 -67.073 -33.843 -33.657 -33.657 -2.84 -2.06 2.047 2.047 4.22 4.702 15.286
49 -67.07 -33.852 -33.672 -33.672 -2.799 -2.17 2.164 2.164 4.346 4.73 15.468
50 -67.067 -33.859 -33.687 -33.687 -2.771 -2.277 2.285 2.285 4.471 4.772 15.656
51 -67.063 -33.867 -33.701 -33.701 -2.756 -2.38 2.412 2.412 4.597 4.83 15.379
52 -67.06 -33.873 -33.715 -33.715 -2.753 -2.48 2.544 2.544 4.721 4.903 15.055
53 -67.057 -33.879 -33.729 -33.729 -2.761 -2.575 2.68 2.68 4.845 4.991 14.732
54 -67.054 -33.884 -33.743 -33.743 -2.78 -2.668 2.822 2.822 4.968 5.094 14.409
55 -67.051 -33.889 -33.756 -33.756 -2.808 -2.756 2.968 2.968 5.09 5.211 14.088
56 -67.048 -33.892 -33.769 -33.769 -2.843 -2.841 3.119 3.119 5.21 5.341 13.768
57 -67.046 -33.896 -33.781 -33.781 -2.922 -2.886 3.275 3.275 5.328 5.483 13.45
58 -67.043 -33.899 -33.793 -33.793 -2.999 -2.935 3.436 3.436 5.444 5.635 13.134
59 -67.041 -33.902 -33.805 -33.805 -3.073 -2.988 3.601 3.601 5.557 5.797 12.82
60 -67.039 -33.904 -33.816 -33.816 -3.142 -3.044 3.771 3.771 5.667 5.967 12.509
61 -67.036 -33.906 -33.826 -33.826 -3.208 -3.103 3.945 3.945 5.774 6.144 12.201
62 -67.034 -33.907 -33.836 -33.836 -3.27 -3.162 4.124 4.124 5.877 6.326 11.896
63 -67.032 -33.908 -33.845 -33.845 -3.328 -3.222 4.307 4.307 5.975 6.511 11.595
64 -67.031 -33.909 -33.854 -33.854 -3.382 -3.281 4.494 4.494 6.07 6.699 11.297
65 -67.029 -33.91 -33.862 -33.862 -3.432 -3.339 4.685 4.685 6.159 6.887 11.003
66 -67.027 -33.911 -33.87 -33.87 -3.478 -3.394 4.879 4.879 6.243 7.074 10.714
67 -67.026 -33.911 -33.877 -33.877 -3.52 -3.447 5.076 5.076 6.321 7.257 10.43
68 -67.025 -33.911 -33.883 -33.883 -3.558 -3.496 5.275 5.275 6.393 7.436 10.152
69 -67.024 -33.911 -33.889 -33.889 -3.592 -3.541 5.476 5.476 6.459 7.606 9.88
70 -67.023 -33.911 -33.894 -33.894 -3.623 -3.582 5.678 5.678 6.518 7.767 9.616
71 -67.022 -33.911 -33.899 -33.899 -3.649 -3.618 5.878 5.878 6.569 7.914 9.361
72 -67.021 -33.911 -33.902 -33.902 -3.671 -3.649 6.074 6.074 6.614 8.046 9.119
73 -67.02 -33.911 -33.906 -33.906 -3.689 -3.675 6.262 6.262 6.65 8.158 8.893
74 -67.02 -33.911 -33.908 -33.908 -3.703 -3.695 6.434 6.434 6.679 8.25 8.692
75 -67.019 -33.911 -33.91 -33.91 -3.713 -3.71 6.579 6.579 6.699 8.317 8.526
76 -67.019 -33.911 -33.91 -33.91 -3.719 -3.718 6.68 6.68 6.712 8.359 8.413
77 -67.019 -33.911 -33.911 -33.911 -3.721 -3.721 6.716 6.716 6.716 8.373 8.373
78 -67.019 -33.911 -33.91 -33.91 -3.719 -3.719 6.675 6.68 6.717 8.373 8.399
79 -67.019 -33.912 -33.909 -33.909 -3.712 -3.711 6.563 6.578 6.719 8.372 8.473
80 -67.02 -33.913 -33.908 -33.905 -3.701 -3.697 6.4 6.425 6.723 8.372 8.579
81 -67.02 -33.915 -33.905 -33.901 -3.686 -3.678 6.205 6.236 6.728 8.371 8.702
82 -67.021 -33.918 -33.902 -33.896 -3.666 -3.654 5.99 6.024 6.734 8.369 8.833
83 -67.022 -33.921 -33.899 -33.889 -3.642 -3.625 5.764 5.795 6.742 8.367 8.964
84 -67.022 -33.925 -33.894 -33.881 -3.615 -3.59 5.53 5.556 6.751 8.364 9.093
85 -67.023 -33.929 -33.889 -33.872 -3.583 -3.55 5.292 5.309 6.762 8.361 9.215
86 -67.025 -33.934 -33.884 -33.862 -3.548 -3.505 5.051 5.059 6.774 8.356 9.332
87 -67.026 -33.939 -33.878 -33.851 -3.509 -3.455 4.807 4.81 6.787 8.35 9.441
88 -67.027 -33.945 -33.871 -33.838 -3.467 -3.4 4.554 4.568 6.802 8.343 9.544
89 -67.029 -33.951 -33.863 -33.825 -3.423 -3.339 4.304 4.327 6.818 8.333 9.64
90 -67.03 -33.958 -33.856 -33.81 -3.376 -3.274 4.057 4.088 6.834 8.322 9.73
91 -67.032 -33.965 -33.847 -33.795 -3.328 -3.203 3.814 3.85 6.853 8.308 9.814
92 -67.033 -33.972 -33.838 -33.778 -3.278 -3.128 3.577 3.615 6.872 8.292 9.893
93 -67.035 -33.98 -33.829 -33.761 -3.227 -3.048 3.347 3.382 6.892 8.272 9.969
94 -67.037 -33.988 -33.819 -33.744 -3.177 -2.963 3.125 3.153 6.913 8.249 10.04
95 -67.039 -33.997 -33.809 -33.725 -3.127 -2.874 2.913 2.927 6.935 8.222 10.108
96 -67.041 -34.006 -33.799 -33.706 -3.079 -2.78 2.704 2.712 6.958 8.191 10.174
97 -67.043 -34.014 -33.788 -33.686 -3.034 -2.681 2.486 2.523 6.982 8.155 10.236
98 -67.046 -34.024 -33.777 -33.666 -2.993 -2.579 2.272 2.347 7.007 8.115 10.297
99 -67.048 -34.033 -33.765 -33.645 -2.958 -2.472 2.062 2.187 7.032 8.069 10.356
100 -67.05 -34.043 -33.754 -33.624 -2.928 -2.361 1.856 2.044 7.057 8.018 10.413
101 -67.052 -34.052 -33.742 -33.602 -2.906 -2.245 1.656 1.918 7.084 7.962 10.468
102 -67.055 -34.062 -33.73 -33.58 -2.893 -2.126 1.46 1.812 7.11 7.899 10.522
103 -67.057 -34.071 -33.718 -33.557 -2.89 -2.004 1.269 1.726 7.137 7.83 10.575
104 -67.059 -34.081 -33.705 -33.535 -2.897 -1.877 1.084 1.661 7.164 7.755 10.626
105 -67.062 -34.091 -33.693 -33.512 -2.915 -1.748 0.904 1.618 7.192 7.674 10.676
106 -67.064 -34.101 -33.681 -33.49 -2.944 -1.615 0.73 1.596 7.219 7.587 10.725
107 -67.066 -34.11 -33.669 -33.468 -2.983 -1.479 0.561 1.595 7.247 7.493 10.773
108 -67.069 -34.12 -33.657 -33.445 -3.032 -1.34 0.398 1.614 7.274 7.393 10.82
109 -67.071 -34.129 -33.645 -33.423 -3.09 -1.198 0.242 1.653 7.287 7.301 10.866
110 -67.073 -34.139 -33.633 -33.401 -3.155 -1.054 0.091 1.709 7.176 7.327 10.91
111 -67.075 -34.148 -33.622 -33.38 -3.226 -0.908 -0.053 1.781 7.059 7.354 10.954
112 -67.077 -34.156 -33.61 -33.359 -3.302 -0.759 -0.191 1.867 6.937 7.379 10.996
113 -67.079 -34.165 -33.599 -33.339 -3.381 -0.61 -0.323 1.966 6.81 7.404 11.036
114 -67.081 -34.173 -33.589 -33.319 -3.461 -0.459 -0.448 2.075 6.679 7.429 11.075
115 -67.083 -34.181 -33.579 -33.3 -3.542 -0.567 -0.307 2.194 6.545 7.452 11.113
116 -67.085 -34.189 -33.569 -33.282 -3.623 -0.678 -0.155 2.32 6.408 7.475 11.148
117 -67.087 -34.196 -33.56 -33.264 -3.702 -0.783 -0.002 2.451 6.269 7.497 11.182
118 -67.088 -34.203 -33.551 -33.247 -3.779 -0.881 0.149 2.586 6.129 7.517 11.215
119 -67.09 -34.209 -33.542 -33.232 -3.852 -0.972 0.299 2.723 5.988 7.537 11.245
120 -67.091 -34.215 -33.535 -33.217 -3.922 -1.056 0.446 2.861 5.848 7.555 11.274
121 -67.093 -34.22 -33.528 -33.204 -3.988 -1.133 0.591 2.997 5.71 7.572 11.3
122 -67.094 -34.225 -33.521 -33.191 -4.048 -1.203 0.731 3.13 5.575 7.588 11.324
123 -67.095 -34.231 -33.516 -33.18 -4.103 -1.266 0.865 3.257 5.445 7.602 11.346
124 -67.096 -34.235 -33.51 -33.17 -4.153 -1.321 0.991 3.376 5.321 7.614 11.366
125 -67.097 -34.238 -33.506 -33.161 -4.196 -1.369 1.108 3.486 5.206 7.625 11.384
126 -67.098 -34.241 -33.502 -33.153 -4.233 -1.41 1.214 3.584 5.102 7.635 11.4
127 -67.098 -34.243 -33.498 -33.147 -4.264 -1.443 1.305 3.667 5.012 7.642 11.413
128 -67.099 -34.245 -33.496 -33.142 -4.288 -1.469 1.38 3.735 4.938 7.648 11.426
129 -67.099 -34.247 -33.494 -33.138 -4.305 -1.488 1.436 3.784 4.883 7.653 11.439
130 -67.099 -34.248 -33.493 -33.136 -4.315 -1.499 1.47 3.815 4.849 7.655 11.454
131 -67.099 -34.248 -33.493 -33.136 -4.319 -1.503 1.482 3.825 4.838 7.656 11.468
132 -67.1 -34.247 -33.492 -33.136 -4.319 -1.501 1.471 3.827 4.836 7.644 11.478
133 -67.1 -34.244 -33.491 -33.136 -4.32 -1.497 1.441 3.834 4.83 7.606 11.507
134 -67.1 -34.239 -33.49 -33.136 -4.321 -1.489 1.391 3.843 4.82 7.544 11.556
135 -67.101 -34.233 -33.488 -33.135 -4.322 -1.479 1.325 3.855 4.806 7.459 11.623
136 -67.102 -34.225 -33.485 -33.135 -4.325 -1.466 1.244 3.868 4.789 7.354 11.647
137 -67.103 -34.216 -33.482 -33.136 -4.329 -1.45 1.15 3.879 4.768 7.229 11.714
138 -67.104 -34.205 -33.478 -33.136 -4.335 -1.431 1.048 3.889 4.744 7.089 11.792
139 -67.105 -34.192 -33.474 -33.135 -4.343 -1.409 0.939 3.895 4.718 6.934 11.88
140 -67.107 -34.177 -33.469 -33.135 -4.354 -1.385 0.826 3.897 4.689 6.767 11.979
141 -67.108 -34.161 -33.463 -33.135 -4.369 -1.357 0.71 3.894 4.659 6.59 12.088
142 -67.11 -34.144 -33.457 -33.135 -4.387 -1.327 0.596 3.886 4.626 6.404 12.205
143 -67.112 -34.125 -33.451 -33.135 -4.41 -1.295 0.484 3.874 4.593 6.213 12.331
144 -67.114 -34.105 -33.444 -33.135 -4.439 -1.259 0.376 3.856 4.558 6.016 12.464
145 -67.116 -34.083 -33.437 -33.135 -4.474 -1.221 0.274 3.834 4.523 5.815 12.605
146 -67.119 -34.06 -33.429 -33.135 -4.516 -1.181 0.181 3.808 4.487 5.612 12.752
147 -67.121 -34.036 -33.421 -33.134 -4.566 -1.138 0.096 3.778 4.452 5.407 12.905
148 -67.124 -34.01 -33.413 -33.134 -4.624 -1.093 0.022 3.745 4.417 5.202 13.062
149 -67.126 -33.983 -33.404 -33.134 -4.69 -1.046 -0.041 3.71 4.382 4.997 13.223
150 -67.129 -33.957 -33.395 -33.134 -4.764 -0.996 -0.093 3.672 4.348 4.793 13.387
151 -67.132 -33.928 -33.385 -33.134 -4.847 -0.945 -0.132 3.633 4.315 4.591 13.552
152 -67.135 -33.899 -33.375 -33.134 -4.937 -0.891 -0.16 3.593 4.283 4.391 13.718
153 -67.138 -33.869 -33.366 -33.134 -5.035 -0.836 -0.176 3.552 4.193 4.252 13.883
154 -67.141 -33.839 -33.356 -33.134 -5.14 -0.778 -0.18 3.512 3.998 4.222 14.045
155 -67.144 -33.807 -33.345 -33.134 -5.251 -0.72 -0.174 3.473 3.807 4.194 14.204
156 -67.147 -33.776 -33.335 -33.133 -5.367 -0.659 -0.159 3.435 3.62 4.168 14.355
157 -67.151 -33.743 -33.324 -33.133 -5.487 -0.598 -0.134 3.399 3.437 4.143 14.499
158 -67.154 -33.711 -33.314 -33.133 -5.611 -0.535 -0.102 3.259 3.366 4.119 14.632
159 -67.157 -33.679 -33.303 -33.133 -5.737 -0.472 -0.064 3.085 3.336 4.098 14.753
160 -67.16 -33.646 -33.293 -33.132 -5.864 -0.408 -0.019 2.916 3.31 4.078 14.858
161 -67.163 -33.614 -33.282 -33.133 -5.993 -0.343 0.029 2.752 3.289 4.059 14.947
162 -67.166 -33.581 -33.272 -33.132 -6.121 -0.277 0.081 2.594 3.272 4.043 15.018
163 -67.169 -33.549 -33.262 -33.132 -6.248 -0.212 0.135 2.441 3.26 4.028 15.069
164 -67.172 -33.518 -33.251 -33.132 -6.374 -0.147 0.19 2.294 3.254 4.015 15.102
165 -67.175 -33.487 -33.242 -33.132 -6.497 -0.082 0.245 2.153 3.255 4.003 15.116
166 -67.178 -33.456 -33.232 -33.132 -6.618 -0.017 0.299 2.018 3.262 3.993 15.113
167 -67.181 -33.426 -33.222 -33.131 -6.735 0.047 0.351 1.889 3.276 3.984 15.096
168 -67.183 -33.398 -33.213 -33.131 -6.848 0.109 0.401 1.767 3.297 3.976 15.065
169 -67.186 -33.37 -33.204 -33.131 -6.957 0.17 0.447 1.651 3.324 3.97 15.025
170 -67.188 -33.343 -33.196 -33.131 -7.062 0.23 0.49 1.541 3.358 3.965 14.976
171 -67.191 -33.317 -33.188 -33.131 -7.161 0.287 0.529 1.438 3.397 3.96 14.922
172 -67.193 -33.293 -33.18 -33.131 -7.255 0.343 0.564 1.342 3.442 3.957 14.864
173 -67.195 -33.27 -33.173 -33.13 -7.343 0.395 0.595 1.252 3.49 3.955 14.804
174 -67.197 -33.249 -33.167 -33.131 -7.425 0.445 0.622 1.17 3.542 3.953 14.744
175 -67.199 -33.229 -33.16 -33.13 -7.501 0.492 0.645 1.094 3.596 3.952 14.685
176 -67.2 -33.21 -33.155 -33.13 -7.57 0.535 0.664 1.026 3.65 3.951 14.629
177 -67.202 -33.194 -33.15 -33.13 -7.632 0.575 0.681 0.964 3.703 3.951 14.577
178 -67.203 -33.179 -33.145 -33.13 -7.688 0.61 0.694 0.91 3.755 3.951 14.528
179 -67.204 -33.166 -33.141 -33.13 -7.736 0.642 0.705 0.862 3.803 3.951 14.485
180 -67.205 -33.155 -33.138 -33.13 -7.777 0.669 0.713 0.822 3.845 3.951 14.448
181 -67.206 -33.146 -33.135 -33.13 -7.811 0.691 0.72 0.79 3.882 3.952 14.416
182 -67.207 -33.139 -33.133 -33.13 -7.838 0.708 0.725 0.764 3.912 3.952 14.391
183 -67.207 -33.134 -33.131 -33.13 -7.856 0.721 0.729 0.746 3.934 3.952 14.374
184 -67.207 -33.131 -33.13 -33.13 -7.868 0.729 0.731 0.735 3.948 3.952 14.363
185 -67.208 -33.13 -33.13 -33.13 -7.872 0.731 0.731 0.731 3.952 3.952 14.359
186 -67.207 -33.131 -33.13 -33.13 -7.868 0.729 0.729 0.735 3.95 3.95 14.361
187 -67.207 -33.134 -33.13 -33.13 -7.858 0.724 0.724 0.746 3.944 3.944 14.367
188 -67.207 -33.139 -33.131 -33.131 -7.841 0.716 0.716 0.766 3.934 3.934 14.378
189 -67.206 -33.146 -33.132 -33.132 -7.818 0.704 0.704 0.792 3.921 3.921 14.392
190 -67.206 -33.155 -33.133 -33.133 -7.787 0.688 0.688 0.827 3.904 3.904 14.411
191 -67.205 -33.165 -33.134 -33.134 -7.751 0.669 0.669 0.869 3.885 3.885 14.433
192 -67.204 -33.178 -33.135 -33.135 -7.707 0.646 0.646 0.919 3.864 3.864 14.46
193 -67.202 -33.192 -33.136 -33.136 -7.658 0.619 0.619 0.976 3.841 3.841 14.491
194 -67.201 -33.208 -33.138 -33.138 -7.602 0.589 0.589 1.041 3.818 3.818 14.526
195 -67.2 -33.226 -33.14 -33.14 -7.54 0.554 0.554 1.114 3.794 3.794 14.565
196 -67.198 -33.245 -33.142 -33.142 -7.472 0.516 0.516 1.194 3.772 3.772 14.609
197 -67.196 -33.266 -33.144 -33.144 -7.398 0.474 0.474 1.282 3.75 3.75 14.656
198 -67.194 -33.288 -33.147 -33.147 -7.319 0.428 0.428 1.378 3.73 3.73 14.708
199 -67.192 -33.312 -33.15 -33.15 -7.234 0.379 0.379 1.481 3.712 3.712 14.763
200 -67.19 -33.336 -33.153 -33.153 -7.144 0.326 0.326 1.592 3.696 3.696 14.823
201 -67.188 -33.361 -33.156 -33.156 -7.049 0.27 0.27 1.71 3.684 3.684 14.887
202 -67.186 -33.387 -33.16 -33.16 -6.949 0.211 0.211 1.836 3.674 3.674 14.955
203 -67.184 -33.414 -33.164 -33.164 -6.844 0.15 0.15 1.969 3.668 3.668 15.027
204 -67.181 -33.442 -33.168 -33.168 -6.735 0.085 0.085 2.109 3.666 3.666 15.103
205 -67.179 -33.47 -33.172 -33.172 -6.622 0.019 0.019 2.257 3.667 3.667 15.184
206 -67.176 -33.499 -33.176 -33.176 -6.505 -0.049 -0.049 2.412 3.671 3.671 15.268
207 -67.173 -33.527 -33.181 -33.181 -6.384 -0.118 -0.118 2.575 3.679 3.679 15.357
208 -67.171 -33.557 -33.186 -33.186 -6.259 -0.188 -0.188 2.744 3.69 3.69 15.449
209 -67.168 -33.586 -33.192 -33.192 -6.131 -0.259 -0.259 2.92 3.704 3.704 15.546
210 -67.165 -33.614 -33.197 -33.197 -5.999 -0.33 -0.33 3.102 3.722 3.722 15.647
211 -67.162 -33.643 -33.203 -33.203 -5.865 -0.401 -0.401 3.292 3.742 3.742 15.752
212 -67.159 -33.671 -33.209 -33.209 -5.728 -0.472 -0.472 3.488 3.766 3.766 15.861
213 -67.156 -33.698 -33.216 -33.216 -5.588 -0.542 -0.542 3.689 3.792 3.792 15.975
214 -67.153 -33.726 -33.223 -33.223 -5.446 -0.611 -0.611 3.82 3.82 3.897 16.092
215 -67.151 -33.752 -33.23 -33.23 -5.302 -0.678 -0.678 3.85 3.85 4.111 16.213
216 -67.148 -33.778 -33.237 -33.237 -5.155 -0.744 -0.744 3.883 3.883 4.33 16.252
217 -67.145 -33.803 -33.245 -33.245 -5.007 -0.809 -0.809 3.917 3.917 4.554 16.146
218 -67.142 -33.826 -33.253 -33.253 -4.858 -0.871 -0.871 3.953 3.953 4.782 16.034
219 -67.139 -33.849 -33.261 -33.261 -4.707 -0.931 -0.931 3.99 3.99 5.016 15.917
220 -67.136 -33.87 -33.27 -33.27 -4.554 -0.988 -0.988 4.028 4.028 5.253 15.798
221 -67.134 -33.891 -33.279 -33.279 -4.401 -1.043 -1.043 4.068 4.068 5.494 15.677
222 -67.131 -33.91 -33.288 -33.288 -4.247 -1.095 -1.095 4.108 4.108 5.738 15.383
223 -67.129 -33.928 -33.297 -33.297 -4.092 -1.145 -1.145 4.149 4.149 5.985 14.968
224 -67.126 -33.944 -33.307 -33.307 -3.937 -1.191 -1.191 4.19 4.19 6.234 14.556
225 -67.124 -33.959 -33.317 -33.317 -3.782 -1.235 -1.235 4.231 4.231 6.486 14.148
226 -67.121 -33.972 -33.327 -33.327 -3.627 -1.275 -1.275 4.273 4.273 6.738 13.744
227 -67.119 -33.983 -33.338 -33.338 -3.473 -1.313 -1.313 4.315 4.315 6.991 13.346
228 -67.117 -33.993 -33.349 -33.349 -3.319 -1.347 -1.347 4.356 4.356 7.244 12.953
229 -67.115 -34.002 -33.36 -33.36 -3.166 -1.378 -1.378 4.397 4.397 7.497 12.566
230 -67.113 -34.009 -33.371 -33.371 -3.014 -1.406 -1.406 4.438 4.438 7.749 12.186
231 -67.111 -34.014 -33.383 -33.383 -2.864 -1.43 -1.43 4.478 4.478 7.999 11.812
232 -67.109 -34.017 -33.394 -33.394 -2.716 -1.451 -1.451 4.517 4.517 8.248 11.447
233 -67.107 -34.019 -33.406 -33.406 -2.571 -1.47 -1.47 4.555 4.555 8.493 11.09
234 -67.106 -34.019 -33.419 -33.419 -2.429 -1.485 -1.485 4.592 4.592 8.735 10.743
235 -67.104 -34.017 -33.431 -33.431 -2.29 -1.496 -1.496 4.628 4.628 8.973 10.405
236 -67.103 -34.014 -33.444 -33.444 -2.155 -1.505 -1.505 4.662 4.662 9.206 10.077
237 -67.101 -34.008 -33.456 -33.456 -2.025 -1.511 -1.511 4.696 4.696 9.435 9.761
238 -67.1 -34.001 -33.469 -33.469 -1.9 -1.514 -1.514 4.727 4.727 9.457 9.658
239 -67.099 -33.993 -33.482 -33.482 -1.781 -1.514 -1.514 4.758 4.758 9.166 9.875
240 -67.098 -33.984 -33.495 -33.495 -1.669 -1.511 -1.511 4.786 4.786 8.888 10.086
241 -67.097 -33.972 -33.508 -33.508 -1.565 -1.506 -1.506 4.814 4.814 8.625 10.291
242 -67.096 -33.959 -33.521 -33.521 -1.498 -1.498 -1.468 4.839 4.839 8.378 10.489
243 -67.096 -33.945 -33.535 -33.535 -1.488 -1.488 -1.381 4.863 4.863 8.147 10.68
244 -67.095 -33.929 -33.548 -33.548 -1.475 -1.475 -1.304 4.885 4.885 7.933 10.865
245 -67.094 -33.912 -33.562 -33.562 -1.461 -1.461 -1.238 4.905 4.905 7.737 11.044
246 -67.094 -33.894 -33.575 -33.575 -1.444 -1.444 -1.182 4.924 4.924 7.56 11.216
247 -67.093 -33.875 -33.588 -33.588 -1.425 -1.425 -1.139 4.941 4.941 7.402 11.383
248 -67.093 -33.855 -33.602 -33.602 -1.405 -1.405 -1.108 4.956 4.956 7.264 11.544
249 -67.093 -33.834 -33.615 -33.615 -1.383 -1.383 -1.09 4.969 4.969 7.145 11.7
250 -67.093 -33.812 -33.628 -33.628 -1.36 -1.36 -1.085 4.98 4.98 7.047 11.852
251 -67.092 -33.789 -33.641 -33.641 -1.336 -1.336 -1.091 4.989 4.989 6.968 12.0
252 -67.092 -33.765 -33.654 -33.654 -1.311 -1.311 -1.11 4.996 4.996 6.908 12.145
253 -67.092 -33.741 -33.668 -33.668 -1.285 -1.285 -1.14 5.001 5.001 6.867 12.288
254 -67.092 -33.717 -33.681 -33.681 -1.258 -1.258 -1.181 5.004 5.004 6.843 12.428
255 -67.093 -33.693 -33.693 -33.693 -1.231 -1.231 -1.231 5.005 5.005 6.835 12.568
