1 -3.6319 14.8321 14.8321 14.8321 19.7731
2 -3.6309 14.8221 14.8221 14.8271 19.7441
3 -3.6259 14.7941 14.7941 14.8141 19.6671
4 -3.6169 14.7471 14.7471 14.7911 19.5641
5 -3.6059 14.6821 14.6821 14.7611 19.4521
6 -3.5899 14.5991 14.5991 14.7231 19.2681
7 -3.5719 14.5001 14.5001 14.6781 18.9521
8 -3.5499 14.3841 14.3841 14.6271 18.6401
9 -3.5249 14.2541 14.2541 14.5711 18.3331
10 -3.4959 14.1111 14.1111 14.5101 18.0301
11 -3.4639 13.9551 13.9551 14.4451 17.7321
12 -3.4289 13.7891 13.7891 14.3781 17.4381
13 -3.3899 13.6151 13.6151 14.3081 17.1481
14 -3.3479 13.4321 13.4321 14.2361 16.8631
15 -3.3019 13.2441 13.2441 14.1631 16.5821
16 -3.2529 13.0501 13.0501 14.0901 16.3051
17 -3.2009 12.8531 12.8531 14.0161 16.0331
18 -3.1449 12.6521 12.6521 13.9431 15.7661
19 -3.0859 12.4501 12.4501 13.8711 15.5031
20 -3.0229 12.2461 12.2461 13.7991 15.2451
21 -2.9569 12.0421 12.0421 13.7301 14.9901
22 -2.8879 11.8381 11.8381 13.6611 14.7411
23 -2.8149 11.6341 11.6341 13.5951 14.4961
24 -2.7379 11.4311 11.4311 13.5301 14.2551
25 -2.6579 11.2301 11.2301 13.4681 14.0191
26 -2.5749 11.0301 11.0301 13.4081 13.7881
27 -2.4879 10.8331 10.8331 13.3501 13.5611
28 -2.3969 10.6371 10.6371 13.2951 13.3381
29 -2.3029 10.4441 10.4441 13.1201 13.2421
30 -2.2049 10.2541 10.2541 12.9061 13.1921
31 -2.1039 10.0671 10.0671 12.6971 13.1441
32 -1.9999 9.8821 9.8821 12.4921 13.0991
33 -1.8909 9.7011 9.7011 12.2921 13.0561
34 -1.7789 9.5231 9.5231 12.0961 13.0151
35 -1.6639 9.3481 9.3481 11.9051 12.9771
36 -1.5449 9.1761 9.1761 11.7191 12.9421
37 -1.4219 9.0091 9.0091 11.5361 12.9081
38 -1.2959 8.8441 8.8441 11.3591 12.8761
39 -1.1659 8.6841 8.6841 11.1861 12.8471
40 -1.0319 8.5271 8.5271 11.0171 12.8191
41 -0.8949 8.3741 8.3741 10.8531 12.7921
42 -0.7539 8.2251 8.2251 10.6931 12.7671
43 -0.6089 8.0801 8.0801 10.5381 12.7431
44 -0.4609 7.9381 7.9381 10.3871 12.7191
45 -0.3089 7.8011 7.8011 10.2411 12.6961
46 -0.1529 7.6681 7.6681 10.0991 12.6731
47 0.0061 7.5381 7.5381 9.9621 12.6491
48 0.1691 7.4131 7.4131 9.8291 12.6231
49 0.3361 7.2921 7.2921 9.7011 12.5961
50 0.5061 7.1751 7.1751 9.5771 12.5651
51 0.6811 7.0621 7.0621 9.4581 12.5301
52 0.8581 6.9531 6.9531 9.3431 12.4881
53 1.0401 6.8481 6.8481 9.2331 12.4391
54 1.2251 6.7471 6.7471 9.1271 12.3791
55 1.4131 6.6511 6.6511 9.0261 12.3061
56 1.6061 6.5591 6.5591 8.9291 12.2171
57 1.8011 6.4711 6.4711 8.8371 12.1071
58 2.0001 6.3871 6.3871 8.7491 11.9751
59 2.2031 6.3081 6.3081 8.6661 11.8191
60 2.4081 6.2331 6.2331 8.5871 11.6371
61 2.6171 6.1621 6.1621 8.5131 11.4321
62 2.8281 6.0951 6.0951 8.4431 11.2071
63 3.0431 6.0331 6.0331 8.3781 10.9651
64 3.2601 5.9741 5.9741 8.3171 10.7111
65 3.4781 5.9211 5.9211 8.2611 10.4491
66 3.6991 5.8711 5.8711 8.2091 10.1811
67 3.9201 5.8261 5.8261 8.1621 9.9111
68 4.1421 5.7851 5.7851 8.1191 9.6421
69 4.3621 5.7481 5.7481 8.0811 9.3761
70 4.5801 5.7161 5.7161 8.0471 9.1161
71 4.7931 5.6881 5.6881 8.0181 8.8661
72 4.9961 5.6641 5.6641 7.9931 8.6291
73 5.1861 5.6441 5.6441 7.9731 8.4121
74 5.3541 5.6291 5.6291 7.9571 8.2221
75 5.4891 5.6191 5.6191 7.9461 8.0711
76 5.5781 5.6121 5.6121 7.9391 7.9721
77 5.6101 5.6101 5.6101 7.9371 7.9371
78 5.5881 5.6031 5.6121 7.9481 7.9641
79 5.5241 5.5811 5.6181 7.9781 8.0401
80 5.4271 5.5471 5.6291 8.0281 8.1601
81 5.3031 5.5021 5.6441 8.0951 8.3141
82 5.1611 5.4471 5.6631 8.1781 8.4961
83 5.0061 5.3851 5.6871 8.2751 8.6991
84 4.8441 5.3161 5.7151 8.3831 8.9181
85 4.6771 5.2441 5.7471 8.5011 9.1511
86 4.5071 5.1681 5.7831 8.6271 9.3961
87 4.3361 5.0911 5.8241 8.7611 9.6501
88 4.1651 5.0121 5.8681 8.9011 9.9121
89 3.9961 4.9331 5.9171 9.0451 10.1831
90 3.8281 4.8551 5.9711 9.1941 10.4601
91 3.6631 4.7771 6.0281 9.3461 10.7431
92 3.5001 4.7011 6.0901 9.5001 11.0331
93 3.3411 4.6261 6.1561 9.6551 11.3291
94 3.1841 4.5521 6.2261 9.8121 11.6301
95 3.0311 4.4811 6.3001 9.9681 11.9361
96 2.8811 4.4111 6.3781 10.1221 12.2471
97 2.7351 4.3441 6.4611 10.2751 12.5641
98 2.5931 4.2791 6.5471 10.4251 12.8861
99 2.4551 4.2161 6.6381 10.5711 13.2121
100 2.3201 4.1561 6.7331 10.7121 13.5431
101 2.1901 4.0981 6.8321 10.8471 13.8791
102 2.0641 4.0421 6.9341 10.9761 14.2191
103 1.9411 3.9891 7.0411 11.0971 14.3671
104 1.8231 3.9381 7.1521 11.2101 14.4671
105 1.7091 3.8901 7.2661 11.3151 14.5761
106 1.5991 3.8441 7.3841 11.4101 14.6931
107 1.4931 3.8001 7.5061 11.4971 14.8181
108 1.3921 3.7591 7.6321 11.5751 14.9501
109 1.2941 3.7201 7.7611 11.6441 15.0891
110 1.2011 3.6831 7.8931 11.7061 15.2321
111 1.1121 3.6481 8.0291 11.7591 15.3791
112 1.0281 3.6161 8.1681 11.8061 15.5291
113 0.9481 3.5851 8.3101 11.8461 15.6791
114 0.8721 3.5571 8.4551 11.8811 15.8291
115 0.8001 3.5301 8.6021 11.9111 15.9761
116 0.7331 3.5061 8.7511 11.9351 16.1201
117 0.6691 3.4831 8.9021 11.9561 16.2581
118 0.6111 3.4631 9.0541 11.9741 16.1221
119 0.5561 3.4441 9.2071 11.9881 15.8601
120 0.5061 3.4261 9.3601 12.0001 15.6071
121 0.4611 3.4111 9.5121 12.0101 15.3641
122 0.4191 3.3971 9.6621 12.0171 15.1311
123 0.3821 3.3851 9.8081 12.0231 14.9111
124 0.3501 3.3741 9.9491 12.0281 14.7051
125 0.3211 3.3641 10.0821 12.0321 14.5161
126 0.2971 3.3571 10.2041 12.0341 14.3451
127 0.2781 3.3501 10.3121 12.0361 14.1981
128 0.2621 3.3451 10.4021 12.0381 14.0771
129 0.2521 3.3421 10.4711 12.0391 13.9871
130 0.2451 3.3401 10.5131 12.0391 13.9311
131 0.2431 3.3391 10.5281 12.0391 13.9121
132 0.2321 3.3541 10.5301 12.0411 13.9141
133 0.2001 3.3981 10.5361 12.0471 13.9211
134 0.1481 3.4701 10.5461 12.0561 13.9321
135 0.0791 3.5671 10.5611 12.0681 13.9481
136 -0.0049 3.6861 10.5791 12.0841 13.9681
137 -0.0989 3.8251 10.6021 12.1041 13.9921
138 -0.2029 3.9811 10.6281 12.1271 14.0211
139 -0.3129 4.1511 10.6591 12.1531 14.0541
140 -0.4279 4.3331 10.6941 12.1841 14.0921
141 -0.5459 4.5271 10.7331 12.2171 14.1341
142 -0.6659 4.7311 10.7751 12.2541 14.1801
143 -0.7879 4.9441 10.8221 12.2941 14.2311
144 -0.9089 5.1651 10.8731 12.3381 14.2871
145 -1.0309 5.3931 10.9281 12.3851 14.3471
146 -1.1509 5.6281 10.9871 12.4351 14.4111
147 -1.2699 5.8691 11.0501 12.4881 14.4801
148 -1.3869 6.1161 11.1161 12.5441 14.5531
149 -1.5019 6.3691 11.1871 12.6031 14.6301
150 -1.6149 6.6271 11.2611 12.6651 14.7121
151 -1.7259 6.8901 11.3401 12.7291 14.7981
152 -1.8339 7.1571 11.4221 12.7971 14.8891
153 -1.9389 7.4291 11.5071 12.8661 14.9841
154 -2.0419 7.7061 11.5971 12.9381 15.0841
155 -2.1409 7.9861 11.6901 13.0131 15.1881
156 -2.2379 8.2701 11.7861 13.0891 15.2961
157 -2.3319 8.5581 11.8871 13.1671 15.4091
158 -2.4219 8.8491 11.9901 13.2471 15.5261
159 -2.5099 9.1421 12.0971 13.3281 15.6471
160 -2.5939 9.4391 12.2071 13.4101 15.7731
161 -2.6749 9.7381 12.3201 13.4931 15.9031
162 -2.7529 10.0381 12.4361 13.5771 16.0371
163 -2.8279 10.3401 12.5541 13.6611 16.1761
164 -2.8989 10.6421 12.6761 13.7451 16.3191
165 -2.9669 10.9451 12.7991 13.8281 16.4671
166 -3.0319 11.2471 12.9251 13.9111 16.6181
167 -3.0929 11.5471 13.0531 13.9921 16.7741
168 -3.1519 11.8441 13.1821 14.0721 16.9341
169 -3.2059 12.1371 13.3121 14.1501 17.0981
170 -3.2579 12.4241 13.4431 14.2251 17.2661
171 -3.3059 12.7051 13.5741 14.2971 17.4371
172 -3.3509 12.9751 13.7041 14.3661 17.5611
173 -3.3929 13.2351 13.8341 14.4321 17.6761
174 -3.4309 13.4811 13.9611 14.4931 17.8091
175 -3.4659 13.7101 14.0851 14.5501 17.9591
176 -3.4979 13.9221 14.2051 14.6021 18.1281
177 -3.5259 14.1131 14.3191 14.6501 18.3171
178 -3.5509 14.2831 14.4271 14.6921 18.5241
179 -3.5729 14.4301 14.5251 14.7281 18.7501
180 -3.5909 14.5541 14.6131 14.7601 18.9881
181 -3.6059 14.6551 14.6881 14.7861 19.2301
182 -3.6169 14.7321 14.7491 14.8061 19.4581
183 -3.6259 14.7881 14.7951 14.8201 19.6251
184 -3.6309 14.8211 14.8221 14.8291 19.7331
185 -3.6319 14.8321 14.8321 14.8321 19.7731
186 -3.6309 14.8201 14.8271 14.8271 19.7391
187 -3.6259 14.7851 14.8131 14.8131 19.6381
188 -3.6189 14.7291 14.7901 14.7901 19.4791
189 -3.6089 14.6541 14.7571 14.7571 19.2841
190 -3.5949 14.5611 14.7121 14.7121 19.0751
191 -3.5789 14.4531 14.6551 14.6551 18.8661
192 -3.5599 14.3321 14.5851 14.5851 18.6651
193 -3.5369 14.2021 14.5001 14.5001 18.4781
194 -3.5119 14.0641 14.4001 14.4001 18.3071
195 -3.4839 13.9191 14.2841 14.2841 18.1561
196 -3.4529 13.7701 14.1521 14.1521 18.0251
197 -3.4189 13.6181 14.0031 14.0031 17.9151
198 -3.3819 13.4631 13.8401 13.8401 17.8251
199 -3.3409 13.3071 13.6621 13.6621 17.7551
200 -3.2979 13.1501 13.4721 13.4721 17.7031
201 -3.2519 12.9941 13.2711 13.2711 17.6691
202 -3.2029 12.8381 13.0611 13.0611 17.6501
203 -3.1509 12.6831 12.8431 12.8431 17.6451
204 -3.0969 12.5301 12.6191 12.6191 17.6521
205 -3.0389 12.3791 12.3911 12.3911 17.6711
206 -2.9779 12.1591 12.1591 12.2301 17.7011
207 -2.9139 11.9251 11.9251 12.0831 17.7391
208 -2.8469 11.6891 11.6891 11.9381 17.7871
209 -2.7779 11.4521 11.4521 11.7961 17.8421
210 -2.7049 11.2151 11.2151 11.6571 17.9041
211 -2.6289 10.9791 10.9791 11.5211 17.9731
212 -2.5509 10.7431 10.7431 11.3881 18.0481
213 -2.4689 10.5081 10.5081 11.2581 18.1291
214 -2.3849 10.2751 10.2751 11.1311 18.2161
215 -2.2969 10.0441 10.0441 11.0081 18.3081
216 -2.2069 9.8151 9.8151 10.8871 18.4051
217 -2.1129 9.5881 9.5881 10.7701 18.5071
218 -2.0169 9.3641 9.3641 10.6561 18.6131
219 -1.9179 9.1421 9.1421 10.5451 18.7241
220 -1.8159 8.9231 8.9231 10.4371 18.8391
221 -1.7109 8.7071 8.7071 10.3331 18.9591
222 -1.6029 8.4941 8.4941 10.2321 19.0821
223 -1.4919 8.2841 8.2841 10.1341 19.2091
224 -1.3779 8.0771 8.0771 10.0391 19.3401
225 -1.2609 7.8731 7.8731 9.9481 19.4751
226 -1.1409 7.6731 7.6731 9.8591 19.6131
227 -1.0189 7.4761 7.4761 9.7741 19.7541
228 -0.8939 7.2821 7.2821 9.6921 19.8991
229 -0.7649 7.0921 7.0921 9.6131 20.0471
230 -0.6339 6.9061 6.9061 9.5371 20.1981
231 -0.4999 6.7231 6.7231 9.4641 20.3521
232 -0.3629 6.5431 6.5431 9.3941 20.5081
233 -0.2239 6.3671 6.3671 9.3261 20.6671
234 -0.0819 6.1951 6.1951 9.2621 20.8291
235 0.0631 6.0261 6.0261 9.2011 20.9921
236 0.2111 5.8611 5.8611 9.1421 21.1581
237 0.3621 5.7001 5.7001 9.0861 21.3251
238 0.5151 5.5421 5.5421 9.0331 21.4941
239 0.6701 5.3891 5.3891 8.9831 21.6631
240 0.8291 5.2381 5.2381 8.9351 21.8341
241 0.9891 5.0921 5.0921 8.8911 22.0051
242 1.1521 4.9491 4.9491 8.8481 22.1761
243 1.3181 4.8101 4.8101 8.8091 22.3461
244 1.4861 4.6751 4.6751 8.7721 22.5151
245 1.6561 4.5441 4.5441 8.7381 22.6831
246 1.8281 4.4161 4.4161 8.7071 22.8481
247 2.0011 4.2931 4.2931 8.6781 23.0091
248 2.1771 4.1731 4.1731 8.6531 23.1671
249 2.3551 4.0571 4.0571 8.6301 23.3191
250 2.5331 3.9451 3.9451 8.6101 23.4641
251 2.7141 3.8361 3.8361 8.5941 23.6021
252 2.8951 3.7321 3.7321 8.5801 23.7311
253 3.0761 3.6311 3.6311 8.5711 23.8491
254 3.2591 3.5341 3.5341 8.5651 23.9541
255 3.4411 3.4411 3.4411 8.5631 24.0451
