1 -0.786341 0.232319 0.232619 2.697329 5.955939 8.613229 8.615109 9.307379 12.472349
2 -0.785361 0.229129 0.233619 2.698819 5.949199 8.601289 8.608409 9.333829 12.477819
3 -0.782431 0.219639 0.236579 2.703209 5.929469 8.565739 8.593829 9.406529 12.494079
4 -0.777551 0.204019 0.241509 2.710269 5.897519 8.519549 8.569769 9.513709 12.520919
5 -0.770721 0.182489 0.248389 2.719579 5.854549 8.471509 8.536649 9.645529 12.558029
6 -0.761951 0.155369 0.257209 2.730599 5.802159 8.426709 8.495019 9.795549 12.604979
7 -0.751241 0.123039 0.267949 2.742659 5.742149 8.387629 8.445489 9.959789 12.661329
8 -0.738611 0.085899 0.280569 2.754979 5.676539 8.355249 8.388789 10.135609 12.726589
9 -0.724081 0.044399 0.295039 2.766709 5.607339 8.324889 8.330549 10.321169 12.800299
10 -0.707651 -0.001041 0.311339 2.776959 5.536569 8.256429 8.311379 10.515169 12.882049
11 -0.689351 -0.049961 0.329419 2.784809 5.466159 8.182409 8.299109 10.716559 12.971499
12 -0.669201 -0.101971 0.349239 2.789329 5.397849 8.103969 8.292789 10.924579 13.068409
13 -0.647211 -0.156641 0.370729 2.789649 5.333249 8.021749 8.291939 11.138609 13.172639
14 -0.623421 -0.213601 0.393859 2.785019 5.273729 7.936369 8.296149 11.358139 13.284139
15 -0.597851 -0.272491 0.418549 2.774779 5.220369 7.848339 8.305019 11.582829 13.403009
16 -0.570531 -0.332991 0.444729 2.758499 5.174019 7.758169 8.318209 11.812399 13.529459
17 -0.541501 -0.394781 0.472339 2.735929 5.135169 7.666319 8.335429 12.046679 13.663829
18 -0.510811 -0.457571 0.501299 2.707079 5.104049 7.573189 8.356399 12.285559 13.806549
19 -0.521091 -0.478481 0.531529 2.672169 5.080569 7.479169 8.380879 12.529009 13.958209
20 -0.585101 -0.444581 0.562919 2.631629 5.064389 7.384599 8.408649 12.777099 14.119489
21 -0.649361 -0.409151 0.595399 2.586069 5.054969 7.289809 8.439499 13.029929 14.291149
22 -0.713651 -0.372261 0.628849 2.536199 5.051649 7.195079 8.473199 13.287689 14.474069
23 -0.777751 -0.333961 0.663179 2.482769 5.053659 7.100689 8.509559 13.550639 14.669199
24 -0.841461 -0.294341 0.698249 2.426589 5.060219 7.006899 8.548349 13.819069 14.877499
25 -0.904601 -0.253481 0.733959 2.368389 5.070539 6.913949 8.589339 14.093379 15.099979
26 -0.966981 -0.211461 0.770169 2.308909 5.083889 6.822059 8.632289 14.373979 15.337619
27 -1.028431 -0.168401 0.806739 2.248799 5.099609 6.731439 8.676929 14.661389 15.591349
28 -1.088781 -0.124401 0.843519 2.188639 5.117079 6.642299 8.722999 14.956139 15.861949
29 -1.147861 -0.079601 0.880369 2.128939 5.135769 6.554849 8.770219 15.258829 16.150039
30 -1.205521 -0.034121 0.917129 2.070149 5.155229 6.469279 8.818289 15.570119 16.456039
31 -1.261601 0.011869 0.953609 2.012659 5.175069 6.385769 8.866899 15.890659 16.779999
32 -1.315971 0.058209 0.989659 1.956789 5.194959 6.304509 8.915749 16.221169 17.121629
33 -1.368491 0.104729 1.025069 1.902819 5.214629 6.225679 8.964529 16.562339 17.480199
34 -1.419011 0.151229 1.059679 1.850969 5.233869 6.149469 9.012929 16.914819 17.854409
35 -1.467411 0.197489 1.093289 1.801449 5.252489 6.076059 9.060639 17.279249 18.242499
36 -1.513581 0.243309 1.125709 1.754399 5.270349 6.005619 9.107359 17.656059 18.642029
37 -1.557411 0.288439 1.156769 1.709949 5.287359 5.938329 9.152809 18.045569 19.050049
38 -1.598781 0.332639 1.186289 1.668209 5.303419 5.874369 9.196719 18.447729 19.462999
39 -1.637601 0.375649 1.214099 1.629259 5.318479 5.813909 9.238819 18.862049 19.876779
40 -1.673801 0.417199 1.240069 1.593159 5.332479 5.757129 9.278869 19.287469 20.286929
41 -1.707281 0.457009 1.264059 1.559959 5.345409 5.704179 9.316649 19.722039 20.688589
42 -1.737991 0.494799 1.285979 1.529679 5.357239 5.655219 9.351919 20.162809 21.076759
43 -1.765871 0.530249 1.305749 1.502349 5.367949 5.610419 9.384509 20.605429 21.446349
44 -1.790871 0.563079 1.323319 1.477959 5.377539 5.569909 9.414209 21.043989 21.792359
45 -1.812971 0.592989 1.338689 1.456509 5.386009 5.533829 9.440869 21.470879 22.110029
46 -1.832131 0.619659 1.351849 1.437999 5.393349 5.502299 9.464319 21.876629 22.394939
47 -1.848351 0.642819 1.362849 1.422389 5.399559 5.475419 9.484419 22.250239 22.643159
48 -1.861611 0.662189 1.371719 1.409669 5.404649 5.453299 9.501049 22.579469 22.851289
49 -1.871921 0.677539 1.378539 1.399809 5.408599 5.436019 9.514099 22.851669 23.016689
50 -1.879271 0.688649 1.383359 1.392789 5.411419 5.423629 9.523489 23.054389 23.138009
51 -1.883691 0.695389 1.386219 1.388579 5.413089 5.416209 9.529139 23.175069 23.216609
52 -1.885161 0.697639 1.387109 1.387249 5.413319 5.414049 9.531029 23.211389 23.247559
53 -1.886441 0.696129 1.387769 1.387909 5.409859 5.410579 9.539109 23.247249 23.283399
54 -1.890291 0.691629 1.389749 1.389889 5.399509 5.400219 9.563319 23.354849 23.390939
55 -1.896731 0.684269 1.393039 1.393179 5.382419 5.383119 9.603599 23.534229 23.570209
56 -1.905831 0.674269 1.397629 1.397779 5.358829 5.359519 9.659839 23.785469 23.821319
57 -1.917641 0.661899 1.403509 1.403669 5.329059 5.329729 9.731919 24.108729 24.144389
58 -1.932231 0.647509 1.410669 1.410819 5.293479 5.294119 9.819669 24.504199 24.539629
59 -1.949701 0.631489 1.419069 1.419229 5.252519 5.253139 9.922929 24.972139 25.007299
60 -1.970141 0.614259 1.428689 1.428849 5.206629 5.207219 10.041559 25.512949 25.547789
61 -1.993641 0.596309 1.439499 1.439669 5.156309 5.156879 10.175379 26.126939 26.161409
62 -2.020281 0.578079 1.451459 1.451629 5.102039 5.102569 10.324269 26.814669 26.848719
63 -2.050131 0.560039 1.464519 1.464699 5.044299 5.044799 10.488179 27.576739 27.610299
64 -2.083271 0.542649 1.478649 1.478839 4.983549 4.984019 10.667079 28.413809 28.446839
65 -2.119711 0.526319 1.493789 1.493979 4.920259 4.920699 10.861029 29.326639 29.359059
66 -2.159481 0.511449 1.509879 1.510069 4.854849 4.855259 11.070209 30.316149 30.347879
67 -2.202541 0.498359 1.526839 1.527029 4.787739 4.788119 11.294829 31.382969 31.413949
68 -2.248831 0.487369 1.544609 1.544809 4.719319 4.719659 11.535299 32.528119 32.558259
69 -2.298281 0.478709 1.563109 1.563299 4.649949 4.650269 11.792129 33.752489 33.781699
70 -2.350761 0.472569 1.582229 1.582429 4.579979 4.580279 12.066029 35.056979 35.085179
71 -2.406111 0.469089 1.601889 1.602089 4.509759 4.510029 12.357859 36.442469 36.469549
72 -2.464171 0.468369 1.621979 1.622179 4.439589 4.439839 12.668739 37.909929 37.935789
73 -2.524721 0.470459 1.642369 1.642569 4.369789 4.370029 12.999919 39.459809 39.484339
74 -2.587551 0.475369 1.662919 1.663129 4.300659 4.300899 13.353019 41.092899 41.115979
75 -2.652411 0.483079 1.683509 1.683709 4.232489 4.232719 13.729909 42.809719 42.831239
76 -2.719061 0.493549 1.703969 1.704169 4.165579 4.165809 14.132809 44.610639 44.630469
77 -2.787251 0.506709 1.724129 1.724339 4.100199 4.100429 14.564299 46.495839 46.513859
78 -2.856721 0.522469 1.743819 1.744029 4.036639 4.036869 15.027419 48.465489 48.481559
79 -2.927201 0.540719 1.762839 1.763049 3.975179 3.975429 15.525529 50.518899 50.532909
80 -2.998451 0.561349 1.780979 1.781199 3.916119 3.916369 16.062639 52.655709 52.667529
81 -3.070211 0.584249 1.798029 1.798269 3.859709 3.859979 16.643279 54.875039 54.884559
82 -3.142241 0.609269 1.813779 1.814029 3.806249 3.806529 17.272609 57.175639 57.182789
83 -3.214291 0.636299 1.827999 1.828269 3.755979 3.756269 17.956479 59.555839 59.560659
84 -3.286131 0.665189 1.840479 1.840759 3.709159 3.709469 18.701579 62.013559 62.016669
85 -3.357531 0.695789 1.851009 1.851309 3.666029 3.666339 19.515219 64.545009 64.548569
86 -3.428271 0.727959 1.859399 1.859709 3.626769 3.627099 20.405829 67.147509 67.153419
87 -3.498141 0.761539 1.865489 1.865819 3.591549 3.591899 21.382809 69.818099 69.826989
88 -3.566941 0.796389 1.869159 1.869519 3.560489 3.560849 22.456669 72.552739 72.564889
89 -3.634481 0.832339 1.870339 1.870719 3.533639 3.534009 23.639139 75.346599 75.362199
90 -3.700571 0.869229 1.869009 1.869409 3.511009 3.511389 24.943459 78.194429 78.213629
91 -3.765041 0.906879 1.865189 1.865619 3.492529 3.492909 26.383919 81.089309 81.112239
92 -3.827731 0.945119 1.858989 1.859439 3.478059 3.478459 27.976849 84.024419 84.051199
93 -3.888501 0.983759 1.850549 1.851019 3.467429 3.467829 29.740229 86.991829 87.022569
94 -3.947211 1.022629 1.840069 1.840559 3.460369 3.460779 31.693959 89.982739 90.017509
95 -4.003741 1.061539 1.827779 1.828289 3.456609 3.457009 33.860019 92.987459 93.026329
96 -4.057991 1.100289 1.813939 1.814469 3.455809 3.456219 36.262869 95.995709 96.038739
97 -4.109871 1.138679 1.798839 1.799379 3.457639 3.458039 38.928449 98.995389 99.042609
98 -4.159281 1.176539 1.782759 1.783309 3.461729 3.462129 41.885649 101.974439 102.025849
99 -4.206181 1.213659 1.765979 1.766549 3.467729 3.468119 45.165139 104.919629 104.975239
100 -4.250501 1.249859 1.748789 1.749379 3.475289 3.475669 48.799079 107.816939 107.876699
101 -4.292201 1.284939 1.731449 1.732049 3.484059 3.484429 52.820179 110.651619 110.715479
102 -4.331251 1.318729 1.714199 1.714809 3.493739 3.494099 57.260699 113.408569 113.476449
103 -4.367621 1.351049 1.697269 1.697879 3.504019 3.504359 62.148039 116.071339 116.143129
104 -4.401301 1.381729 1.680869 1.681489 3.514619 3.514939 67.503869 118.623999 118.699549
105 -4.432271 1.410589 1.665169 1.665789 3.525279 3.525579 73.337079 121.050139 121.129279
106 -4.460531 1.437499 1.650339 1.650969 3.535769 3.536049 79.637069 123.333369 123.415919
107 -4.486081 1.462309 1.636529 1.637169 3.545879 3.546129 86.364539 125.457569 125.543299
108 -4.508921 1.484889 1.623859 1.624499 3.555409 3.555649 93.441299 127.407269 127.495929
109 -4.529041 1.505099 1.612439 1.613089 3.564219 3.564429 100.735589 129.167149 129.258459
110 -4.546471 1.522849 1.602369 1.603019 3.572139 3.572319 108.056379 130.723489 130.817159
111 -4.561201 1.538029 1.593729 1.594379 3.579049 3.579199 115.145639 132.063589 132.159289
112 -4.573241 1.550569 1.586569 1.587219 3.584849 3.584969 121.684229 133.176249 133.273639
113 -4.582601 1.560389 1.580939 1.581599 3.589449 3.589539 127.311879 134.051939 134.150679
114 -4.589281 1.567449 1.576899 1.577559 3.592789 3.592849 131.664399 134.683169 134.782889
115 -4.593291 1.571679 1.574469 1.575129 3.594819 3.594849 134.421399 135.064729 135.165089
116 -4.594621 1.573049 1.573689 1.574329 3.595509 3.595509 135.188029 135.283879 135.379729
117 -4.593291 1.572119 1.574019 1.575149 3.593519 3.596149 134.736269 134.872839 135.042789
118 -4.589301 1.567539 1.576619 1.577759 3.587549 3.598079 133.155569 133.884889 134.056399
119 -4.582641 1.559889 1.580979 1.582129 3.577639 3.601299 130.601779 132.272389 132.441399
120 -4.573321 1.549209 1.587099 1.588249 3.563809 3.605809 127.204339 130.069099 130.234529
121 -4.561341 1.535549 1.594969 1.596119 3.546099 3.611589 123.116679 127.324749 127.485669
122 -4.546701 1.518969 1.604589 1.605749 3.524589 3.618639 118.504309 124.098729 124.254379
123 -4.529411 1.499529 1.615969 1.617129 3.499339 3.626959 113.531949 120.457909 120.607609
124 -4.509461 1.477309 1.629109 1.630279 3.470449 3.636539 108.350759 116.472449 116.615669
125 -4.486861 1.452379 1.644009 1.645189 3.437999 3.647369 103.091829 112.213569 112.349879
126 -4.461621 1.424849 1.660679 1.661869 3.402109 3.659439 97.863779 107.751829 107.880929
127 -4.433751 1.394809 1.679129 1.680319 3.362909 3.672729 92.750329 103.153599 103.275319
128 -4.403251 1.362379 1.699349 1.700549 3.320519 3.687229 87.813229 98.480459 98.594699
129 -4.370141 1.327659 1.721349 1.722559 3.275089 3.702939 83.094549 93.787549 93.894339
130 -4.334431 1.290789 1.745139 1.746359 3.226769 3.719819 78.621049 89.124049 89.223489
131 -4.296151 1.251889 1.770709 1.771949 3.175729 3.737859 74.405919 84.531269 84.623509
132 -4.255301 1.211089 1.798089 1.799349 3.122129 3.757049 70.452669 80.043509 80.128779
133 -4.211921 1.168519 1.827259 1.828539 3.066169 3.777369 66.758399 75.689209 75.767759
134 -4.166031 1.124329 1.858239 1.859529 3.008029 3.798779 63.314539 71.489789 71.561929
135 -4.117661 1.078639 1.891029 1.892339 2.947899 3.821259 60.109289 67.461119 67.527169
136 -4.066861 1.031589 1.925629 1.926969 2.885999 3.844799 57.129419 63.614859 63.675159
137 -4.013661 0.983329 1.962049 1.963399 2.822539 3.869349 54.360069 59.957649 60.012539
138 -3.958121 0.933999 2.000279 2.001659 2.757739 3.894899 51.786209 56.492769 56.542599
139 -3.900281 0.883719 2.040339 2.041749 2.691819 3.921409 49.392829 53.220309 53.265409
140 -3.840211 0.832629 2.082219 2.083649 2.625019 3.948839 47.165749 50.138479 50.179199
141 -3.777991 0.780869 2.125919 2.127389 2.557589 3.977159 45.091029 47.242989 47.279639
142 -3.713701 0.728559 2.171459 2.172949 2.489769 4.006329 43.155479 44.528109 44.560979
143 -3.647431 0.675829 2.218819 2.220339 2.421819 4.036319 41.346869 41.987619 42.016949
144 -3.579301 0.622799 2.268009 2.269559 2.353989 4.067079 39.602889 39.632129 39.672409
145 -3.509421 0.569589 2.286539 2.319029 2.320619 4.098559 37.395949 37.419579 38.070489
146 -3.437941 0.516309 2.219759 2.371879 2.373499 4.130739 35.330199 35.351089 36.579259
147 -3.365011 0.463079 2.153929 2.426559 2.428219 4.163539 33.405959 33.424389 35.175669
148 -3.290801 0.409989 2.089319 2.483079 2.484769 4.196929 31.614759 31.630959 33.851409
149 -3.215511 0.357149 2.026219 2.541429 2.543149 4.230859 29.948209 29.962379 32.599159
150 -3.139361 0.304659 1.964939 2.601599 2.603349 4.265259 28.398389 28.410719 31.412599
151 -3.062581 0.252609 1.905779 2.663609 2.665389 4.300089 26.957349 26.968019 30.285859
152 -2.985431 0.201069 1.849049 2.727459 2.729259 4.335289 25.617589 25.626729 29.213819
153 -2.908181 0.150139 1.795059 2.793139 2.794969 4.370799 24.371849 24.379609 28.191929
154 -2.831141 0.099899 1.744139 2.860649 2.862509 4.406549 23.213489 23.220009 27.216389
155 -2.754631 0.050409 1.696609 2.929989 2.931869 4.442489 22.136029 22.141409 26.283759
156 -2.678971 0.001739 1.652789 3.001179 3.003079 4.478539 21.133379 21.137719 25.391089
157 -2.604511 -0.046041 1.613009 3.074199 3.076109 4.514649 20.200009 20.203409 24.536049
158 -2.531611 -0.092871 1.577589 3.149049 3.150979 4.550739 19.330569 19.333129 23.716519
159 -2.460631 -0.138691 1.546839 3.225749 3.227689 4.586749 18.520169 18.521949 22.930779
160 -2.391921 -0.183461 1.521069 3.304289 3.306229 4.622609 17.764169 17.765259 22.177349
161 -2.325831 -0.227111 1.500529 3.384659 3.386609 4.658239 17.058429 17.058909 21.455129
162 -2.262691 -0.269611 1.485489 3.466869 3.468809 4.693569 16.398799 16.399119 20.763049
163 -2.202801 -0.310921 1.476139 3.550919 3.552849 4.728539 15.781529 15.782299 20.100209
164 -2.146431 -0.350981 1.472639 3.636799 3.638709 4.763049 15.203649 15.204889 19.465929
165 -2.093811 -0.389781 1.475099 3.724489 3.726389 4.797049 14.662069 14.663759 18.859489
166 -2.045091 -0.427271 1.483549 3.813999 3.815879 4.830459 14.153939 14.156039 18.280229
167 -2.000411 -0.463411 1.497939 3.905299 3.907149 4.863209 13.676729 13.679199 17.727649
168 -1.959811 -0.498191 1.518139 3.998379 4.000199 4.895209 13.228019 13.230849 17.201159
169 -1.923291 -0.531581 1.543959 4.093209 4.094989 4.926399 12.805659 12.808809 16.700229
170 -1.890761 -0.563551 1.575099 4.189749 4.191489 4.956709 12.407659 12.411109 16.224349
171 -1.862101 -0.594081 1.611169 4.287949 4.289639 4.986059 12.032269 12.036009 15.773079
172 -1.837131 -0.623141 1.651729 4.387759 4.389389 5.014389 11.677869 11.681869 15.345959
173 -1.815621 -0.650731 1.696239 4.489089 4.490669 5.041619 11.342989 11.347249 14.942559
174 -1.797331 -0.676821 1.744109 4.591819 4.593339 5.067699 11.026399 11.030899 14.562559
175 -1.781971 -0.701391 1.794689 4.695829 4.697279 5.092539 10.726959 10.731679 14.205609
176 -1.769241 -0.724441 1.847289 4.800939 4.802309 5.116099 10.443709 10.448649 13.871459
177 -1.758871 -0.745951 1.901149 4.906909 4.908209 5.138319 10.175839 10.180999 13.559879
178 -1.750541 -0.765911 1.955519 5.013429 5.014649 5.159139 9.922759 9.928139 13.270789
179 -1.743981 -0.784311 2.009599 5.120099 5.121229 5.178499 9.684039 9.689629 13.004079
180 -1.738921 -0.801141 2.062589 5.196309 5.226419 5.227479 9.459439 9.465259 12.759739
181 -1.735111 -0.816381 2.113679 5.212629 5.331639 5.332619 9.249019 9.255069 12.537849
182 -1.732321 -0.830041 2.162059 5.227329 5.434869 5.435799 9.053119 9.059409 12.338519
183 -1.730341 -0.842111 2.206959 5.240389 5.534889 5.535809 8.872419 8.878969 12.161899
184 -1.729001 -0.852581 2.247639 5.251789 5.630119 5.631079 8.708069 8.714889 12.008179
185 -1.728121 -0.861451 2.283379 5.261479 5.718519 5.719579 8.561739 8.568829 11.877599
186 -1.727591 -0.868701 2.313569 5.269449 5.797559 5.798769 8.435649 8.443029 11.770369
187 -1.727281 -0.874351 2.337659 5.275669 5.864219 5.865599 8.332599 8.340239 11.686699
188 -1.727131 -0.878391 2.355199 5.280129 5.915189 5.916739 8.255729 8.263589 11.626789
189 -1.727061 -0.880811 2.365859 5.282809 5.947349 5.949009 8.208079 8.216089 11.590789
190 -1.727041 -0.881621 2.369439 5.283699 5.958349 5.960059 8.191909 8.199979 11.578769
191 -1.725801 -0.880801 2.365919 5.277569 5.959029 5.963479 8.196569 8.204669 11.581899
192 -1.722091 -0.878341 2.355419 5.259349 5.959139 5.975599 8.210109 8.218879 11.591229
193 -1.715921 -0.874241 2.338099 5.229489 5.959129 5.995789 8.231359 8.242849 11.606599
194 -1.707301 -0.868491 2.314229 5.188689 5.959099 6.023709 8.259199 8.276209 11.627739
195 -1.696251 -0.861111 2.284129 5.137819 5.959049 6.058989 8.292739 8.317989 11.654279
196 -1.682811 -0.852081 2.248229 5.077859 5.958989 6.101209 8.331049 8.366959 11.685759
197 -1.667001 -0.841411 2.206959 5.009839 5.958919 6.149899 8.373099 8.421819 11.721609
198 -1.648881 -0.829101 2.160799 4.934749 5.958839 6.204559 8.417879 8.481209 11.761209
199 -1.628481 -0.815151 2.110249 4.853549 5.958749 6.264699 8.464499 8.543739 11.803879
200 -1.605871 -0.799561 2.055769 4.767129 5.958649 6.329789 8.512149 8.608019 11.848869
201 -1.581121 -0.782321 1.997849 4.676299 5.958539 6.399329 8.560159 8.672729 11.895449
202 -1.554311 -0.763451 1.936929 4.581829 5.958429 6.472849 8.608009 8.736589 11.942859
203 -1.525521 -0.742931 1.873419 4.484399 5.958309 6.549889 8.655289 8.798459 11.990389
204 -1.494851 -0.720781 1.807729 4.384649 5.958179 6.630009 8.701679 8.857269 12.037359
205 -1.462421 -0.696981 1.740209 4.283179 5.958049 6.712809 8.746979 8.912129 12.083159
206 -1.428351 -0.671551 1.671199 4.180549 5.957919 6.797899 8.791029 8.962259 12.127239
207 -1.392801 -0.644481 1.600989 4.077299 5.957779 6.884929 8.833729 9.007009 12.169159
208 -1.355921 -0.615781 1.529869 3.973969 5.957639 6.973549 8.874989 9.045879 12.208529
209 -1.317891 -0.585441 1.458089 3.871049 5.957499 7.063479 8.914789 9.078489 12.245079
210 -1.278921 -0.553471 1.385869 3.769069 5.957359 7.154389 8.953069 9.104559 12.278609
211 -1.239231 -0.519881 1.313419 3.668529 5.957229 7.246009 8.989789 9.123929 12.309019
212 -1.199081 -0.484661 1.240929 3.569949 5.957089 7.338079 9.024919 9.136519 12.336259
213 -1.158731 -0.447821 1.168549 3.473849 5.956959 7.430359 9.058409 9.142339 12.360379
214 -1.118501 -0.409381 1.096459 3.380759 5.956839 7.522579 9.090169 9.141469 12.381459
215 -1.078721 -0.369321 1.024779 3.291229 5.956709 7.614509 9.119989 9.134179 12.399659
216 -1.039761 -0.327661 0.953629 3.205819 5.956599 7.705949 9.119879 9.148539 12.415149
217 -1.002021 -0.284421 0.883139 3.125089 5.956489 7.796639 9.099849 9.174669 12.428149
218 -0.965911 -0.239591 0.813409 3.049619 5.956389 7.886369 9.073779 9.198809 12.438909
219 -0.931881 -0.193201 0.744519 2.979989 5.956299 7.974929 9.041979 9.220799 12.447659
220 -0.900381 -0.145251 0.676559 2.916799 5.956219 8.062089 9.004699 9.240539 12.454659
221 -0.871871 -0.095751 0.609609 2.860599 5.956139 8.147629 8.962239 9.257899 12.460149
222 -0.846811 -0.044741 0.543739 2.811949 5.956079 8.231339 8.914869 9.272799 12.464349
223 -0.825621 0.007789 0.478989 2.771359 5.956029 8.312979 8.862879 9.285129 12.467489
224 -0.808701 0.061799 0.415449 2.739269 5.955989 8.392309 8.806539 9.294809 12.469729
225 -0.796361 0.117259 0.353149 2.716069 5.955959 8.469119 8.746129 9.301779 12.471219
226 -0.788851 0.174159 0.292149 2.702029 5.955939 8.543149 8.681919 9.305979 12.472069
227 -0.786341 0.232319 0.232619 2.697329 5.955939 8.613229 8.615109 9.307379 12.472349
228 -0.787021 0.192859 0.271799 2.699979 5.953189 8.571189 8.646769 9.318859 12.474299
229 -0.789001 0.152169 0.311739 2.707789 5.945019 8.533959 8.650819 9.355399 12.479419
230 -0.792211 0.110669 0.352219 2.720509 5.931619 8.502289 8.628179 9.415459 12.486589
231 -0.796541 0.068659 0.393119 2.737829 5.913249 8.475949 8.584739 9.493359 12.494779
232 -0.801911 0.026459 0.434329 2.759409 5.890249 8.454619 8.526659 9.583159 12.502959
233 -0.808241 -0.015621 0.475719 2.784869 5.863049 8.437879 8.458659 9.680369 12.510189
234 -0.815451 -0.057261 0.517169 2.813799 5.832119 8.383709 8.425589 9.781909 12.515559
235 -0.823461 -0.098161 0.558539 2.845799 5.797979 8.304379 8.416929 9.885729 12.518229
236 -0.832181 -0.138031 0.599679 2.880429 5.761159 8.222039 8.411619 9.990369 12.517419
237 -0.841541 -0.176621 0.640429 2.917229 5.722209 8.137879 8.409229 10.094789 12.512429
238 -0.851451 -0.213671 0.680629 2.955759 5.681689 8.052819 8.409289 10.198179 12.502619
239 -0.861821 -0.248991 0.720109 2.995559 5.640139 7.967659 8.411379 10.299879 12.487429
240 -0.872561 -0.282381 0.758679 3.036149 5.598099 7.883109 8.415109 10.399369 12.466419
241 -0.883551 -0.313701 0.796139 3.077049 5.556079 7.799789 8.420119 10.496209 12.439249
242 -0.894691 -0.342841 0.832299 3.117789 5.514569 7.718329 8.426059 10.590049 12.405729
243 -0.905851 -0.369721 0.866949 3.157869 5.474029 7.639339 8.432639 10.680629 12.365829
244 -0.916901 -0.394271 0.899889 3.196819 5.434929 7.563419 8.439569 10.767739 12.319699
245 -0.927671 -0.416491 0.930889 3.234149 5.397669 7.491169 8.446639 10.851279 12.267679
246 -0.938021 -0.436381 0.959759 3.269409 5.362659 7.423219 8.453619 10.931219 12.210329
247 -0.947801 -0.453961 0.986269 3.302159 5.330259 7.360189 8.460319 11.007619 12.148419
248 -0.956861 -0.469291 1.010219 3.331979 5.300799 7.302709 8.466579 11.080639 12.082909
249 -0.965041 -0.482401 1.031429 3.358519 5.274619 7.251379 8.472269 11.150449 12.014969
250 -0.972211 -0.493371 1.049709 3.381449 5.251959 7.206789 8.477279 11.217279 11.945909
251 -0.978251 -0.502241 1.064899 3.400539 5.233079 7.169469 8.481499 11.281189 11.877279
252 -0.983061 -0.509081 1.076869 3.415569 5.218189 7.139899 8.484859 11.341779 11.811029
253 -0.986561 -0.513931 1.085509 3.426399 5.207429 7.118489 8.487289 11.397229 11.750399
254 -0.988681 -0.516831 1.090719 3.432929 5.200929 7.105509 8.488779 11.441699 11.702339
255 -0.989391 -0.517791 1.092459 3.435119 5.198749 7.101159 8.489279 11.460579 11.682179
