1 -9.144985 -9.144875 -3.691845 -3.691705 4.349775 4.350285 5.150725 5.151025 12.924575 12.925515 16.563055 16.564565 34.591595 34.601085 40.051335 40.062695 52.633425 52.648485
2 -9.205095 -9.084545 -3.733425 -3.647965 4.280095 4.408835 5.108605 5.207875 12.759095 13.073845 16.329795 16.813445 34.311515 34.838345 40.052925 40.092655 52.495215 52.721795
3 -9.264945 -9.024075 -3.772755 -3.602155 4.203305 4.450845 5.086815 5.275265 12.575665 13.206425 16.113505 17.075765 33.990225 35.032235 40.078835 40.160205 52.297965 52.725405
4 -9.324395 -8.963625 -3.809575 -3.554515 4.122445 4.470795 5.090795 5.350175 12.375195 13.324135 15.916135 17.347155 33.639025 35.174875 40.130015 40.260705 52.062245 52.642045
5 -9.383355 -8.903325 -3.843735 -3.505185 4.039235 4.467505 5.121785 5.430775 12.158875 13.428535 15.737905 17.623525 33.264215 35.265675 40.203635 40.390785 51.801525 52.463865
6 -9.441735 -8.843335 -3.875025 -3.454325 3.954755 4.445035 5.175765 5.515855 11.928615 13.521195 15.578215 17.900425 32.871565 35.306755 40.297095 40.544435 51.528715 52.186055
7 -9.499485 -8.783775 -3.903285 -3.402065 3.869685 4.409605 5.246535 5.604575 11.686855 13.603665 15.435815 18.173145 32.466185 35.302445 40.408195 40.713505 51.255845 51.807225
8 -9.556535 -8.724815 -3.928335 -3.348545 3.784475 4.366575 5.328755 5.696305 11.436295 13.677315 15.309045 18.436765 32.052685 35.258435 40.535065 40.888465 50.993825 51.329675
9 -9.612845 -8.666595 -3.949975 -3.293895 3.699405 4.319605 5.418775 5.790515 11.179765 13.743375 15.196115 18.686155 31.635245 35.180945 40.675935 41.059415 50.749835 50.761815
10 -9.668355 -8.609295 -3.968045 -3.238235 3.614675 4.271025 5.514265 5.886705 10.920035 13.802875 15.095195 18.916015 31.217825 35.076095 40.828895 41.216815 50.105715 50.539475
11 -9.723025 -8.553055 -3.982365 -3.181705 3.530395 4.222305 5.613735 5.984325 10.659795 13.856695 15.004625 19.120875 30.804375 34.949595 40.991485 41.352035 49.381955 50.361515
12 -9.776835 -8.498055 -3.992755 -3.124405 3.446635 4.174385 5.716225 6.082765 10.401565 13.905555 14.922895 19.295175 30.398815 34.806545 41.160225 41.457865 48.603755 50.223095
13 -9.829725 -8.444435 -3.999055 -3.066455 3.363415 4.127895 5.821085 6.181235 10.147795 13.950055 14.848695 19.433415 30.005225 34.651425 41.329695 41.528795 47.789955 50.126585
14 -9.881685 -8.392355 -4.001115 -3.007975 3.280775 4.083275 5.927815 6.278705 9.900975 13.990655 14.780945 19.530295 29.627785 34.488145 41.490745 41.561445 46.963235 50.072155
15 -9.932665 -8.341965 -3.998775 -2.949085 3.198655 4.040845 6.036065 6.373745 9.663745 14.027745 14.718735 19.581095 29.270565 34.320075 41.552555 41.629245 46.152285 50.057725
16 -9.982665 -8.293395 -3.991925 -2.889885 3.117045 4.000815 6.145535 6.464375 9.439135 14.061595 14.661315 19.581995 28.937285 34.150055 41.504755 41.713685 45.397835 50.079265
17 -10.031625 -8.246765 -3.980415 -2.830505 3.035865 3.963375 6.255965 6.547805 9.230815 14.092425 14.608095 19.530575 28.630975 33.980525 41.417935 41.693515 44.761905 50.131195
18 -10.079545 -8.202195 -3.964175 -2.771055 2.955055 3.928655 6.367155 6.620165 9.043425 14.120375 14.558585 19.426175 28.353485 33.813495 41.294565 41.497375 44.323505 50.206855
19 -10.126375 -8.159775 -3.943105 -2.711645 2.874525 3.896765 6.478865 6.676285 8.882815 14.145535 14.512425 19.270235 28.105325 33.650685 41.091185 41.138575 44.121285 50.299005
20 -10.172105 -8.119575 -3.917145 -2.652415 2.794155 3.867785 6.590905 6.709955 8.755805 14.167915 14.469325 19.066235 27.885375 33.493425 40.531185 40.949855 44.105375 50.400295
21 -10.216685 -8.081665 -3.886255 -2.593475 2.713835 3.841805 6.703045 6.714885 8.669235 14.187485 14.429075 18.819585 27.691135 33.342845 39.895155 40.733425 44.197265 50.503495
22 -10.260115 -8.046065 -3.850415 -2.534955 2.633445 3.818875 6.686855 6.815095 8.627885 14.204115 14.391515 18.537035 27.518965 33.199785 39.237905 40.490705 44.342945 50.601715
23 -10.302345 -8.012805 -3.809635 -2.476985 2.552825 3.799035 6.625675 6.926785 8.632465 14.217645 14.356575 18.226185 27.364555 33.064905 38.588325 40.223285 44.512535 50.688545
24 -10.343365 -7.981875 -3.763945 -2.419675 2.471815 3.782325 6.535505 7.037895 8.679325 14.227775 14.324195 17.894905 27.223335 32.938665 37.961245 39.932275 44.689395 50.758045
25 -10.383135 -7.953255 -3.713385 -2.363175 2.390245 3.768765 6.422995 7.148125 8.762365 14.234115 14.294385 17.550895 27.090865 32.821385 37.364305 39.618295 44.863615 50.804825
26 -10.421625 -7.926895 -3.658045 -2.307595 2.307955 3.758355 6.295125 7.257165 8.875165 14.236105 14.267205 17.201485 26.963045 32.713265 36.801535 39.281545 45.028805 50.824065
27 -10.458825 -7.902745 -3.598005 -2.253085 2.224745 3.751115 6.157815 7.364645 9.012375 14.232935 14.242775 16.853385 26.836295 32.614345 36.274865 38.921805 45.180705 50.811615
28 -10.494715 -7.880715 -3.533395 -2.199745 2.140425 3.747005 6.015625 7.470175 9.169995 14.221165 14.223565 16.512825 26.707565 32.524595 35.785125 38.538495 45.316365 50.763975
29 -10.529255 -7.860735 -3.464345 -2.147725 2.054815 3.746015 5.871935 7.573285 9.345235 14.202755 14.206275 16.185735 26.574465 32.443875 35.332565 38.130785 45.433795 50.678495
30 -10.562425 -7.842695 -3.391015 -2.097125 1.967725 3.748085 5.729165 7.673445 9.536225 14.178865 14.187815 15.877905 26.435135 32.371955 34.916995 37.697545 45.531775 50.553365
31 -10.594215 -7.826485 -3.313565 -2.048075 1.878995 3.753135 5.589095 7.770065 9.741715 14.138375 14.176675 15.595285 26.288335 32.308495 34.537945 37.237495 45.609665 50.387825
32 -10.624615 -7.812005 -3.232185 -2.000675 1.788455 3.761085 5.453025 7.862475 9.960825 14.080985 14.169965 15.344035 26.133375 32.253045 34.194765 36.749255 45.667305 50.182165
33 -10.653585 -7.799135 -3.147085 -1.955035 1.695985 3.771815 5.321905 7.949965 10.192865 14.003085 14.168465 15.129655 25.970135 32.204955 33.886545 36.231495 45.704995 49.937865
34 -10.681135 -7.787745 -3.058485 -1.911255 1.601495 3.785175 5.196475 8.031735 10.437115 13.903375 14.173235 14.955025 25.799045 32.163335 33.612195 35.683205 45.723375 49.657595
35 -10.707235 -7.777725 -2.966625 -1.869435 1.504915 3.801005 5.077265 8.106965 10.692665 13.785175 14.185745 14.818055 25.620965 32.126785 33.370335 35.103935 45.723425 49.345195
36 -10.731875 -7.768955 -2.871775 -1.829645 1.406255 3.819065 4.964685 8.174855 10.958105 13.656385 14.208105 14.711805 25.437265 32.092705 33.159395 34.494755 45.706415 49.005605
37 -10.755055 -7.761325 -2.774225 -1.791975 1.305585 3.839145 4.859015 8.234635 11.231265 13.526605 14.243295 14.627365 25.249645 32.055325 32.977565 33.860395 45.673835 48.644635
38 -10.776755 -7.754715 -2.674305 -1.756495 1.203025 3.860945 4.760445 8.285665 11.508725 13.404225 14.295555 14.556785 25.060085 31.997145 32.822835 33.217935 45.627445 48.268845
39 -10.796975 -7.749035 -2.572395 -1.723255 1.098805 3.884145 4.669105 8.327495 11.785335 13.295295 14.370865 14.494105 24.870795 31.844795 32.641245 32.693055 45.569165 47.885185
40 -10.815705 -7.744185 -2.468935 -1.692325 0.993235 3.908395 4.585035 8.359945 12.053745 13.203665 14.435275 14.477325 24.684045 31.402175 32.327935 32.585945 45.501125 47.500745
41 -10.832955 -7.740055 -2.364425 -1.663735 0.886755 3.933285 4.508235 8.383155 12.304535 13.131405 14.377615 14.624855 24.502215 30.714665 32.235455 32.499195 45.425565 47.122535
42 -10.848695 -7.736575 -2.259505 -1.637535 0.779925 3.958405 4.438665 8.397635 12.527725 13.079265 14.319425 14.823675 24.327585 29.942505 32.207605 32.430415 45.344895 46.757105
43 -10.862945 -7.733665 -2.154915 -1.613755 0.673495 3.983265 4.376235 8.404245 12.715625 13.046945 14.259675 15.081215 24.162375 29.134805 32.200705 32.377245 45.261565 46.410445
44 -10.875695 -7.731245 -2.051625 -1.592425 0.568425 4.007395 4.320845 8.404205 12.865595 13.033315 14.197875 15.398985 24.008685 28.310385 32.203035 32.337355 45.178095 46.087895
45 -10.886945 -7.729265 -1.950855 -1.573565 0.465945 4.030285 4.272375 8.398935 12.980375 13.036585 14.134025 15.771925 23.868425 27.482485 32.210025 32.308505 45.097005 45.793975
46 -10.896695 -7.727655 -1.854175 -1.557185 0.367675 4.051435 4.230705 8.390045 13.054395 13.065795 14.068565 16.189855 23.743305 26.664405 32.219295 32.288525 45.020735 45.532505
47 -10.904945 -7.726375 -1.763615 -1.543315 0.275685 4.070335 4.195695 8.379155 13.083825 13.128225 14.002525 16.638815 23.634845 25.871715 32.229305 32.275425 44.951635 45.306575
48 -10.911685 -7.725385 -1.681815 -1.531955 0.192635 4.086535 4.167235 8.367805 13.121325 13.173055 13.937735 17.100285 23.544325 25.124655 32.238925 32.267415 44.891835 45.118665
49 -10.916935 -7.724655 -1.612015 -1.523115 0.121825 4.099615 4.145215 8.357405 13.162375 13.204355 13.877155 17.547705 23.472825 24.451885 32.247295 32.262915 44.843205 44.970675
50 -10.920685 -7.724145 -1.558005 -1.516795 0.067055 4.109225 4.129545 8.349105 13.201045 13.224945 13.825455 17.940875 23.421165 23.895775 32.253745 32.260655 44.807315 44.864015
51 -10.922935 -7.723845 -1.523585 -1.512995 0.032175 4.115095 4.120175 8.343775 13.229715 13.236625 13.789355 18.221645 23.389925 23.516395 32.257805 32.259695 44.785295 44.799645
52 -10.923685 -7.723755 -1.511735 -1.511725 0.020175 4.117055 4.117085 8.341935 13.240415 13.240485 13.776155 18.325555 23.379455 23.379495 32.259185 32.259435 44.777885 44.778125
53 -10.925885 -7.720105 -1.511175 -1.511165 0.020695 4.117125 4.117155 8.341895 13.227165 13.227235 13.767675 18.334795 23.389625 23.389655 32.251235 32.251485 44.848015 44.848255
54 -10.932475 -7.709195 -1.509485 -1.509475 0.022285 4.117325 4.117355 8.341745 13.187885 13.187955 13.742475 18.362285 23.419735 23.419775 32.227655 32.227905 45.056645 45.056875
55 -10.943345 -7.691125 -1.506675 -1.506665 0.024925 4.117655 4.117675 8.341405 13.123955 13.124025 13.701345 18.407375 23.468695 23.468725 32.189185 32.189425 45.398495 45.398725
56 -10.958345 -7.666025 -1.502735 -1.502735 0.028625 4.118085 4.118105 8.340745 13.037525 13.037595 13.645485 18.469055 23.534815 23.534845 32.136825 32.137075 45.865005 45.865225
57 -10.977285 -7.634115 -1.497685 -1.497685 0.033395 4.118575 4.118585 8.339555 12.931245 12.931315 13.576405 18.546095 23.616035 23.616065 32.071675 32.071915 46.444635 46.444845
58 -10.999905 -7.595635 -1.491525 -1.491525 0.039225 4.119085 4.119105 8.337605 12.808155 12.808215 13.495895 18.637075 23.710125 23.710155 31.994685 31.994925 47.122915 47.123105
59 -11.025955 -7.550845 -1.484255 -1.484255 0.046135 4.119585 4.119585 8.334575 12.671315 12.671385 13.405815 18.740585 23.814875 23.814905 31.906495 31.906725 47.883165 47.883335
60 -11.055125 -7.500035 -1.475885 -1.475875 0.054125 4.119995 4.119995 8.330075 12.523765 12.523835 13.308085 18.855225 23.928245 23.928275 31.807395 31.807635 48.706605 48.706765
61 -11.087125 -7.443525 -1.466415 -1.466405 0.063205 4.120265 4.120275 8.323675 12.368305 12.368375 13.204625 18.979725 24.048425 24.048455 31.697335 31.697565 49.572915 49.573055
62 -11.121645 -7.381595 -1.455865 -1.455855 0.073375 4.120335 4.120345 8.314855 12.207455 12.207535 13.097315 19.112925 24.173895 24.173925 31.575895 31.576125 50.460735 50.460865
63 -11.158385 -7.314565 -1.444235 -1.444225 0.084655 4.120115 4.120135 8.303035 12.043445 12.043525 12.987965 19.253815 24.303395 24.303425 31.442405 31.442625 51.348415 51.348525
64 -11.197055 -7.242705 -1.431545 -1.431525 0.097055 4.119545 4.119565 8.287555 11.878145 11.878235 12.878335 19.401535 24.435895 24.435925 31.295995 31.296225 52.214725 52.214825
65 -11.237375 -7.166305 -1.417795 -1.417775 0.110585 4.118535 4.118565 8.267725 11.713145 11.713245 12.770115 19.555355 24.570595 24.570625 31.135675 31.135895 53.039745 53.039845
66 -11.279085 -7.085625 -1.403015 -1.402985 0.125255 4.117005 4.117045 8.242795 11.549755 11.549865 12.664945 19.714705 24.706805 24.706855 30.960385 30.960615 53.805675 53.805775
67 -11.321955 -7.000895 -1.387195 -1.387165 0.141075 4.114865 4.114915 8.211955 11.389035 11.389155 12.564365 19.879105 24.843985 24.844025 30.769085 30.769315 54.497535 54.497645
68 -11.365735 -6.912355 -1.370355 -1.370325 0.158065 4.112035 4.112085 8.174445 11.231855 11.231985 12.469835 20.048195 24.981605 24.981655 30.560825 30.561055 55.103765 55.103895
69 -11.410235 -6.820205 -1.352525 -1.352485 0.176235 4.108405 4.108475 8.129485 11.078885 11.079025 12.382735 20.221705 25.119165 25.119225 30.334815 30.335045 55.616575 55.616715
70 -11.455275 -6.724625 -1.333705 -1.333665 0.195605 4.103905 4.103975 8.076385 10.930665 10.930815 12.304265 20.399475 25.256135 25.256195 30.090465 30.090695 56.032025 56.032185
71 -11.500645 -6.625815 -1.313915 -1.313865 0.216175 4.098425 4.098495 8.014555 10.787665 10.787835 12.235505 20.581355 25.391815 25.391885 29.827625 29.827865 56.349735 56.349915
72 -11.546225 -6.523915 -1.293175 -1.293125 0.237965 4.091865 4.091955 7.943535 10.650205 10.650385 12.177305 20.767305 25.525315 25.525385 29.546545 29.546795 56.572785 56.572985
73 -11.591845 -6.419085 -1.271495 -1.271445 0.260985 4.084155 4.084245 7.863035 10.518555 10.518755 12.130325 20.957325 25.655345 25.655425 29.248195 29.248435 56.706935 56.707145
74 -11.637385 -6.311445 -1.248905 -1.248845 0.285245 4.075175 4.075275 7.772955 10.392945 10.393155 12.094975 21.151465 25.779885 25.779975 28.934555 28.934805 56.760015 56.760245
75 -11.682735 -6.201135 -1.225425 -1.225355 0.310745 4.064855 4.064955 7.673385 10.273535 10.273755 12.071455 21.349795 25.895525 25.895605 28.609335 28.609595 56.741295 56.741535
76 -11.727775 -6.088245 -1.201065 -1.200995 0.337495 4.053095 4.053195 7.564595 10.160465 10.160705 12.059725 21.552425 25.996075 25.996165 28.279335 28.279595 56.660775 56.661025
77 -11.772415 -5.972885 -1.175855 -1.175785 0.365485 4.039825 4.039935 7.446995 10.053845 10.054095 12.059575 21.759495 26.069675 26.069775 27.957355 27.957615 56.528645 56.528905
78 -11.816565 -5.855145 -1.149815 -1.149745 0.394715 4.024955 4.025075 7.321145 9.953775 9.954035 12.070625 21.971145 26.093285 26.093395 27.667685 27.667945 56.354765 56.355025
79 -11.860155 -5.735125 -1.122985 -1.122905 0.425165 4.008435 4.008555 7.187695 9.860325 9.860595 12.092365 22.187535 26.028895 26.029025 27.449845 27.450085 56.148335 56.148615
80 -11.903105 -5.612895 -1.095375 -1.095305 0.456825 3.990205 3.990325 7.047335 9.773535 9.773815 12.124195 22.408825 25.843095 25.843255 27.338965 27.339185 55.917675 55.917955
81 -11.945345 -5.488525 -1.067025 -1.066945 0.489635 3.970225 3.970345 6.900825 9.693465 9.693755 12.165465 22.635185 25.544835 25.545025 27.328015 27.328215 55.670025 55.670315
82 -11.986835 -5.362105 -1.037965 -1.037885 0.523565 3.948445 3.948565 6.748885 9.620135 9.620435 12.215465 22.866765 25.171885 25.172085 27.381285 27.381465 55.411555 55.411845
83 -12.027515 -5.233665 -1.008235 -1.008155 0.558555 3.924855 3.924985 6.592225 9.553555 9.553855 12.273495 23.103735 24.755255 24.755475 27.469825 27.469995 55.147325 55.147605
84 -12.067325 -5.103295 -0.977855 -0.977775 0.594515 3.899465 3.899595 6.431605 9.493735 9.494045 12.338795 23.346145 24.313205 24.313435 27.577605 27.577765 54.881455 54.881745
85 -12.106225 -4.971065 -0.946895 -0.946815 0.631345 3.872285 3.872405 6.267665 9.440665 9.440975 12.410645 23.594125 23.856065 23.856295 27.696365 27.696525 54.617125 54.617405
86 -12.144185 -4.837005 -0.915375 -0.915295 0.668915 3.843355 3.843475 6.101065 9.394305 9.394625 12.488295 23.390305 23.390535 23.847715 27.821685 27.821845 54.356685 54.356965
87 -12.181165 -4.701185 -0.883345 -0.883265 0.707075 3.812705 3.812825 5.932395 9.354625 9.354945 12.571005 22.920395 22.920635 24.106925 27.951025 27.951175 54.101885 54.102155
88 -12.217135 -4.563655 -0.850875 -0.850795 0.745625 3.780435 3.780555 5.762265 9.321575 9.321895 12.658025 22.449715 22.449945 24.371725 28.082835 28.082985 53.853885 53.854155
89 -12.252065 -4.424465 -0.817995 -0.817915 0.784345 3.746625 3.746735 5.591235 9.295065 9.295385 12.748595 21.980915 21.981155 24.641985 28.216115 28.216255 53.613415 53.613675
90 -12.285925 -4.283665 -0.784785 -0.784715 0.822955 3.711375 3.711485 5.419855 9.275015 9.275335 12.841955 21.516225 21.516465 24.917535 28.350135 28.350275 53.380885 53.381145
91 -12.318695 -4.141315 -0.751315 -0.751235 0.861125 3.674815 3.674925 5.248665 9.261335 9.261645 12.937325 21.057505 21.057745 25.198105 28.484375 28.484515 53.156445 53.156685
92 -12.350345 -3.997465 -0.717635 -0.717565 0.898465 3.637095 3.637195 5.078245 9.253885 9.254185 13.033905 20.606355 20.606585 25.483335 28.618405 28.618535 52.940055 52.940295
93 -12.380865 -3.852155 -0.683845 -0.683775 0.934525 3.598375 3.598475 4.909145 9.252535 9.252835 13.130905 20.164125 20.164355 25.772755 28.751845 28.751975 52.731595 52.731825
94 -12.410225 -3.705455 -0.650015 -0.649955 0.968775 3.558825 3.558915 4.741995 9.257125 9.257425 13.227525 19.732015 19.732235 26.065785 28.884355 28.884475 52.530855 52.531075
95 -12.438415 -3.557415 -0.616245 -0.616185 1.000575 3.518635 3.518715 4.577435 9.267495 9.267785 13.322975 19.311035 19.311255 26.361705 29.015605 29.015725 52.337615 52.337825
96 -12.465425 -3.408085 -0.582635 -0.582575 1.029195 3.478005 3.478085 4.416195 9.283445 9.283715 13.416475 18.902075 18.902285 26.659675 29.145265 29.145375 52.151655 52.151855
97 -12.491225 -3.257515 -0.549275 -0.549215 1.053815 3.437145 3.437215 4.259045 9.304745 9.305015 13.507295 18.505855 18.506065 26.958745 29.272995 29.273095 51.972785 51.972965
98 -12.515805 -3.105805 -0.516295 -0.516245 1.073445 3.396275 3.396345 4.106905 9.331165 9.331425 13.594695 18.123165 18.123365 27.257685 29.398405 29.398495 51.800905 51.801075
99 -12.539155 -2.953005 -0.483815 -0.483765 1.087015 3.355625 3.355685 3.960725 9.362425 9.362665 13.678045 17.754555 17.754745 27.555245 29.521115 29.521205 51.635925 51.636085
100 -12.561255 -2.799185 -0.451955 -0.451915 1.093335 3.315435 3.315495 3.821595 9.398195 9.398425 13.756775 17.400595 17.400765 27.849995 29.640715 29.640795 51.477855 51.478005
101 -12.582095 -2.644425 -0.420865 -0.420825 1.091115 3.275955 3.276005 3.690635 9.438135 9.438345 13.830405 17.061805 17.061975 28.140365 29.756765 29.756835 51.326775 51.326915
102 -12.601665 -2.488815 -0.390685 -0.390645 1.079045 3.237415 3.237455 3.568995 9.481825 9.482025 13.898555 16.738725 16.738885 28.424655 29.868795 29.868865 51.182835 51.182955
103 -12.619945 -2.332445 -0.361565 -0.361535 1.055875 3.200065 3.200105 3.457785 9.528795 9.528975 13.960945 16.431895 16.432035 28.701035 29.976325 29.976385 51.046255 51.046365
104 -12.636935 -2.175425 -0.333665 -0.333635 1.020525 3.164165 3.164205 3.357905 9.578495 9.578655 14.017415 16.141875 16.142005 28.967635 30.078845 30.078895 50.917335 50.917435
105 -12.652615 -2.017885 -0.307155 -0.307125 0.972215 3.129965 3.129995 3.269995 9.630275 9.630415 14.067925 15.869305 15.869425 29.222485 30.175815 30.175865 50.796415 50.796495
106 -12.666965 -1.859945 -0.282195 -0.282175 0.910585 3.097715 3.097735 3.194275 9.683395 9.683525 14.112545 15.614895 15.615005 29.463615 30.266715 30.266755 50.683885 50.683955
107 -12.679995 -1.701785 -0.258945 -0.258935 0.835775 3.067645 3.067665 3.130515 9.737005 9.737115 14.151425 15.379455 15.379545 29.689035 30.351005 30.351035 50.580175 50.580235
108 -12.691675 -1.543595 -0.237595 -0.237585 0.748365 3.040005 3.040015 3.078045 9.790125 9.790215 14.184835 15.163895 15.163975 29.896825 30.428155 30.428175 50.485755 50.485795
109 -12.702015 -1.385625 -0.218295 -0.218285 0.649385 3.015005 3.015015 3.035855 9.841635 9.841705 14.213065 14.969275 14.969335 30.085135 30.497635 30.497655 50.401065 50.401105
110 -12.710995 -1.228145 -0.201195 -0.201185 0.540125 2.992865 2.992875 3.002705 9.890305 9.890355 14.236495 14.796735 14.796775 30.252235 30.558995 30.559005 50.326565 50.326585
111 -12.718595 -1.071635 -0.186455 -0.186455 0.422145 2.973775 2.973785 2.977305 9.934795 9.934835 14.255485 14.647565 14.647605 30.396505 30.611735 30.611745 50.262685 50.262705
112 -12.724835 -0.916745 -0.174205 -0.174195 0.297145 2.957915 2.957915 2.958415 9.973735 9.973765 14.270425 14.523085 14.523105 30.516565 30.655485 30.655495 50.209835 50.209845
113 -12.729685 -0.764665 -0.164545 -0.164545 0.167285 2.944915 2.945415 2.945415 10.005775 10.005785 14.281635 14.424575 14.424585 30.611235 30.689895 30.689895 50.168345 50.168355
114 -12.733165 -0.618195 -0.157575 -0.157575 0.036115 2.935925 2.936395 2.936395 10.029675 10.029685 14.289415 14.353215 14.353225 30.679545 30.714675 30.714675 50.138495 50.138505
115 -12.735245 -0.486945 -0.153365 -0.153365 -0.086185 2.930795 2.930955 2.930955 10.044445 10.044455 14.293995 14.309985 14.309985 30.720815 30.729625 30.729625 50.120505 50.120505
116 -12.735935 -0.418225 -0.151965 -0.151965 -0.151955 2.929135 2.929135 2.929135 10.049455 10.049455 14.295505 14.295505 14.295505 30.734625 30.734625 30.734625 50.114495 50.114495
117 -12.735245 -0.486315 -0.154965 -0.154965 -0.083585 2.926465 2.933105 2.933105 10.038215 10.050735 14.300025 14.300025 14.313835 30.720105 30.730015 30.730015 50.117685 50.123255
118 -12.733165 -0.614625 -0.163935 -0.163925 0.045545 2.918475 2.944985 2.944985 10.005095 10.054575 14.313605 14.313605 14.368175 30.676675 30.716195 30.716195 50.127225 50.149095
119 -12.729705 -0.755845 -0.178715 -0.178705 0.188095 2.905255 2.964615 2.964625 9.951805 10.060995 14.336265 14.336275 14.456745 30.604715 30.693225 30.693225 50.143025 50.190585
120 -12.724865 -0.900745 -0.199085 -0.199065 0.334765 2.886945 2.991775 2.991795 9.880835 10.069985 14.368065 14.368075 14.576905 30.504845 30.661175 30.661185 50.164905 50.245455
121 -12.718645 -1.046825 -0.224745 -0.224715 0.483005 2.863715 3.026175 3.026205 9.795075 10.081545 14.409075 14.409085 14.725535 30.377935 30.620175 30.620185 50.192665 50.310565
122 -12.711055 -1.193145 -0.255345 -0.255295 0.631745 2.835795 3.067445 3.067485 9.697535 10.095705 14.459395 14.459405 14.899385 30.225045 30.570365 30.570375 50.225995 50.382065
123 -12.702105 -1.339265 -0.290475 -0.290425 0.780425 2.803445 3.115215 3.115275 9.591015 10.112455 14.519125 14.519145 15.095345 30.047395 30.511915 30.511935 50.264535 50.455445
124 -12.691795 -1.484925 -0.329735 -0.329665 0.928605 2.766985 3.169065 3.169135 9.478115 10.131825 14.588415 14.588435 15.310475 29.846425 30.445065 30.445085 50.307875 50.525695
125 -12.680145 -1.629955 -0.372705 -0.372625 1.075935 2.726715 3.228585 3.228665 9.361035 10.153815 14.667425 14.667455 15.542205 29.623645 30.370025 30.370055 50.355525 50.587485
126 -12.667145 -1.774255 -0.418965 -0.418865 1.222085 2.682985 3.293355 3.293455 9.241695 10.178455 14.756335 14.756375 15.788245 29.380685 30.287075 30.287115 50.406915 50.635275
127 -12.652825 -1.917735 -0.468125 -0.468005 1.366715 2.636155 3.362995 3.363115 9.121725 10.205765 14.855365 14.855405 16.046555 29.119245 30.196515 30.196555 50.461435 50.663545
128 -12.637175 -2.060345 -0.519795 -0.519665 1.509435 2.586565 3.437135 3.437265 9.002525 10.235755 14.964745 14.964795 16.315385 28.841075 30.098675 30.098715 50.518395 50.666975
129 -12.620215 -2.202025 -0.573625 -0.573475 1.649865 2.534595 3.515415 3.515565 8.885325 10.268455 15.084755 15.084805 16.593135 28.547925 29.993885 29.993935 50.577025 50.640615
130 -12.601955 -2.342745 -0.629285 -0.629125 1.787575 2.480585 3.597535 3.597695 8.771185 10.303885 15.215675 15.215735 16.878415 28.241575 29.882525 29.882595 50.580045 50.636505
131 -12.582395 -2.482475 -0.686475 -0.686295 1.922075 2.424885 3.683185 3.683365 8.661095 10.342095 15.357835 15.357915 17.169975 27.923755 29.765005 29.765075 50.481585 50.695925
132 -12.561555 -2.621205 -0.744925 -0.744735 2.052865 2.367835 3.772105 3.772305 8.555965 10.383095 15.511615 15.511695 17.466675 27.596175 29.641735 29.641805 50.342375 50.754315
133 -12.539425 -2.758895 -0.804375 -0.804165 2.179365 2.309735 3.864065 3.864285 8.456655 10.426935 15.677395 15.677475 17.767525 27.260495 29.513145 29.513225 50.160455 50.810635
134 -12.516025 -2.895555 -0.864615 -0.864395 2.250895 2.300995 3.958855 3.959085 8.364035 10.473645 15.855605 15.855705 18.071585 26.918305 29.379705 29.379795 49.934865 50.863755
135 -12.491345 -3.031185 -0.925425 -0.925185 2.191605 2.417075 4.056275 4.056515 8.278905 10.523265 16.046745 16.046845 18.378035 26.571125 29.241885 29.241985 49.665605 50.912475
136 -12.465405 -3.165775 -0.986635 -0.986385 2.132105 2.526955 4.156175 4.156425 8.202105 10.575845 16.251325 16.251435 18.686155 26.220395 29.100175 29.100285 49.353605 50.955535
137 -12.438195 -3.299325 -1.048065 -1.047805 2.072655 2.629905 4.258375 4.258645 8.134445 10.631435 16.469885 16.470005 18.995235 25.867515 28.955115 28.955225 49.000735 50.991575
138 -12.409725 -3.431845 -1.109565 -1.109295 2.013465 2.725225 4.362765 4.363045 8.076725 10.690075 16.703065 16.703195 19.304695 25.513755 28.807225 28.807335 48.609545 51.019155
139 -12.379995 -3.563355 -1.171005 -1.170725 1.954745 2.812225 4.469215 4.469505 8.029675 10.751825 16.951525 16.951655 19.614015 25.160305 28.657045 28.657165 48.183285 51.036775
140 -12.348995 -3.693855 -1.232265 -1.231975 1.896675 2.890245 4.577635 4.577935 7.994005 10.816755 17.215985 17.216115 19.922695 24.808265 28.505155 28.505275 47.725665 51.042845
141 -12.316735 -3.823375 -1.293235 -1.292935 1.839415 2.958725 4.687925 4.688235 7.970315 10.884915 17.497215 17.497355 20.230325 24.458665 28.352135 28.352255 47.240745 51.035705
142 -12.283205 -3.951915 -1.353805 -1.353495 1.783115 3.017195 4.800015 4.800335 7.959085 10.956375 17.796075 17.796215 20.536535 24.112425 28.198585 28.198705 46.732805 51.013605
143 -12.248405 -4.079505 -1.413875 -1.413575 1.727915 3.065325 4.913825 4.914145 7.960635 11.031215 18.113445 18.113595 20.840975 23.770385 28.045145 28.045275 46.206175 50.974755
144 -12.212335 -4.206175 -1.473385 -1.473075 1.673915 3.102955 5.029295 5.029635 7.975155 11.109515 18.450315 18.450455 21.143335 23.433285 27.892485 27.892605 45.665125 50.917275
145 -12.174985 -4.331915 -1.532245 -1.531925 1.621245 3.130105 5.146385 5.146725 8.002595 11.191345 18.807695 18.807835 21.443355 23.101775 27.741275 27.741395 45.113775 50.839245
146 -12.136355 -4.456775 -1.590375 -1.590055 1.569965 3.146955 5.265035 5.265375 8.042765 11.276815 19.186695 19.186825 21.740775 22.776445 27.592275 27.592385 44.556015 50.738675
147 -12.096445 -4.580755 -1.647725 -1.647405 1.520175 3.153875 5.385205 5.385555 8.095265 11.366015 19.588435 19.588565 22.035345 22.457775 27.446275 27.446375 43.995405 50.613575
148 -12.055255 -4.703885 -1.704225 -1.703915 1.471935 3.151385 5.506875 5.507225 8.159555 11.459035 20.014125 20.014245 22.146155 22.326855 27.304135 27.304225 43.435215 50.461925
149 -12.012765 -4.826185 -1.759835 -1.759515 1.425305 3.140105 5.629995 5.630355 8.234985 11.556015 20.464965 20.465075 21.841915 22.615085 27.166865 27.166935 42.878275 50.281705
150 -11.968985 -4.947665 -1.814485 -1.814165 1.380345 3.120755 5.754545 5.754895 8.320785 11.657045 20.942045 20.942145 21.545315 22.899805 27.035635 27.035695 42.327195 50.070935
151 -11.923915 -5.068345 -1.868135 -1.867825 1.337075 3.094085 5.880485 5.880835 8.416145 11.762255 21.256545 21.446395 21.446465 23.180815 26.911905 26.911935 41.784105 49.827705
152 -11.877555 -5.188245 -1.920735 -1.920425 1.295565 3.060895 6.007795 6.008145 8.520245 11.871795 20.975685 21.978645 21.978695 23.457895 26.797615 26.797625 41.250805 49.550155
153 -11.829895 -5.307375 -1.972255 -1.971955 1.255815 3.021965 6.136455 6.136805 8.632235 11.985805 20.702795 22.538675 22.538695 23.730845 26.695635 26.695665 40.728805 49.236585
154 -11.780945 -5.425755 -2.022645 -2.022345 1.217865 2.978025 6.266425 6.266775 8.751335 12.104445 20.437875 23.124615 23.124645 23.999455 26.610705 26.610775 40.219315 48.885455
155 -11.730695 -5.543405 -2.071875 -2.071585 1.181735 2.929795 6.397685 6.398015 8.876745 12.227865 20.180845 23.730555 23.730655 24.263505 26.551805 26.551955 39.723255 48.495405
156 -11.679155 -5.660315 -2.119905 -2.119625 1.147445 2.877935 6.530185 6.530515 9.007755 12.356265 19.931615 24.340055 24.340265 24.522785 26.538585 26.538835 39.241335 48.065365
157 -11.626325 -5.776515 -2.166715 -2.166445 1.114995 2.823055 6.663895 6.664215 9.143695 12.489835 19.690015 24.777085 24.908855 24.909195 26.618695 26.619085 38.774065 47.594515
158 -11.572215 -5.892005 -2.212265 -2.212005 1.084415 2.765685 6.798765 6.799075 9.283935 12.628765 19.455865 25.026205 25.342505 25.342955 26.890185 26.890685 38.321745 47.082395
159 -11.516815 -6.006805 -2.256525 -2.256275 1.055695 2.706335 6.934745 6.935035 9.427925 12.773285 19.228955 25.269945 25.572475 25.572895 27.425355 27.425825 37.884545 46.528925
160 -11.460135 -6.120895 -2.299475 -2.299235 1.028855 2.645445 7.071745 7.072035 9.575135 12.923625 19.009025 25.508115 25.664175 25.664505 28.162535 28.162915 37.462505 45.934395
161 -11.402195 -6.234315 -2.341085 -2.340865 1.003895 2.583415 7.209715 7.209975 9.725095 13.080055 18.795815 25.699695 25.699955 25.740535 29.023475 29.023775 37.055565 45.299565
162 -11.342975 -6.347045 -2.381335 -2.381125 0.980815 2.520565 7.348535 7.348785 9.877395 13.242825 18.589025 25.718455 25.718655 25.967075 29.972825 29.973065 36.663555 44.625595
163 -11.282495 -6.459095 -2.420205 -2.420005 0.959615 2.457245 7.488095 7.488335 10.031635 13.412225 18.388375 25.737375 25.737525 26.187555 30.997565 30.997755 36.286295 43.914215
164 -11.220775 -6.570455 -2.457665 -2.457485 0.940305 2.393695 7.628265 7.628475 10.187455 13.588575 18.193545 25.764745 25.764855 26.401895 32.093515 32.093675 35.923485 43.167515
165 -11.157805 -6.681145 -2.493705 -2.493545 0.922875 2.330175 7.768875 7.769065 10.344565 13.772195 18.004215 25.805385 25.805465 26.609985 33.259835 33.259955 35.574815 42.388025
166 -11.093595 -6.791155 -2.528305 -2.528165 0.907325 2.266885 7.909735 7.909905 10.502655 13.963445 17.820075 25.862585 25.862645 26.811785 34.497055 34.497145 35.239925 41.578725
167 -11.028165 -6.900475 -2.561445 -2.561325 0.893665 2.204025 8.050635 8.050785 10.661475 14.162705 17.640775 25.938885 25.938915 27.007275 34.918455 35.806235 35.806295 40.742925
168 -10.961505 -7.009125 -2.593115 -2.593015 0.881895 2.141745 8.191305 8.191425 10.820795 14.370375 17.466015 26.036415 26.036425 27.196455 34.609995 37.188445 37.188475 39.884255
169 -10.893655 -7.117075 -2.623305 -2.623225 0.871995 2.080195 8.331455 8.331555 10.980385 14.586885 17.295455 26.157075 26.157075 27.379385 34.314165 38.644505 38.644525 39.006595
170 -10.824595 -7.224335 -2.652005 -2.651955 0.863975 2.019505 8.470735 8.470805 11.140065 14.812695 17.128785 26.302585 26.302595 27.556155 34.030535 38.114005 40.174745 40.174745
171 -10.754345 -7.330895 -2.679205 -2.679175 0.857835 1.959785 8.608765 8.608815 11.299665 15.048295 16.965685 26.474475 26.474485 27.726895 33.758695 37.210625 41.778775 41.778775
172 -10.682935 -7.436755 -2.704905 -2.704885 0.853575 1.901135 8.745115 8.745135 11.459005 15.294205 16.805845 26.674055 26.674065 27.891785 33.498225 36.300635 43.455305 43.455305
173 -10.610345 -7.541895 -2.729095 -2.729085 0.851175 1.843645 8.879285 8.879285 11.617965 15.550985 16.648965 26.902335 26.902335 28.051035 33.248715 35.388155 45.201885 45.201885
174 -10.536605 -7.646315 -2.751795 -2.751765 0.850655 1.787395 9.010725 9.010755 11.776405 15.819205 16.494755 27.159915 27.159915 28.204905 33.009735 34.477175 47.014655 47.014655
175 -10.461725 -7.750015 -2.772985 -2.772935 0.852005 1.732445 9.138885 9.138945 11.934235 16.099525 16.342925 27.446895 27.446915 28.353695 32.780865 33.571445 48.888195 48.888215
176 -10.385715 -7.852965 -2.792675 -2.792605 0.855225 1.678865 9.263145 9.263225 12.091325 16.193215 16.392555 27.762635 27.762685 28.497725 32.561695 32.674645 50.814695 50.814735
177 -10.308595 -7.955175 -2.810875 -2.810775 0.860305 1.626705 9.382835 9.382935 12.247605 16.045335 16.698995 28.105685 28.105765 28.637375 31.789985 32.351805 52.784325 52.784395
178 -10.230365 -8.056615 -2.827585 -2.827475 0.867245 1.576015 9.497285 9.497405 12.403005 15.899055 17.019585 28.473505 28.473625 28.773055 30.920415 32.150765 54.784345 54.784445
179 -10.151045 -8.157295 -2.842835 -2.842705 0.876045 1.526835 9.605805 9.605945 12.557465 15.754115 17.355075 28.862305 28.862455 28.905175 30.068545 31.958155 56.798755 56.798895
180 -10.070645 -8.257185 -2.856625 -2.856495 0.886705 1.479205 9.707685 9.707835 12.710935 15.610285 17.706245 29.034225 29.236615 29.266855 29.267045 31.773555 58.807885 58.808065
181 -9.989185 -8.356285 -2.868995 -2.868855 0.899205 1.433165 9.802245 9.802405 12.863375 15.467345 18.073935 28.426505 29.160665 29.680415 29.680635 31.596515 60.787965 60.788165
182 -9.906665 -8.454575 -2.879965 -2.879815 0.913565 1.388745 9.888835 9.888995 13.014775 15.325075 18.458985 27.639765 29.285015 30.094665 30.094915 31.426605 62.710835 62.711065
183 -9.823115 -8.552045 -2.889555 -2.889405 0.929765 1.345955 9.966815 9.966975 13.165125 15.183285 18.862265 26.877585 29.407785 30.499835 30.500105 31.263385 64.544015 64.544265
184 -9.738535 -8.648685 -2.897785 -2.897645 0.947795 1.304845 10.035635 10.035785 13.314415 15.041785 19.284645 26.140825 29.529515 30.884965 30.885235 31.106385 66.251015 66.251265
185 -9.652945 -8.744485 -2.904695 -2.904565 0.967665 1.265415 10.094765 10.094895 13.462675 14.900395 19.727045 25.430075 29.650745 30.955165 31.238325 31.238585 67.792355 67.792595
186 -9.566355 -8.839415 -2.910305 -2.910195 0.989365 1.227705 10.143765 10.143885 13.609925 14.758945 20.190335 24.745655 29.772025 30.809225 31.548035 31.548265 69.127245 69.127465
187 -9.478785 -8.933485 -2.914635 -2.914545 1.012885 1.191715 10.182265 10.182365 13.756205 14.617305 20.675415 24.087635 29.893895 30.668105 31.802785 31.802975 70.215965 70.216145
188 -9.390235 -9.026665 -2.917705 -2.917645 1.038215 1.157465 10.209985 10.210055 13.901575 14.475305 21.183165 23.455835 30.016925 30.531285 31.992675 31.992815 71.022865 71.022995
189 -9.300745 -9.118945 -2.919535 -2.919505 1.065345 1.124985 10.226705 10.226745 14.046075 14.332845 21.714345 22.850035 30.141635 30.398275 32.109925 32.109995 71.519335 71.519405
190 -9.210325 -9.210295 -2.920135 -2.920135 1.094225 1.094325 10.232305 10.232305 14.189475 14.190135 22.269635 22.269835 30.268335 30.268805 32.149595 32.149595 71.686975 71.686975
191 -9.210185 -9.210155 -2.921995 -2.921995 1.097865 1.097965 10.226165 10.226175 14.183915 14.184565 22.211515 22.211705 30.253585 30.254065 32.265245 32.265255 71.637205 71.637275
192 -9.209765 -9.209745 -2.927555 -2.927555 1.108765 1.108865 10.207715 10.207735 14.167335 14.168005 22.045135 22.045265 30.221855 30.222365 32.590375 32.590415 71.488005 71.488275
193 -9.209085 -9.209065 -2.936715 -2.936705 1.126855 1.126945 10.176825 10.176875 14.140135 14.140805 21.791105 21.791155 30.194075 30.194645 33.079605 33.079715 71.239725 71.240315
194 -9.208135 -9.208125 -2.949335 -2.949325 1.152015 1.152105 10.133335 10.133415 14.102925 14.103615 21.475555 21.475605 30.181935 30.182545 33.688945 33.689135 70.893185 70.894195
195 -9.206945 -9.206935 -2.965225 -2.965205 1.184085 1.184175 10.077045 10.077165 14.056595 14.057295 21.123765 21.123915 30.188365 30.189015 34.381995 34.382315 70.449945 70.451455
196 -9.205515 -9.205515 -2.984145 -2.984125 1.222885 1.222975 10.007785 10.007945 14.002275 14.002995 20.756715 20.756975 30.212555 30.213225 35.128895 35.129355 69.912665 69.914725
197 -9.203875 -9.203865 -3.005825 -3.005795 1.268205 1.268295 9.925405 9.925625 13.941305 13.942045 20.390085 20.390455 30.252705 30.253395 35.904895 35.905525 69.285395 69.288015
198 -9.202035 -9.202025 -3.029975 -3.029945 1.319805 1.319895 9.829935 9.830205 13.875225 13.875995 20.034805 20.035265 30.307125 30.307825 36.689185 36.689995 68.574025 68.577185
199 -9.200025 -9.200005 -3.056295 -3.056245 1.377445 1.377535 9.721515 9.721835 13.805655 13.806455 19.697815 19.698375 30.374455 30.375155 37.464485 37.465505 67.786205 67.789845
200 -9.197855 -9.197825 -3.084455 -3.084405 1.440885 1.440975 9.600515 9.600885 13.734255 13.735085 19.383115 19.383755 30.453665 30.454355 38.216425 38.217665 66.931495 66.935535
201 -9.195545 -9.195505 -3.114145 -3.114085 1.509865 1.509955 9.467505 9.467915 13.662605 13.663455 19.092525 19.093245 30.543965 30.544635 38.933145 38.934615 66.021205 66.025495
202 -9.193115 -9.193075 -3.145055 -3.144985 1.584145 1.584235 9.323295 9.323735 13.592125 13.592995 18.826335 18.827135 30.644765 30.645395 39.605035 39.606745 65.068055 65.072475
203 -9.190595 -9.190545 -3.176885 -3.176805 1.663495 1.663585 9.168875 9.169345 13.524025 13.524915 18.583845 18.584715 30.755585 30.756175 40.224425 40.226375 64.085835 64.090205
204 -9.187995 -9.187935 -3.209335 -3.209245 1.747695 1.747785 9.005395 9.005885 13.459225 13.460135 18.363715 18.364645 30.876035 30.876565 40.785315 40.787495 63.088885 63.093045
205 -9.185335 -9.185265 -3.242135 -3.242045 1.836515 1.836605 8.834115 8.834615 13.398415 13.399345 18.164295 18.165285 31.005775 31.006225 41.283105 41.285495 62.091655 62.095405
206 -9.182645 -9.182565 -3.275035 -3.274925 1.929755 1.929845 8.656305 8.656815 13.342005 13.342945 17.983775 17.984815 31.144475 31.144835 41.714375 41.716955 61.108225 61.111375
207 -9.179925 -9.179845 -3.307775 -3.307665 2.027225 2.027315 8.473265 8.473755 13.290205 13.291145 17.820385 17.821465 31.291845 31.292085 42.076665 42.079415 60.151885 60.154275
208 -9.177205 -9.177115 -3.340155 -3.340035 2.128735 2.128825 8.286185 8.286665 13.243025 13.243975 17.672425 17.673555 31.447555 31.447645 42.368395 42.371265 59.234825 59.236275
209 -9.174505 -9.174405 -3.371945 -3.371815 2.234115 2.234205 8.096195 8.096655 13.200365 13.201315 17.538365 17.539535 31.611185 31.611265 42.588785 42.591755 58.367765 58.368145
210 -9.171825 -9.171725 -3.402965 -3.402835 2.343205 2.343295 7.904295 7.904745 13.162015 13.162965 17.416815 17.418025 31.782335 31.782625 42.737935 42.740975 57.558835 57.559685
211 -9.169205 -9.169095 -3.433035 -3.432905 2.455825 2.455915 7.711415 7.711835 13.127735 13.128685 17.306585 17.307825 31.960635 31.961165 42.816975 42.820075 56.815505 56.817655
212 -9.166635 -9.166535 -3.461995 -3.461865 2.571825 2.571915 7.518315 7.518705 13.097215 13.098165 17.206615 17.207885 32.145595 32.146405 42.828325 42.831485 56.142835 56.146365
213 -9.164155 -9.164045 -3.489715 -3.489575 2.691035 2.691135 7.325685 7.326035 13.070165 13.071115 17.116005 17.117315 32.336595 32.337735 42.775885 42.779145 55.543185 55.548105
214 -9.161755 -9.161645 -3.516035 -3.515895 2.813305 2.813405 7.134085 7.134405 13.046285 13.047235 17.034015 17.035345 32.532915 32.534435 42.665165 42.668585 55.016445 55.022745
215 -9.159475 -9.159365 -3.540865 -3.540715 2.938445 2.938565 6.944045 6.944335 13.025295 13.026235 16.959975 16.961335 32.733625 32.735575 42.503275 42.506925 54.560195 54.567825
216 -9.157315 -9.157205 -3.564065 -3.563925 3.066275 3.066395 6.756005 6.756255 13.006925 13.007865 16.893355 16.894735 32.937605 32.940045 42.298685 42.302665 54.170135 54.179005
217 -9.155295 -9.155185 -3.585565 -3.585425 3.196555 3.196685 6.570405 6.570625 12.990925 12.991865 16.833715 16.835115 33.143425 33.146415 42.060845 42.065285 53.840605 53.850625
218 -9.153425 -9.153315 -3.605265 -3.605125 3.328995 3.329145 6.387675 6.387855 12.977075 12.978015 16.780655 16.782075 33.349265 33.352875 41.799805 41.804815 53.565225 53.576255
219 -9.151715 -9.151605 -3.623095 -3.622945 3.463225 3.463385 6.208295 6.208435 12.965195 12.966125 16.733875 16.735315 33.552815 33.557125 41.525785 41.531485 53.337425 53.349355
220 -9.150175 -9.150065 -3.638975 -3.638835 3.598715 3.598895 6.032875 6.032975 12.955095 12.956025 16.693115 16.694565 33.751185 33.756235 41.249005 41.255495 53.150985 53.163685
221 -9.148825 -9.148715 -3.652855 -3.652715 3.734665 3.734875 5.862265 5.862325 12.946625 12.947565 16.658165 16.659635 33.940665 33.946525 40.979515 40.986875 53.000285 53.013635
222 -9.147665 -9.147555 -3.664685 -3.664545 3.869815 3.870045 5.697765 5.697775 12.939675 12.940615 16.628845 16.630325 34.116735 34.123425 40.727245 40.735525 52.880475 52.894365
223 -9.146705 -9.146595 -3.674425 -3.674275 4.001955 4.002245 5.541535 5.541585 12.934125 12.935065 16.605035 16.606525 34.273965 34.281475 40.502025 40.511215 52.787575 52.801895
224 -9.145945 -9.145845 -3.682025 -3.681885 4.127085 4.127425 5.397645 5.397755 12.929895 12.930835 16.586615 16.588115 34.406125 34.414405 40.313545 40.323585 52.718435 52.733075
225 -9.145405 -9.145305 -3.687475 -3.687335 4.237485 4.237885 5.273815 5.273995 12.926925 12.927865 16.573515 16.575015 34.506775 34.515695 40.170855 40.181585 52.670675 52.685555
226 -9.145085 -9.144975 -3.690755 -3.690615 4.318685 4.319165 5.184515 5.184775 12.925165 12.926095 16.565665 16.567175 34.570015 34.579345 40.081685 40.092875 52.642655 52.657675
227 -9.144985 -9.144875 -3.691845 -3.691705 4.349775 4.350285 5.150725 5.151025 12.924575 12.925515 16.563055 16.564565 34.591595 34.601085 40.051335 40.062695 52.633425 52.648485
228 -9.183035 -9.106835 -3.718925 -3.662775 4.281065 4.387545 5.147575 5.189455 12.819585 13.023855 16.409395 16.727115 34.391375 34.766915 40.043695 40.107675 52.567105 52.696375
229 -9.219705 -9.070225 -3.745285 -3.630905 4.168965 4.416095 5.191975 5.240185 12.706375 13.116825 16.258885 16.904935 34.128095 34.937855 40.030175 40.222175 52.498885 52.712015
230 -9.254915 -9.035105 -3.770835 -3.596255 4.031545 4.436205 5.266315 5.302505 12.586335 13.202395 16.113575 17.097225 33.823035 35.109095 40.016295 40.382605 52.442105 52.687815
231 -9.288665 -9.001515 -3.795555 -3.558925 3.881345 4.449005 5.358115 5.375295 12.460255 13.278675 15.975115 17.304055 33.490985 35.280345 40.003365 40.569985 52.405175 52.623405
232 -9.320955 -8.969455 -3.819395 -3.519045 3.725375 4.455865 5.457175 5.460415 12.328805 13.343425 15.845605 17.525595 33.143665 35.451225 39.992635 40.767025 52.398045 52.519095
233 -9.351765 -8.938925 -3.842355 -3.476745 3.567465 4.458125 5.546795 5.569425 12.192595 13.394075 15.727505 17.762085 32.789755 35.621235 39.985505 40.958185 52.374245 52.433605
234 -9.381105 -8.909935 -3.864405 -3.432215 3.409785 4.456955 5.642985 5.682985 12.052165 13.427805 15.623585 18.013805 32.435395 35.789705 39.983535 41.129625 52.192985 52.521575
235 -9.408965 -8.882475 -3.885525 -3.385625 3.253725 4.453305 5.744775 5.799745 11.907995 13.441885 15.536555 18.281025 32.084835 35.955785 39.988495 41.269255 51.974745 52.677045
236 -9.435335 -8.856545 -3.905695 -3.337195 3.100195 4.447925 5.851395 5.918795 11.760495 13.434135 15.468675 18.563995 31.740885 36.118435 40.002335 41.367165 51.722005 52.911755
237 -9.460235 -8.832115 -3.924895 -3.287165 2.949865 4.441385 5.962245 6.039465 11.610095 13.403495 15.421105 18.862895 31.405315 36.276385 40.027195 41.416295 51.437145 53.236035
238 -9.483645 -8.809185 -3.943115 -3.235805 2.803295 4.434125 6.076855 6.161165 11.457165 13.350435 15.393555 19.177755 31.079095 36.428205 40.065415 41.412945 51.122755 53.657425
239 -9.505585 -8.787735 -3.960325 -3.183415 2.660965 4.426465 6.194835 6.283395 11.302065 13.276935 15.384285 19.508465 30.762615 36.572325 40.119425 41.356925 50.781635 54.180075
240 -9.526055 -8.767735 -3.976535 -3.130335 2.523315 4.418675 6.315855 6.405625 11.145185 13.186105 15.390475 19.854675 30.455805 36.707135 40.191665 41.251225 50.416705 54.804555
241 -9.545065 -8.749175 -3.991715 -3.076935 2.390775 4.410945 6.439645 6.527325 10.986895 13.081615 15.408875 20.215805 30.158185 36.831115 40.284435 41.101365 50.030985 55.528125
242 -9.562625 -8.732025 -4.005855 -3.023615 2.263815 4.403395 6.565915 6.647885 10.827585 12.967185 15.436225 20.590885 29.869035 36.943015 40.399745 40.914545 49.627535 56.344915
243 -9.578745 -8.716265 -4.018965 -2.970815 2.142885 4.396175 6.694385 6.766655 10.667665 12.846255 15.469645 20.978695 29.587245 37.042055 40.539055 40.698795 49.209295 57.246285
244 -9.593455 -8.701865 -4.031025 -2.919045 2.028485 4.389355 6.824745 6.882875 10.507605 12.721995 15.506665 21.377555 29.311585 37.127915 40.462485 40.703305 48.779255 58.220555
245 -9.606755 -8.688805 -4.042025 -2.868805 1.921135 4.383005 6.956625 6.995655 10.347935 12.597235 15.545265 21.785375 29.040575 37.200855 40.213885 40.892805 48.340275 59.252805
246 -9.618675 -8.677055 -4.051985 -2.820675 1.821385 4.377165 7.089545 7.104025 10.189295 12.474535 15.583825 22.199655 28.772605 37.261605 39.960935 41.107265 47.895105 60.324475
247 -9.629245 -8.666615 -4.060875 -2.775235 1.729825 4.371875 7.206825 7.222885 10.032445 12.356305 15.621045 22.617415 28.506005 37.311255 39.711155 41.345975 47.446355 61.412925
248 -9.638485 -8.657445 -4.068725 -2.733115 1.647045 4.367175 7.302795 7.355785 9.878425 12.244815 15.655885 23.035235 28.239175 37.351085 39.471615 41.607895 46.996475 62.491325
249 -9.646425 -8.649535 -4.075505 -2.694945 1.573675 4.363075 7.390525 7.486965 9.728615 12.142275 15.687495 23.449095 27.970835 37.382465 39.248875 41.891825 46.547765 63.528895
250 -9.653085 -8.642875 -4.081245 -2.661345 1.510315 4.359585 7.468505 7.614545 9.585045 12.050835 15.715245 23.854215 27.700425 37.406665 39.048945 42.196455 46.102365 64.491735
251 -9.658495 -8.637435 -4.085935 -2.632895 1.457545 4.356735 7.535155 7.735535 9.450795 11.972535 15.738595 24.244325 27.429025 37.424865 38.877255 42.520435 45.662255 65.344335
252 -9.662675 -8.633225 -4.089575 -2.610145 1.415885 4.354505 7.588965 7.845265 9.330665 11.909295 15.757145 24.610065 27.161225 37.437985 38.738465 42.862505 45.229345 66.051985
253 -9.665655 -8.630215 -4.092165 -2.593545 1.385775 4.352905 7.628555 7.936385 9.232055 11.862795 15.770605 24.934265 26.910145 37.446815 38.636425 43.221215 44.805455 66.583225
254 -9.667425 -8.628415 -4.093715 -2.583435 1.367575 4.351955 7.652795 7.998585 9.165335 11.834325 15.778765 25.180265 26.709335 37.451895 38.574025 43.594445 44.392975 66.912875
255 -9.668025 -8.627815 -4.094235 -2.580055 1.361475 4.351635 7.660965 8.020995 9.141405 11.824735 15.781505 25.278745 26.626135 37.453555 38.553025 43.935315 44.039005 67.024635
