1 -81.2857 -81.2857 -81.2857 -81.2847 -81.2847 -22.8217 -10.8417 -10.8417 -9.5097 2.8223 5.9443 5.9443 8.0703
2 -81.2857 -81.2857 -81.2857 -81.2847 -81.2847 -22.8217 -10.8457 -10.8397 -9.5057 2.8233 5.9373 5.9473 8.0763
3 -81.2857 -81.2857 -81.2857 -81.2847 -81.2847 -22.8237 -10.8587 -10.8327 -9.4927 2.8243 5.9183 5.9593 8.0943
4 -81.2857 -81.2857 -81.2857 -81.2847 -81.2847 -22.8267 -10.8787 -10.8207 -9.4717 2.8263 5.8863 5.9783 8.1233
5 -81.2857 -81.2857 -81.2857 -81.2847 -81.2847 -22.8297 -10.9057 -10.8037 -9.4437 2.8293 5.8443 6.0053 8.1613
6 -81.2857 -81.2857 -81.2857 -81.2847 -81.2847 -22.8347 -10.9387 -10.7827 -9.4097 2.8333 5.7923 6.0393 8.2083
7 -81.2857 -81.2857 -81.2857 -81.2847 -81.2847 -22.8397 -10.9767 -10.7577 -9.3697 2.8383 5.7313 6.0813 8.2613
8 -81.2857 -81.2857 -81.2857 -81.2847 -81.2847 -22.8467 -11.0187 -10.7277 -9.3247 2.8453 5.6633 6.1293 8.3183
9 -81.2857 -81.2857 -81.2857 -81.2847 -81.2847 -22.8537 -11.0647 -10.6927 -9.2767 2.8533 5.5903 6.1853 8.3783
10 -81.2857 -81.2857 -81.2857 -81.2847 -81.2847 -22.8617 -11.1137 -10.6537 -9.2257 2.8633 5.5113 6.2473 8.4383
11 -81.2857 -81.2857 -81.2857 -81.2847 -81.2847 -22.8707 -11.1647 -10.6107 -9.1717 2.8753 5.4283 6.3153 8.4963
12 -81.2857 -81.2857 -81.2857 -81.2847 -81.2847 -22.8807 -11.2167 -10.5637 -9.1167 2.8903 5.3423 6.3893 8.5503
13 -81.2857 -81.2857 -81.2857 -81.2847 -81.2847 -22.8917 -11.2697 -10.5117 -9.0607 2.9073 5.2543 6.4693 8.5983
14 -81.2857 -81.2857 -81.2857 -81.2847 -81.2847 -22.9027 -11.3247 -10.4567 -9.0037 2.9273 5.1633 6.5543 8.6383
15 -81.2857 -81.2857 -81.2857 -81.2847 -81.2847 -22.9147 -11.3787 -10.3977 -8.9457 2.9503 5.0703 6.6453 8.6673
16 -81.2857 -81.2857 -81.2857 -81.2847 -81.2847 -22.9277 -11.4337 -10.3347 -8.8887 2.9763 4.9763 6.7403 8.6823
17 -81.2857 -81.2857 -81.2857 -81.2847 -81.2847 -22.9407 -11.4877 -10.2677 -8.8307 3.0053 4.8803 6.8403 8.6833
18 -81.2857 -81.2857 -81.2857 -81.2847 -81.2847 -22.9537 -11.5417 -10.1977 -8.7737 3.0383 4.7833 6.9443 8.6673
19 -81.2857 -81.2857 -81.2857 -81.2847 -81.2847 -22.9677 -11.5957 -10.1247 -8.7167 3.0753 4.6863 7.0533 8.6323
20 -81.2857 -81.2857 -81.2857 -81.2847 -81.2847 -22.9827 -11.6487 -10.0477 -8.6617 3.1163 4.5873 7.1653 8.5803
21 -81.2857 -81.2857 -81.2857 -81.2847 -81.2847 -22.9967 -11.7007 -9.9687 -8.6067 3.1613 4.4883 7.2803 8.5093
22 -81.2857 -81.2857 -81.2857 -81.2847 -81.2847 -23.0117 -11.7527 -9.8867 -8.5527 3.2103 4.3873 7.3983 8.4213
23 -81.2857 -81.2857 -81.2857 -81.2847 -81.2847 -23.0267 -11.8027 -9.8027 -8.4997 3.2643 4.2863 7.5183 8.3193
24 -81.2857 -81.2857 -81.2857 -81.2847 -81.2847 -23.0417 -11.8517 -9.7157 -8.4487 3.3213 4.1843 7.6413 8.2043
25 -81.2857 -81.2857 -81.2857 -81.2847 -81.2847 -23.0577 -11.8997 -9.6267 -8.3987 3.3843 4.0823 7.7663 8.0793
26 -81.2857 -81.2857 -81.2857 -81.2847 -81.2847 -23.0727 -11.9467 -9.5367 -8.3507 3.4503 3.9783 7.8923 7.9463
27 -81.2857 -81.2857 -81.2857 -81.2847 -81.2847 -23.0877 -11.9927 -9.4437 -8.3047 3.5213 3.8743 7.8093 8.0193
28 -81.2857 -81.2857 -81.2857 -81.2847 -81.2847 -23.1027 -12.0367 -9.3507 -8.2597 3.5973 3.7693 7.6693 8.1463
29 -81.2857 -81.2857 -81.2857 -81.2847 -81.2847 -23.1177 -12.0787 -9.2567 -8.2157 3.6643 3.6763 7.5283 8.2723
30 -81.2857 -81.2857 -81.2857 -81.2847 -81.2847 -23.1327 -12.1197 -9.1617 -8.1747 3.5573 3.7603 7.3883 8.3973
31 -81.2857 -81.2857 -81.2857 -81.2847 -81.2847 -23.1467 -12.1597 -9.0657 -8.1347 3.4513 3.8493 7.2503 8.5203
32 -81.2857 -81.2857 -81.2857 -81.2847 -81.2847 -23.1607 -12.1977 -8.9707 -8.0967 3.3443 3.9413 7.1163 8.6393
33 -81.2857 -81.2857 -81.2857 -81.2847 -81.2847 -23.1747 -12.2337 -8.8757 -8.0607 3.2383 4.0373 6.9863 8.7543
34 -81.2857 -81.2857 -81.2857 -81.2847 -81.2847 -23.1877 -12.2687 -8.7817 -8.0267 3.1323 4.1373 6.8603 8.8623
35 -81.2857 -81.2857 -81.2857 -81.2847 -81.2847 -23.2007 -12.3017 -8.6887 -7.9947 3.0263 4.2403 6.7413 8.9623
36 -81.2857 -81.2857 -81.2857 -81.2847 -81.2847 -23.2127 -12.3327 -8.5977 -7.9647 2.9223 4.3473 6.6283 9.0513
37 -81.2857 -81.2857 -81.2857 -81.2847 -81.2847 -23.2247 -12.3617 -8.5077 -7.9357 2.8193 4.4563 6.5213 9.1283
38 -81.2857 -81.2857 -81.2857 -81.2847 -81.2847 -23.2357 -12.3897 -8.4207 -7.9097 2.7193 4.5673 6.4223 9.1903
39 -81.2857 -81.2857 -81.2857 -81.2847 -81.2847 -23.2457 -12.4157 -8.3377 -7.8847 2.6223 4.6803 6.3293 9.2353
40 -81.2857 -81.2857 -81.2857 -81.2847 -81.2847 -23.2557 -12.4397 -8.2567 -7.8627 2.5283 4.7943 6.2443 9.2603
41 -81.2857 -81.2857 -81.2857 -81.2847 -81.2847 -23.2657 -12.4617 -8.1807 -7.8417 2.4383 4.9083 6.1653 9.2663
42 -81.2857 -81.2857 -81.2857 -81.2847 -81.2847 -23.2737 -12.4817 -8.1087 -7.8227 2.3533 5.0223 6.0943 9.2523
43 -81.2857 -81.2857 -81.2857 -81.2847 -81.2847 -23.2817 -12.4997 -8.0417 -7.8057 2.2733 5.1343 6.0303 9.2213
44 -81.2857 -81.2857 -81.2857 -81.2847 -81.2847 -23.2887 -12.5167 -7.9797 -7.7897 2.2003 5.2433 5.9733 9.1753
45 -81.2857 -81.2857 -81.2857 -81.2847 -81.2847 -23.2947 -12.5307 -7.9237 -7.7767 2.1333 5.3473 5.9233 9.1183
46 -81.2857 -81.2857 -81.2857 -81.2847 -81.2847 -23.3007 -12.5437 -7.8747 -7.7647 2.0743 5.4443 5.8803 9.0553
47 -81.2857 -81.2857 -81.2857 -81.2847 -81.2847 -23.3047 -12.5547 -7.8327 -7.7557 2.0233 5.5333 5.8433 8.9913
48 -81.2857 -81.2857 -81.2857 -81.2847 -81.2847 -23.3087 -12.5637 -7.7967 -7.7477 1.9803 5.6103 5.8143 8.9303
49 -81.2857 -81.2857 -81.2857 -81.2847 -81.2847 -23.3117 -12.5697 -7.7697 -7.7407 1.9473 5.6743 5.7913 8.8783
50 -81.2857 -81.2857 -81.2857 -81.2847 -81.2847 -23.3137 -12.5747 -7.7497 -7.7367 1.9233 5.7223 5.7743 8.8373
51 -81.2857 -81.2857 -81.2857 -81.2847 -81.2847 -23.3147 -12.5777 -7.7377 -7.7337 1.9083 5.7513 5.7653 8.8113
52 -81.2857 -81.2857 -81.2857 -81.2847 -81.2847 -23.3157 -12.5787 -7.7327 -7.7327 1.9033 5.7613 5.7613 8.8023
53 -81.2857 -81.2857 -81.2857 -81.2847 -81.2847 -23.3167 -12.5757 -7.7327 -7.7327 1.9043 5.7633 5.7633 8.8013
54 -81.2857 -81.2857 -81.2857 -81.2847 -81.2847 -23.3197 -12.5677 -7.7317 -7.7317 1.9073 5.7673 5.7673 8.7993
55 -81.2857 -81.2857 -81.2857 -81.2847 -81.2847 -23.3247 -12.5537 -7.7297 -7.7297 1.9123 5.7733 5.7733 8.7953
56 -81.2857 -81.2857 -81.2857 -81.2847 -81.2847 -23.3327 -12.5347 -7.7277 -7.7277 1.9193 5.7823 5.7823 8.7893
57 -81.2857 -81.2857 -81.2857 -81.2847 -81.2847 -23.3417 -12.5097 -7.7247 -7.7247 1.9273 5.7933 5.7933 8.7813
58 -81.2857 -81.2857 -81.2857 -81.2847 -81.2847 -23.3537 -12.4797 -7.7207 -7.7207 1.9383 5.8073 5.8073 8.7713
59 -81.2857 -81.2857 -81.2857 -81.2847 -81.2847 -23.3667 -12.4447 -7.7167 -7.7167 1.9503 5.8243 5.8243 8.7573
60 -81.2857 -81.2857 -81.2857 -81.2847 -81.2847 -23.3817 -12.4037 -7.7117 -7.7117 1.9653 5.8423 5.8423 8.7403
61 -81.2857 -81.2857 -81.2857 -81.2847 -81.2847 -23.3987 -12.3577 -7.7057 -7.7057 1.9813 5.8643 5.8643 8.7203
62 -81.2857 -81.2857 -81.2857 -81.2847 -81.2847 -23.4177 -12.3067 -7.6997 -7.6997 1.9993 5.8873 5.8873 8.6943
63 -81.2857 -81.2857 -81.2857 -81.2847 -81.2847 -23.4387 -12.2507 -7.6927 -7.6927 2.0193 5.9133 5.9133 8.6643
64 -81.2857 -81.2857 -81.2857 -81.2847 -81.2847 -23.4607 -12.1907 -7.6847 -7.6847 2.0403 5.9413 5.9413 8.6273
65 -81.2857 -81.2857 -81.2857 -81.2847 -81.2847 -23.4847 -12.1247 -7.6767 -7.6767 2.0643 5.9723 5.9723 8.5843
66 -81.2857 -81.2857 -81.2857 -81.2847 -81.2847 -23.5097 -12.0547 -7.6677 -7.6677 2.0893 6.0043 6.0043 8.5343
67 -81.2857 -81.2857 -81.2857 -81.2847 -81.2847 -23.5357 -11.9807 -7.6587 -7.6587 2.1163 6.0393 6.0393 8.4763
68 -81.2857 -81.2857 -81.2857 -81.2847 -81.2847 -23.5637 -11.9017 -7.6487 -7.6487 2.1443 6.0753 6.0753 8.4103
69 -81.2857 -81.2857 -81.2857 -81.2847 -81.2847 -23.5917 -11.8187 -7.6377 -7.6377 2.1743 6.1143 6.1143 8.3353
70 -81.2857 -81.2857 -81.2857 -81.2847 -81.2847 -23.6217 -11.7317 -7.6267 -7.6267 2.2053 6.1543 6.1543 8.2523
71 -81.2857 -81.2857 -81.2857 -81.2847 -81.2847 -23.6527 -11.6407 -7.6157 -7.6157 2.2373 6.1963 6.1963 8.1613
72 -81.2857 -81.2857 -81.2857 -81.2847 -81.2847 -23.6837 -11.5457 -7.6037 -7.6037 2.2713 6.2393 6.2393 8.0623
73 -81.2857 -81.2857 -81.2857 -81.2847 -81.2847 -23.7157 -11.4477 -7.5907 -7.5907 2.3063 6.2843 6.2843 7.9553
74 -81.2857 -81.2857 -81.2857 -81.2847 -81.2847 -23.7487 -11.3457 -7.5777 -7.5777 2.3423 6.3303 6.3303 7.8423
75 -81.2857 -81.2857 -81.2857 -81.2847 -81.2847 -23.7817 -11.2407 -7.5647 -7.5647 2.3793 6.3763 6.3763 7.7243
76 -81.2857 -81.2857 -81.2857 -81.2847 -81.2847 -23.8157 -11.1327 -7.5507 -7.5507 2.4163 6.4243 6.4243 7.6003
77 -81.2857 -81.2857 -81.2857 -81.2847 -81.2847 -23.8497 -11.0217 -7.5367 -7.5367 2.4543 6.4723 6.4723 7.4723
78 -81.2857 -81.2857 -81.2857 -81.2847 -81.2847 -23.8837 -10.9077 -7.5227 -7.5227 2.4923 6.5203 6.5203 7.3413
79 -81.2857 -81.2857 -81.2857 -81.2847 -81.2847 -23.9187 -10.7917 -7.5077 -7.5077 2.5293 6.5673 6.5673 7.2093
80 -81.2857 -81.2857 -81.2857 -81.2847 -81.2847 -23.9527 -10.6727 -7.4927 -7.4927 2.5663 6.6143 6.6143 7.0753
81 -81.2857 -81.2857 -81.2857 -81.2847 -81.2847 -23.9867 -10.5517 -7.4777 -7.4777 2.6033 6.6603 6.6603 6.9423
82 -81.2857 -81.2857 -81.2857 -81.2847 -81.2847 -24.0217 -10.4297 -7.4617 -7.4617 2.6373 6.7043 6.7043 6.8093
83 -81.2857 -81.2857 -81.2857 -81.2847 -81.2847 -24.0557 -10.3047 -7.4467 -7.4467 2.6703 6.6793 6.7473 6.7473
84 -81.2857 -81.2857 -81.2857 -81.2847 -81.2847 -24.0897 -10.1787 -7.4307 -7.4307 2.7003 6.5523 6.7863 6.7863
85 -81.2857 -81.2857 -81.2857 -81.2847 -81.2847 -24.1227 -10.0507 -7.4147 -7.4147 2.7273 6.4303 6.8233 6.8233
86 -81.2857 -81.2857 -81.2857 -81.2847 -81.2847 -24.1557 -9.9227 -7.3987 -7.3987 2.7503 6.3133 6.8563 6.8563
87 -81.2857 -81.2857 -81.2857 -81.2847 -81.2847 -24.1877 -9.7927 -7.3827 -7.3827 2.7683 6.2033 6.8843 6.8843
88 -81.2857 -81.2857 -81.2857 -81.2847 -81.2847 -24.2197 -9.6627 -7.3667 -7.3667 2.7803 6.1013 6.9073 6.9073
89 -81.2857 -81.2857 -81.2857 -81.2847 -81.2847 -24.2517 -9.5317 -7.3517 -7.3517 2.7863 6.0083 6.9253 6.9253
90 -81.2857 -81.2857 -81.2857 -81.2847 -81.2847 -24.2817 -9.4007 -7.3357 -7.3357 2.7843 5.9263 6.9383 6.9383
91 -81.2857 -81.2857 -81.2857 -81.2847 -81.2847 -24.3117 -9.2697 -7.3197 -7.3197 2.7733 5.8553 6.9443 6.9443
92 -81.2857 -81.2857 -81.2857 -81.2847 -81.2847 -24.3417 -9.1387 -7.3047 -7.3047 2.7543 5.7963 6.9443 6.9443
93 -81.2857 -81.2857 -81.2857 -81.2847 -81.2847 -24.3697 -9.0087 -7.2887 -7.2887 2.7263 5.7503 6.9393 6.9393
94 -81.2857 -81.2857 -81.2857 -81.2847 -81.2847 -24.3967 -8.8797 -7.2747 -7.2747 2.6893 5.7163 6.9283 6.9283
95 -81.2857 -81.2857 -81.2857 -81.2847 -81.2847 -24.4237 -8.7517 -7.2597 -7.2597 2.6433 5.6963 6.9123 6.9123
96 -81.2857 -81.2857 -81.2857 -81.2847 -81.2847 -24.4487 -8.6257 -7.2447 -7.2447 2.5893 5.6883 6.8913 6.8913
97 -81.2857 -81.2857 -81.2857 -81.2847 -81.2847 -24.4737 -8.5017 -7.2317 -7.2317 2.5273 5.6923 6.8673 6.8673
98 -81.2857 -81.2857 -81.2857 -81.2847 -81.2847 -24.4967 -8.3797 -7.2177 -7.2177 2.4593 5.7073 6.8393 6.8393
99 -81.2857 -81.2857 -81.2857 -81.2847 -81.2847 -24.5197 -8.2597 -7.2047 -7.2047 2.3863 5.7313 6.8093 6.8093
100 -81.2857 -81.2857 -81.2857 -81.2847 -81.2847 -24.5407 -8.1437 -7.1917 -7.1917 2.3093 5.7633 6.7783 6.7783
101 -81.2857 -81.2857 -81.2857 -81.2847 -81.2847 -24.5607 -8.0317 -7.1797 -7.1797 2.2293 5.8033 6.7453 6.7453
102 -81.2857 -81.2857 -81.2857 -81.2847 -81.2847 -24.5797 -7.9227 -7.1687 -7.1687 2.1483 5.8493 6.7123 6.7123
103 -81.2857 -81.2857 -81.2857 -81.2847 -81.2847 -24.5977 -7.8187 -7.1577 -7.1577 2.0673 5.8993 6.6793 6.6793
104 -81.2857 -81.2857 -81.2857 -81.2847 -81.2847 -24.6147 -7.7197 -7.1477 -7.1477 1.9873 5.9533 6.6473 6.6473
105 -81.2857 -81.2857 -81.2857 -81.2847 -81.2847 -24.6297 -7.6257 -7.1377 -7.1377 1.9093 6.0093 6.6163 6.6163
106 -81.2857 -81.2857 -81.2857 -81.2847 -81.2847 -24.6437 -7.5377 -7.1297 -7.1297 1.8343 6.0673 6.5873 6.5873
107 -81.2857 -81.2857 -81.2857 -81.2847 -81.2847 -24.6567 -7.4557 -7.1207 -7.1207 1.7643 6.1233 6.5593 6.5593
108 -81.2857 -81.2857 -81.2857 -81.2847 -81.2847 -24.6677 -7.3817 -7.1137 -7.1137 1.6983 6.1793 6.5343 6.5343
109 -81.2857 -81.2857 -81.2857 -81.2847 -81.2847 -24.6787 -7.3147 -7.1077 -7.1077 1.6383 6.2313 6.5113 6.5113
110 -81.2857 -81.2857 -81.2857 -81.2847 -81.2847 -24.6867 -7.2557 -7.1017 -7.1017 1.5853 6.2803 6.4913 6.4913
111 -81.2857 -81.2857 -81.2857 -81.2847 -81.2847 -24.6947 -7.2047 -7.0967 -7.0967 1.5383 6.3243 6.4733 6.4733
112 -81.2857 -81.2857 -81.2857 -81.2847 -81.2847 -24.7007 -7.1627 -7.0927 -7.0927 1.5003 6.3623 6.4593 6.4593
113 -81.2857 -81.2857 -81.2857 -81.2847 -81.2847 -24.7057 -7.1287 -7.0897 -7.0897 1.4693 6.3923 6.4473 6.4473
114 -81.2857 -81.2857 -81.2857 -81.2847 -81.2847 -24.7087 -7.1047 -7.0877 -7.0877 1.4473 6.4143 6.4393 6.4393
115 -81.2857 -81.2857 -81.2857 -81.2847 -81.2847 -24.7107 -7.0907 -7.0867 -7.0867 1.4333 6.4283 6.4343 6.4343
116 -81.2857 -81.2857 -81.2857 -81.2847 -81.2847 -24.7117 -7.0857 -7.0857 -7.0857 1.4293 6.4333 6.4333 6.4333
117 -81.2857 -81.2857 -81.2857 -81.2847 -81.2847 -24.7107 -7.0897 -7.0867 -7.0867 1.4333 6.4263 6.4353 6.4353
118 -81.2857 -81.2857 -81.2857 -81.2847 -81.2847 -24.7087 -7.0997 -7.0907 -7.0907 1.4473 6.4073 6.4433 6.4433
119 -81.2857 -81.2857 -81.2857 -81.2847 -81.2847 -24.7057 -7.1167 -7.0957 -7.0957 1.4693 6.3773 6.4553 6.4553
120 -81.2857 -81.2857 -81.2857 -81.2847 -81.2847 -24.7007 -7.1407 -7.1037 -7.1037 1.5003 6.3343 6.4723 6.4723
121 -81.2857 -81.2857 -81.2857 -81.2847 -81.2847 -24.6947 -7.1707 -7.1137 -7.1137 1.5393 6.2813 6.4953 6.4953
122 -81.2857 -81.2857 -81.2857 -81.2847 -81.2847 -24.6867 -7.2077 -7.1257 -7.1257 1.5863 6.2193 6.5223 6.5223
123 -81.2857 -81.2857 -81.2857 -81.2847 -81.2847 -24.6787 -7.2507 -7.1397 -7.1397 1.6423 6.1473 6.5543 6.5543
124 -81.2857 -81.2857 -81.2857 -81.2847 -81.2847 -24.6677 -7.2987 -7.1567 -7.1567 1.7043 6.0683 6.5913 6.5913
125 -81.2857 -81.2857 -81.2857 -81.2847 -81.2847 -24.6567 -7.3537 -7.1747 -7.1747 1.7743 5.9823 6.6333 6.6333
126 -81.2857 -81.2857 -81.2857 -81.2847 -81.2847 -24.6437 -7.4127 -7.1947 -7.1947 1.8503 5.8903 6.6803 6.6803
127 -81.2857 -81.2857 -81.2857 -81.2847 -81.2847 -24.6297 -7.4767 -7.2167 -7.2167 1.9323 5.7943 6.7313 6.7313
128 -81.2857 -81.2857 -81.2857 -81.2847 -81.2847 -24.6147 -7.5457 -7.2407 -7.2407 2.0193 5.6933 6.7863 6.7863
129 -81.2857 -81.2857 -81.2857 -81.2847 -81.2847 -24.5977 -7.6177 -7.2667 -7.2667 2.1113 5.5893 6.8463 6.8463
130 -81.2857 -81.2857 -81.2857 -81.2847 -81.2847 -24.5797 -7.6947 -7.2937 -7.2937 2.2073 5.4823 6.9113 6.9113
131 -81.2857 -81.2857 -81.2857 -81.2847 -81.2847 -24.5607 -7.7747 -7.3227 -7.3227 2.3063 5.3733 6.9793 6.9793
132 -81.2857 -81.2857 -81.2857 -81.2847 -81.2847 -24.5397 -7.8587 -7.3527 -7.3527 2.4083 5.2633 7.0523 7.0523
133 -81.2857 -81.2857 -81.2857 -81.2847 -81.2847 -24.5187 -7.9447 -7.3847 -7.3847 2.5113 5.1513 7.1293 7.1293
134 -81.2857 -81.2857 -81.2857 -81.2857 -81.2847 -24.4957 -8.0337 -7.4177 -7.4177 2.6153 5.0393 7.2103 7.2103
135 -81.2857 -81.2857 -81.2857 -81.2857 -81.2847 -24.4717 -8.1247 -7.4517 -7.4517 2.7183 4.9263 7.2953 7.2953
136 -81.2857 -81.2857 -81.2857 -81.2857 -81.2847 -24.4467 -8.2177 -7.4877 -7.4877 2.8203 4.8133 7.3843 7.3843
137 -81.2857 -81.2857 -81.2857 -81.2857 -81.2847 -24.4207 -8.3127 -7.5237 -7.5237 2.9183 4.7013 7.4763 7.4763
138 -81.2857 -81.2857 -81.2857 -81.2857 -81.2847 -24.3937 -8.4097 -7.5607 -7.5607 3.0123 4.5893 7.5723 7.5723
139 -81.2857 -81.2857 -81.2857 -81.2857 -81.2847 -24.3647 -8.5077 -7.5997 -7.5997 3.1003 4.4773 7.6723 7.6723
140 -81.2857 -81.2857 -81.2857 -81.2857 -81.2847 -24.3357 -8.6067 -7.6387 -7.6387 3.1793 4.3663 7.6633 7.7753
141 -81.2857 -81.2857 -81.2857 -81.2857 -81.2847 -24.3057 -8.7067 -7.6777 -7.6777 3.2483 4.2573 7.5563 7.8813
142 -81.2857 -81.2857 -81.2857 -81.2857 -81.2847 -24.2747 -8.8077 -7.7177 -7.7177 3.3053 4.1483 7.4673 7.9913
143 -81.2857 -81.2857 -81.2857 -81.2857 -81.2847 -24.2427 -8.9087 -7.7587 -7.7587 3.3483 4.0413 7.3973 8.1043
144 -81.2857 -81.2857 -81.2857 -81.2857 -81.2847 -24.2097 -9.0097 -7.7997 -7.7997 3.3753 3.9353 7.3473 8.2203
145 -81.2857 -81.2857 -81.2857 -81.2857 -81.2847 -24.1757 -9.1117 -7.8417 -7.8417 3.3853 3.8313 7.3203 8.3393
146 -81.2857 -81.2857 -81.2857 -81.2857 -81.2847 -24.1407 -9.2137 -7.8827 -7.8827 3.3783 3.7283 7.3153 8.4603
147 -81.2857 -81.2857 -81.2857 -81.2857 -81.2847 -24.1057 -9.3157 -7.9247 -7.9247 3.3533 3.6273 7.3333 8.5853
148 -81.2857 -81.2857 -81.2857 -81.2857 -81.2847 -24.0697 -9.4167 -7.9667 -7.9667 3.3123 3.5283 7.3723 8.7123
149 -81.2857 -81.2857 -81.2857 -81.2857 -81.2847 -24.0327 -9.5177 -8.0077 -8.0077 3.2563 3.4313 7.4323 8.8423
150 -81.2857 -81.2857 -81.2857 -81.2857 -81.2847 -23.9957 -9.6187 -8.0497 -8.0497 3.1863 3.3353 7.5103 8.9753
151 -81.2857 -81.2857 -81.2857 -81.2857 -81.2847 -23.9577 -9.7187 -8.0917 -8.0917 3.1043 3.2423 7.6053 9.1103
152 -81.2857 -81.2857 -81.2857 -81.2857 -81.2847 -23.9197 -9.8177 -8.1327 -8.1327 3.0123 3.1503 7.7153 9.2473
153 -81.2857 -81.2857 -81.2857 -81.2857 -81.2847 -23.8807 -9.9157 -8.1737 -8.1737 2.9123 3.0613 7.8383 9.3873
154 -81.2857 -81.2857 -81.2857 -81.2857 -81.2847 -23.8417 -10.0137 -8.2137 -8.2137 2.8063 2.9733 7.9723 9.5303
155 -81.2857 -81.2857 -81.2857 -81.2857 -81.2847 -23.8027 -10.1097 -8.2547 -8.2547 2.6943 2.8883 8.1153 9.6753
156 -81.2857 -81.2857 -81.2857 -81.2857 -81.2847 -23.7637 -10.2047 -8.2937 -8.2937 2.5803 2.8053 8.2663 9.8223
157 -81.2857 -81.2857 -81.2857 -81.2857 -81.2847 -23.7237 -10.2987 -8.3327 -8.3327 2.4633 2.7243 8.4243 9.9713
158 -81.2857 -81.2857 -81.2857 -81.2857 -81.2847 -23.6837 -10.3917 -8.3717 -8.3717 2.3453 2.6453 8.5873 10.1223
159 -81.2857 -81.2857 -81.2857 -81.2857 -81.2847 -23.6437 -10.4827 -8.4097 -8.4097 2.2263 2.5683 8.7553 10.2763
160 -81.2857 -81.2857 -81.2857 -81.2857 -81.2847 -23.6037 -10.5717 -8.4467 -8.4467 2.1073 2.4943 8.9263 10.4313
161 -81.2857 -81.2857 -81.2857 -81.2857 -81.2847 -23.5647 -10.6597 -8.4827 -8.4827 1.9903 2.4223 9.1013 10.5893
162 -81.2857 -81.2857 -81.2857 -81.2857 -81.2847 -23.5247 -10.7457 -8.5187 -8.5187 1.8733 2.3523 9.2773 10.7483
163 -81.2857 -81.2857 -81.2857 -81.2857 -81.2847 -23.4857 -10.8307 -8.5527 -8.5527 1.7593 2.2853 9.4553 10.9103
164 -81.2857 -81.2857 -81.2857 -81.2857 -81.2847 -23.4467 -10.9127 -8.5867 -8.5867 1.6463 2.2203 9.6343 11.0743
165 -81.2857 -81.2857 -81.2857 -81.2857 -81.2847 -23.4087 -10.9927 -8.6197 -8.6197 1.5373 2.1573 9.8133 11.2393
166 -81.2857 -81.2857 -81.2857 -81.2857 -81.2847 -23.3707 -11.0707 -8.6517 -8.6517 1.4303 2.0973 9.9923 11.4073
167 -81.2857 -81.2857 -81.2847 -81.2847 -81.2847 -23.3337 -11.1467 -8.6827 -8.6827 1.3263 2.0393 10.1703 11.5763
168 -81.2857 -81.2857 -81.2847 -81.2847 -81.2847 -23.2977 -11.2207 -8.7117 -8.7117 1.2253 1.9833 10.3473 11.7473
169 -81.2857 -81.2857 -81.2847 -81.2847 -81.2847 -23.2617 -11.2917 -8.7407 -8.7407 1.1283 1.9303 10.5213 11.9203
170 -81.2857 -81.2857 -81.2847 -81.2847 -81.2847 -23.2267 -11.3597 -8.7677 -8.7677 1.0353 1.8803 10.6943 12.0953
171 -81.2857 -81.2857 -81.2847 -81.2847 -81.2847 -23.1937 -11.4257 -8.7947 -8.7947 0.9453 1.8313 10.8633 12.2723
172 -81.2857 -81.2857 -81.2847 -81.2847 -81.2847 -23.1607 -11.4897 -8.8197 -8.8197 0.8603 1.7853 11.0303 12.4513
173 -81.2857 -81.2857 -81.2847 -81.2847 -81.2847 -23.1287 -11.5497 -8.8437 -8.8437 0.7783 1.7423 11.1923 12.6313
174 -81.2857 -81.2857 -81.2847 -81.2847 -81.2847 -23.0987 -11.6077 -8.8667 -8.8667 0.7013 1.7013 11.3503 12.8143
175 -81.2857 -81.2857 -81.2847 -81.2847 -81.2847 -23.0697 -11.6617 -8.8877 -8.8877 0.6283 1.6623 11.5023 12.9983
176 -81.2857 -81.2857 -81.2847 -81.2847 -81.2847 -23.0417 -11.7137 -8.9077 -8.9077 0.5603 1.6263 11.6493 13.1833
177 -81.2857 -81.2857 -81.2847 -81.2847 -81.2847 -23.0157 -11.7617 -8.9267 -8.9267 0.4953 1.5933 11.7903 13.3713
178 -81.2857 -81.2857 -81.2847 -81.2847 -81.2847 -22.9917 -11.8077 -8.9447 -8.9447 0.4363 1.5623 11.9243 13.5603
179 -81.2857 -81.2857 -81.2847 -81.2847 -81.2847 -22.9687 -11.8497 -8.9607 -8.9607 0.3813 1.5333 12.0503 13.7513
180 -81.2857 -81.2857 -81.2847 -81.2847 -81.2847 -22.9477 -11.8877 -8.9757 -8.9757 0.3303 1.5073 12.1683 13.9443
181 -81.2857 -81.2857 -81.2847 -81.2847 -81.2847 -22.9277 -11.9227 -8.9887 -8.9887 0.2853 1.4833 12.2783 14.1383
182 -81.2857 -81.2857 -81.2847 -81.2847 -81.2847 -22.9107 -11.9547 -9.0007 -9.0007 0.2433 1.4623 12.3783 14.3343
183 -81.2857 -81.2857 -81.2847 -81.2847 -81.2847 -22.8947 -11.9827 -9.0117 -9.0117 0.2073 1.4433 12.4673 14.5323
184 -81.2857 -81.2857 -81.2847 -81.2847 -81.2847 -22.8817 -12.0067 -9.0207 -9.0207 0.1763 1.4273 12.5473 14.6503
185 -81.2857 -81.2857 -81.2847 -81.2847 -81.2847 -22.8697 -12.0277 -9.0287 -9.0287 0.1493 1.4133 12.6153 14.6853
186 -81.2857 -81.2857 -81.2847 -81.2847 -81.2847 -22.8597 -12.0447 -9.0347 -9.0347 0.1273 1.4023 12.6713 14.7133
187 -81.2857 -81.2857 -81.2847 -81.2847 -81.2847 -22.8527 -12.0577 -9.0397 -9.0397 0.1103 1.3933 12.7163 14.7363
188 -81.2857 -81.2857 -81.2847 -81.2847 -81.2847 -22.8477 -12.0677 -9.0437 -9.0437 0.0983 1.3873 12.7483 14.7523
189 -81.2857 -81.2857 -81.2847 -81.2847 -81.2847 -22.8437 -12.0727 -9.0457 -9.0457 0.0913 1.3833 12.7673 14.7623
190 -81.2857 -81.2857 -81.2847 -81.2847 -81.2847 -22.8427 -12.0747 -9.0467 -9.0467 0.0883 1.3823 12.7733 14.7653
191 -81.2857 -81.2857 -81.2847 -81.2847 -81.2847 -22.8427 -12.0737 -9.0487 -9.0477 0.0923 1.3863 12.7593 14.7233
192 -81.2857 -81.2857 -81.2847 -81.2847 -81.2847 -22.8427 -12.0707 -9.0547 -9.0507 0.1033 1.3993 12.7183 14.6083
193 -81.2857 -81.2857 -81.2847 -81.2847 -81.2847 -22.8427 -12.0657 -9.0657 -9.0547 0.1213 1.4203 12.6513 14.4463
194 -81.2857 -81.2857 -81.2847 -81.2847 -81.2847 -22.8427 -12.0597 -9.0807 -9.0617 0.1463 1.4493 12.5603 14.2563
195 -81.2857 -81.2857 -81.2847 -81.2847 -81.2847 -22.8417 -12.0507 -9.0987 -9.0697 0.1783 1.4863 12.4493 14.0473
196 -81.2857 -81.2857 -81.2847 -81.2847 -81.2847 -22.8417 -12.0397 -9.1217 -9.0787 0.2173 1.5323 12.3193 13.8273
197 -81.2857 -81.2857 -81.2847 -81.2847 -81.2847 -22.8417 -12.0277 -9.1477 -9.0897 0.2633 1.5863 12.1753 13.5983
198 -81.2857 -81.2857 -81.2847 -81.2847 -81.2847 -22.8407 -12.0127 -9.1777 -9.1027 0.3163 1.6473 12.0173 13.3653
199 -81.2857 -81.2857 -81.2847 -81.2847 -81.2847 -22.8397 -11.9967 -9.2117 -9.1167 0.3753 1.7163 11.8483 13.1273
200 -81.2857 -81.2857 -81.2847 -81.2847 -81.2847 -22.8397 -11.9787 -9.2487 -9.1317 0.4413 1.7933 11.6703 12.8863
201 -81.2857 -81.2857 -81.2847 -81.2847 -81.2847 -22.8387 -11.9577 -9.2887 -9.1477 0.5123 1.8773 11.4843 12.6443
202 -81.2857 -81.2857 -81.2847 -81.2847 -81.2847 -22.8377 -11.9357 -9.3317 -9.1657 0.5893 1.9673 11.2913 12.4013
203 -81.2857 -81.2857 -81.2847 -81.2847 -81.2847 -22.8377 -11.9117 -9.3777 -9.1837 0.6713 2.0653 11.0933 12.1573
204 -81.2857 -81.2857 -81.2847 -81.2847 -81.2847 -22.8367 -11.8867 -9.4257 -9.2017 0.7593 2.1703 10.8913 11.9143
205 -81.2857 -81.2857 -81.2847 -81.2847 -81.2847 -22.8357 -11.8587 -9.4767 -9.2207 0.8523 2.2813 10.6843 11.6723
206 -81.2857 -81.2857 -81.2847 -81.2847 -81.2847 -22.8347 -11.8297 -9.5297 -9.2407 0.9493 2.3983 10.4743 11.4313
207 -81.2857 -81.2857 -81.2847 -81.2847 -81.2847 -22.8337 -11.7977 -9.5847 -9.2597 1.0503 2.5213 10.2623 11.1933
208 -81.2857 -81.2857 -81.2847 -81.2847 -81.2847 -22.8327 -11.7647 -9.6417 -9.2797 1.1553 2.6503 10.0473 10.9573
209 -81.2857 -81.2857 -81.2857 -81.2847 -81.2847 -22.8317 -11.7307 -9.7007 -9.2997 1.2623 2.7853 9.8313 10.7253
210 -81.2857 -81.2857 -81.2857 -81.2847 -81.2847 -22.8307 -11.6937 -9.7607 -9.3187 1.3733 2.9253 9.6133 10.4963
211 -81.2857 -81.2857 -81.2857 -81.2847 -81.2847 -22.8297 -11.6557 -9.8217 -9.3377 1.4863 3.0703 9.3943 10.2723
212 -81.2857 -81.2857 -81.2857 -81.2847 -81.2847 -22.8297 -11.6157 -9.8837 -9.3567 1.6003 3.2203 9.1753 10.0533
213 -81.2857 -81.2857 -81.2857 -81.2847 -81.2847 -22.8287 -11.5747 -9.9467 -9.3737 1.7163 3.3753 8.9553 9.8393
214 -81.2857 -81.2857 -81.2857 -81.2847 -81.2847 -22.8277 -11.5317 -10.0107 -9.3917 1.8313 3.5353 8.7343 9.6333
215 -81.2857 -81.2857 -81.2857 -81.2847 -81.2847 -22.8267 -11.4867 -10.0747 -9.4077 1.9453 3.6993 8.5143 9.4343
216 -81.2857 -81.2857 -81.2857 -81.2847 -81.2847 -22.8257 -11.4407 -10.1397 -9.4227 2.0583 3.8673 8.2943 9.2433
217 -81.2857 -81.2857 -81.2857 -81.2847 -81.2847 -22.8257 -11.3927 -10.2047 -9.4377 2.1693 4.0393 8.0753 9.0623
218 -81.2857 -81.2857 -81.2857 -81.2847 -81.2847 -22.8247 -11.3437 -10.2697 -9.4507 2.2753 4.2153 7.8563 8.8913
219 -81.2857 -81.2857 -81.2857 -81.2847 -81.2847 -22.8237 -11.2927 -10.3347 -9.4627 2.3763 4.3943 7.6383 8.7323
220 -81.2857 -81.2857 -81.2857 -81.2847 -81.2847 -22.8237 -11.2407 -10.3997 -9.4737 2.4703 4.5773 7.4213 8.5873
221 -81.2857 -81.2857 -81.2857 -81.2847 -81.2847 -22.8227 -11.1867 -10.4637 -9.4837 2.5573 4.7643 7.2053 8.4573
222 -81.2857 -81.2857 -81.2857 -81.2847 -81.2847 -22.8227 -11.1327 -10.5287 -9.4917 2.6343 4.9533 6.9903 8.3433
223 -81.2857 -81.2857 -81.2857 -81.2847 -81.2847 -22.8227 -11.0767 -10.5927 -9.4977 2.6993 5.1463 6.7773 8.2473
224 -81.2857 -81.2857 -81.2857 -81.2847 -81.2847 -22.8217 -11.0197 -10.6557 -9.5037 2.7523 5.3413 6.5663 8.1703
225 -81.2857 -81.2857 -81.2857 -81.2847 -81.2847 -22.8217 -10.9607 -10.7187 -9.5067 2.7913 5.5403 6.3573 8.1153
226 -81.2857 -81.2857 -81.2857 -81.2847 -81.2847 -22.8217 -10.9017 -10.7807 -9.5097 2.8143 5.7403 6.1493 8.0813
227 -81.2857 -81.2857 -81.2857 -81.2847 -81.2847 -22.8217 -10.8417 -10.8417 -9.5097 2.8223 5.9443 5.9443 8.0703
228 -81.2857 -81.2857 -81.2857 -81.2847 -81.2847 -22.8217 -10.8807 -10.8027 -9.5077 2.8193 5.8083 6.0793 8.0773
229 -81.2857 -81.2857 -81.2857 -81.2847 -81.2847 -22.8227 -10.9197 -10.7657 -9.5007 2.8083 5.6733 6.2163 8.0983
230 -81.2857 -81.2857 -81.2857 -81.2847 -81.2847 -22.8237 -10.9567 -10.7317 -9.4897 2.7903 5.5413 6.3543 8.1313
231 -81.2857 -81.2857 -81.2857 -81.2847 -81.2847 -22.8247 -10.9927 -10.7017 -9.4727 2.7643 5.4143 6.4933 8.1753
232 -81.2857 -81.2857 -81.2857 -81.2847 -81.2847 -22.8267 -11.0267 -10.6747 -9.4507 2.7293 5.2933 6.6323 8.2293
233 -81.2857 -81.2857 -81.2857 -81.2847 -81.2847 -22.8287 -11.0597 -10.6517 -9.4237 2.6863 5.1793 6.7723 8.2923
234 -81.2857 -81.2857 -81.2857 -81.2847 -81.2847 -22.8307 -11.0917 -10.6317 -9.3917 2.6353 5.0733 6.9123 8.3633
235 -81.2857 -81.2857 -81.2857 -81.2847 -81.2847 -22.8327 -11.1227 -10.6157 -9.3557 2.5763 4.9753 7.0533 8.4423
236 -81.2857 -81.2857 -81.2857 -81.2847 -81.2847 -22.8357 -11.1517 -10.6027 -9.3157 2.5103 4.8873 7.1933 8.5283
237 -81.2857 -81.2857 -81.2857 -81.2847 -81.2847 -22.8377 -11.1797 -10.5937 -9.2727 2.4383 4.8073 7.3323 8.6203
238 -81.2857 -81.2857 -81.2857 -81.2847 -81.2847 -22.8407 -11.2057 -10.5867 -9.2267 2.3603 4.7363 7.4703 8.7173
239 -81.2857 -81.2857 -81.2857 -81.2847 -81.2847 -22.8437 -11.2307 -10.5817 -9.1787 2.2783 4.6733 7.6073 8.8193
240 -81.2857 -81.2857 -81.2857 -81.2847 -81.2847 -22.8457 -11.2547 -10.5787 -9.1297 2.1943 4.6173 7.7433 8.9263
241 -81.2857 -81.2857 -81.2857 -81.2847 -81.2847 -22.8487 -11.2767 -10.5777 -9.0797 2.1083 4.5683 7.8763 9.0363
242 -81.2857 -81.2857 -81.2857 -81.2847 -81.2847 -22.8507 -11.2967 -10.5777 -9.0307 2.0223 4.5263 8.0063 9.1483
243 -81.2857 -81.2857 -81.2857 -81.2847 -81.2847 -22.8537 -11.3167 -10.5787 -8.9817 1.9373 4.4883 8.1333 9.2633
244 -81.2857 -81.2857 -81.2857 -81.2847 -81.2847 -22.8557 -11.3337 -10.5797 -8.9337 1.8553 4.4563 8.2553 9.3783
245 -81.2857 -81.2857 -81.2857 -81.2847 -81.2847 -22.8587 -11.3497 -10.5817 -8.8887 1.7763 4.4273 8.3733 9.4933
246 -81.2857 -81.2857 -81.2857 -81.2847 -81.2847 -22.8607 -11.3647 -10.5847 -8.8457 1.7013 4.4033 8.4843 9.6063
247 -81.2857 -81.2857 -81.2857 -81.2847 -81.2847 -22.8627 -11.3777 -10.5867 -8.8057 1.6323 4.3823 8.5893 9.7163
248 -81.2857 -81.2857 -81.2857 -81.2847 -81.2847 -22.8647 -11.3897 -10.5897 -8.7687 1.5693 4.3643 8.6853 9.8223
249 -81.2857 -81.2857 -81.2857 -81.2847 -81.2847 -22.8657 -11.3997 -10.5917 -8.7367 1.5133 4.3493 8.7733 9.9213
250 -81.2857 -81.2857 -81.2857 -81.2847 -81.2847 -22.8677 -11.4077 -10.5947 -8.7087 1.4653 4.3373 8.8493 10.0113
251 -81.2857 -81.2857 -81.2857 -81.2847 -81.2847 -22.8687 -11.4147 -10.5957 -8.6847 1.4253 4.3273 8.9143 10.0903
252 -81.2857 -81.2857 -81.2857 -81.2847 -81.2847 -22.8697 -11.4207 -10.5977 -8.6657 1.3933 4.3193 8.9663 10.1563
253 -81.2857 -81.2857 -81.2857 -81.2847 -81.2847 -22.8697 -11.4237 -10.5987 -8.6527 1.3703 4.3143 9.0043 10.2043
254 -81.2857 -81.2857 -81.2857 -81.2847 -81.2847 -22.8707 -11.4267 -10.5997 -8.6447 1.3563 4.3113 9.0273 10.2343
255 -81.2857 -81.2857 -81.2857 -81.2847 -81.2847 -22.8707 -11.4277 -10.5997 -8.6417 1.3513 4.3103 9.0353 10.2453
