1 -94.994 -58.387 -58.387 -58.281 -3.709 -2.716 -2.716 -0.633 0.619 8.624 8.624 10.902 12.414
2 -94.995 -58.387 -58.387 -58.281 -3.708 -2.718 -2.715 -0.633 0.618 8.6 8.617 10.929 12.428
3 -94.995 -58.388 -58.386 -58.28 -3.704 -2.725 -2.712 -0.633 0.612 8.529 8.598 11.006 12.471
4 -94.995 -58.389 -58.385 -58.279 -3.697 -2.736 -2.706 -0.633 0.603 8.42 8.565 11.126 12.541
5 -94.995 -58.391 -58.384 -58.278 -3.689 -2.751 -2.699 -0.633 0.591 8.282 8.523 11.279 12.638
6 -94.995 -58.393 -58.383 -58.277 -3.677 -2.771 -2.689 -0.634 0.576 8.123 8.471 11.457 12.758
7 -94.995 -58.395 -58.381 -58.275 -3.663 -2.795 -2.677 -0.636 0.559 7.949 8.413 11.654 12.9
8 -94.996 -58.397 -58.378 -58.273 -3.646 -2.822 -2.663 -0.638 0.539 7.766 8.349 11.865 13.062
9 -94.996 -58.4 -58.376 -58.271 -3.627 -2.854 -2.647 -0.642 0.517 7.575 8.282 12.088 13.241
10 -94.996 -58.403 -58.373 -58.268 -3.605 -2.888 -2.629 -0.648 0.494 7.381 8.213 12.319 13.437
11 -94.997 -58.407 -58.369 -58.266 -3.58 -2.927 -2.608 -0.655 0.47 7.183 8.144 12.557 13.647
12 -94.997 -58.41 -58.366 -58.263 -3.553 -2.968 -2.586 -0.666 0.446 6.983 8.074 12.802 13.87
13 -94.997 -58.414 -58.362 -58.26 -3.524 -3.012 -2.562 -0.679 0.422 6.782 8.006 13.051 14.105
14 -94.998 -58.417 -58.358 -58.257 -3.492 -3.059 -2.536 -0.695 0.4 6.581 7.94 13.305 14.351
15 -94.998 -58.421 -58.353 -58.255 -3.458 -3.109 -2.508 -0.715 0.379 6.38 7.876 13.563 14.606
16 -94.999 -58.425 -58.348 -58.252 -3.421 -3.161 -2.479 -0.739 0.359 6.179 7.814 13.825 14.871
17 -94.999 -58.429 -58.344 -58.249 -3.383 -3.215 -2.448 -0.767 0.342 5.979 7.756 14.09 15.144
18 -95.0 -58.433 -58.339 -58.246 -3.341 -3.271 -2.415 -0.798 0.328 5.781 7.7 14.358 15.425
19 -95.001 -58.436 -58.333 -58.243 -3.328 -3.298 -2.38 -0.833 0.316 5.583 7.648 14.628 15.713
20 -95.001 -58.44 -58.328 -58.24 -3.388 -3.252 -2.344 -0.871 0.306 5.387 7.599 14.902 16.008
21 -95.002 -58.444 -58.322 -58.238 -3.448 -3.205 -2.306 -0.912 0.298 5.192 7.553 15.177 16.309
22 -95.002 -58.448 -58.317 -58.235 -3.509 -3.156 -2.267 -0.955 0.293 4.998 7.51 15.455 16.615
23 -95.003 -58.452 -58.311 -58.232 -3.572 -3.104 -2.226 -1.001 0.29 4.806 7.47 15.734 16.928
24 -95.004 -58.456 -58.305 -58.23 -3.635 -3.051 -2.184 -1.048 0.289 4.616 7.433 16.016 17.245
25 -95.004 -58.46 -58.299 -58.227 -3.698 -2.997 -2.14 -1.097 0.289 4.428 7.398 16.299 17.567
26 -95.005 -58.464 -58.293 -58.225 -3.761 -2.941 -2.095 -1.146 0.291 4.242 7.367 16.583 17.894
27 -95.006 -58.467 -58.287 -58.222 -3.824 -2.883 -2.048 -1.195 0.294 4.057 7.338 16.868 18.224
28 -95.006 -58.471 -58.281 -58.22 -3.887 -2.825 -1.999 -1.244 0.297 3.874 7.311 17.154 18.559
29 -95.007 -58.474 -58.275 -58.218 -3.95 -2.767 -1.949 -1.293 0.301 3.693 7.287 17.441 18.896
30 -95.008 -58.478 -58.269 -58.216 -4.012 -2.707 -1.897 -1.341 0.306 3.515 7.264 17.727 19.237
31 -95.008 -58.481 -58.263 -58.214 -4.072 -2.648 -1.842 -1.389 0.311 3.338 7.244 18.014 19.581
32 -95.009 -58.484 -58.258 -58.212 -4.132 -2.589 -1.786 -1.435 0.317 3.163 7.226 18.299 19.928
33 -95.01 -58.487 -58.252 -58.21 -4.19 -2.531 -1.727 -1.479 0.322 2.991 7.209 18.583 20.276
34 -95.01 -58.49 -58.247 -58.208 -4.247 -2.473 -1.665 -1.522 0.328 2.82 7.194 18.865 20.626
35 -95.011 -58.493 -58.241 -58.206 -4.301 -2.417 -1.6 -1.563 0.334 2.652 7.18 19.143 20.978
36 -95.011 -58.496 -58.236 -58.205 -4.354 -2.363 -1.603 -1.532 0.339 2.486 7.168 19.418 21.331
37 -95.012 -58.498 -58.231 -58.203 -4.405 -2.312 -1.64 -1.461 0.344 2.322 7.156 19.686 21.683
38 -95.013 -58.501 -58.227 -58.202 -4.453 -2.262 -1.676 -1.386 0.35 2.16 7.147 19.948 22.036
39 -95.013 -58.503 -58.222 -58.201 -4.498 -2.216 -1.709 -1.307 0.355 2.001 7.138 20.202 22.387
40 -95.014 -58.505 -58.218 -58.199 -4.541 -2.173 -1.74 -1.225 0.359 1.845 7.13 20.444 22.737
41 -95.014 -58.507 -58.214 -58.198 -4.581 -2.133 -1.768 -1.14 0.364 1.691 7.123 20.673 23.084
42 -95.014 -58.509 -58.21 -58.197 -4.618 -2.096 -1.794 -1.051 0.368 1.539 7.117 20.887 23.427
43 -95.015 -58.51 -58.207 -58.196 -4.652 -2.062 -1.818 -0.958 0.372 1.391 7.111 21.083 23.765
44 -95.015 -58.512 -58.204 -58.195 -4.683 -2.033 -1.84 -0.863 0.375 1.246 7.107 21.26 24.095
45 -95.015 -58.513 -58.201 -58.195 -4.71 -2.006 -1.859 -0.765 0.378 1.104 7.103 21.414 24.416
46 -95.016 -58.514 -58.199 -58.194 -4.734 -1.984 -1.875 -0.665 0.381 0.967 7.099 21.546 24.724
47 -95.016 -58.515 -58.197 -58.194 -4.754 -1.965 -1.889 -0.564 0.383 0.834 7.096 21.655 25.014
48 -95.016 -58.516 -58.195 -58.193 -4.771 -1.949 -1.901 -0.464 0.385 0.708 7.094 21.743 25.28
49 -95.016 -58.517 -58.194 -58.193 -4.784 -1.937 -1.91 -0.367 0.386 0.592 7.092 21.808 25.511
50 -95.016 -58.517 -58.193 -58.192 -4.793 -1.928 -1.916 -0.281 0.388 0.491 7.091 21.854 25.696
51 -95.016 -58.517 -58.193 -58.192 -4.799 -1.923 -1.92 -0.215 0.388 0.417 7.091 21.881 25.818
52 -95.016 -58.517 -58.192 -58.192 -4.8 -1.921 -1.921 -0.189 0.389 0.389 7.09 21.89 25.861
53 -95.016 -58.517 -58.192 -58.192 -4.802 -1.921 -1.921 -0.199 0.387 0.387 7.105 21.892 25.861
54 -95.017 -58.517 -58.192 -58.192 -4.805 -1.919 -1.919 -0.226 0.384 0.384 7.147 21.899 25.863
55 -95.017 -58.516 -58.192 -58.192 -4.81 -1.917 -1.917 -0.27 0.378 0.378 7.218 21.91 25.865
56 -95.017 -58.514 -58.192 -58.192 -4.817 -1.914 -1.914 -0.329 0.37 0.37 7.315 21.925 25.869
57 -95.017 -58.512 -58.192 -58.192 -4.827 -1.909 -1.909 -0.403 0.36 0.36 7.437 21.944 25.873
58 -95.018 -58.51 -58.191 -58.191 -4.839 -1.904 -1.904 -0.49 0.347 0.347 7.582 21.967 25.879
59 -95.018 -58.507 -58.191 -58.191 -4.853 -1.898 -1.898 -0.586 0.333 0.333 7.749 21.995 25.886
60 -95.019 -58.503 -58.19 -58.19 -4.871 -1.891 -1.891 -0.691 0.316 0.316 7.936 22.026 25.894
61 -95.02 -58.5 -58.19 -58.19 -4.893 -1.884 -1.884 -0.803 0.297 0.297 8.141 22.062 25.903
62 -95.02 -58.496 -58.189 -58.189 -4.918 -1.875 -1.875 -0.918 0.277 0.277 8.362 22.101 25.914
63 -95.021 -58.491 -58.189 -58.189 -4.947 -1.866 -1.866 -1.036 0.255 0.255 8.598 22.145 25.925
64 -95.022 -58.486 -58.188 -58.188 -4.981 -1.856 -1.856 -1.154 0.231 0.231 8.848 22.192 25.938
65 -95.023 -58.481 -58.187 -58.187 -5.019 -1.845 -1.845 -1.272 0.205 0.205 9.11 22.242 25.952
66 -95.024 -58.475 -58.186 -58.186 -5.063 -1.834 -1.834 -1.386 0.178 0.178 9.383 22.296 25.967
67 -95.025 -58.469 -58.185 -58.185 -5.113 -1.822 -1.822 -1.497 0.149 0.149 9.666 22.354 25.984
68 -95.026 -58.463 -58.185 -58.185 -5.169 -1.81 -1.81 -1.603 0.119 0.119 9.958 22.414 26.002
69 -95.027 -58.456 -58.184 -58.184 -5.232 -1.797 -1.797 -1.703 0.088 0.088 10.259 22.478 26.021
70 -95.028 -58.449 -58.183 -58.183 -5.301 -1.796 -1.783 -1.783 0.056 0.056 10.567 22.544 26.042
71 -95.03 -58.442 -58.182 -58.182 -5.376 -1.881 -1.77 -1.77 0.023 0.023 10.883 22.613 26.064
72 -95.031 -58.435 -58.181 -58.181 -5.459 -1.959 -1.756 -1.756 -0.011 -0.011 11.205 22.684 26.087
73 -95.033 -58.427 -58.18 -58.18 -5.547 -2.028 -1.742 -1.742 -0.045 -0.045 11.533 22.757 26.113
74 -95.034 -58.419 -58.178 -58.178 -5.642 -2.089 -1.728 -1.728 -0.08 -0.08 11.867 22.832 26.139
75 -95.035 -58.411 -58.177 -58.177 -5.742 -2.142 -1.715 -1.715 -0.115 -0.115 12.206 22.909 26.167
76 -95.037 -58.402 -58.176 -58.176 -5.847 -2.187 -1.701 -1.701 -0.15 -0.15 12.55 22.987 26.197
77 -95.038 -58.394 -58.175 -58.175 -5.957 -2.225 -1.687 -1.687 -0.184 -0.184 12.898 23.066 26.228
78 -95.04 -58.385 -58.174 -58.174 -6.07 -2.255 -1.674 -1.674 -0.218 -0.218 13.251 23.146 26.261
79 -95.041 -58.376 -58.172 -58.172 -6.187 -2.28 -1.662 -1.662 -0.252 -0.252 13.608 23.227 26.296
80 -95.043 -58.367 -58.171 -58.171 -6.306 -2.298 -1.65 -1.65 -0.285 -0.285 13.968 23.307 26.332
81 -95.045 -58.358 -58.17 -58.17 -6.427 -2.311 -1.639 -1.639 -0.317 -0.317 14.331 23.388 26.369
82 -95.046 -58.349 -58.168 -58.168 -6.55 -2.318 -1.629 -1.629 -0.348 -0.348 14.698 23.467 26.409
83 -95.048 -58.339 -58.167 -58.167 -6.673 -2.321 -1.621 -1.621 -0.377 -0.377 15.067 23.546 26.45
84 -95.049 -58.33 -58.166 -58.166 -6.796 -2.32 -1.613 -1.613 -0.405 -0.405 15.439 23.624 26.493
85 -95.051 -58.321 -58.164 -58.164 -6.918 -2.316 -1.607 -1.607 -0.432 -0.432 15.813 23.701 26.538
86 -95.053 -58.312 -58.163 -58.163 -7.04 -2.308 -1.603 -1.603 -0.456 -0.456 16.189 23.776 26.584
87 -95.054 -58.302 -58.162 -58.162 -7.161 -2.298 -1.6 -1.6 -0.478 -0.478 16.567 23.849 26.632
88 -95.056 -58.293 -58.161 -58.161 -7.279 -2.285 -1.599 -1.599 -0.498 -0.498 16.946 23.92 26.682
89 -95.057 -58.285 -58.159 -58.159 -7.396 -2.271 -1.6 -1.6 -0.516 -0.516 17.327 23.989 26.734
90 -95.059 -58.276 -58.158 -58.158 -7.511 -2.254 -1.603 -1.603 -0.531 -0.531 17.707 24.057 26.787
91 -95.061 -58.267 -58.157 -58.157 -7.623 -2.236 -1.607 -1.607 -0.544 -0.544 18.088 24.122 26.842
92 -95.062 -58.258 -58.156 -58.156 -7.732 -2.217 -1.614 -1.614 -0.555 -0.555 18.468 24.186 26.899
93 -95.064 -58.25 -58.155 -58.155 -7.838 -2.197 -1.621 -1.621 -0.563 -0.563 18.847 24.249 26.957
94 -95.065 -58.241 -58.153 -58.153 -7.94 -2.176 -1.631 -1.631 -0.569 -0.569 19.224 24.312 27.017
95 -95.066 -58.233 -58.152 -58.152 -8.039 -2.154 -1.641 -1.641 -0.573 -0.573 19.597 24.376 27.079
96 -95.068 -58.225 -58.151 -58.151 -8.135 -2.133 -1.653 -1.653 -0.576 -0.576 19.965 24.441 27.142
97 -95.069 -58.218 -58.15 -58.15 -8.226 -2.111 -1.666 -1.666 -0.577 -0.577 20.327 24.511 27.206
98 -95.07 -58.21 -58.149 -58.149 -8.314 -2.089 -1.679 -1.679 -0.576 -0.576 20.68 24.586 27.271
99 -95.071 -58.203 -58.148 -58.148 -8.397 -2.068 -1.693 -1.693 -0.574 -0.574 21.021 24.67 27.338
100 -95.072 -58.196 -58.147 -58.147 -8.477 -2.046 -1.707 -1.707 -0.571 -0.571 21.347 24.767 27.405
101 -95.073 -58.189 -58.146 -58.146 -8.552 -2.025 -1.722 -1.722 -0.567 -0.567 21.655 24.88 27.473
102 -95.075 -58.183 -58.145 -58.145 -8.622 -2.005 -1.736 -1.736 -0.563 -0.563 21.938 25.013 27.541
103 -95.076 -58.177 -58.144 -58.144 -8.688 -1.986 -1.75 -1.75 -0.559 -0.559 22.195 25.172 27.609
104 -95.076 -58.172 -58.143 -58.143 -8.75 -1.968 -1.764 -1.764 -0.554 -0.554 22.42 25.357 27.677
105 -95.077 -58.167 -58.143 -58.143 -8.806 -1.951 -1.777 -1.777 -0.549 -0.549 22.612 25.572 27.743
106 -95.078 -58.161 -58.142 -58.142 -8.858 -1.934 -1.789 -1.789 -0.544 -0.544 22.773 25.815 27.809
107 -95.079 -58.157 -58.142 -58.142 -8.906 -1.919 -1.8 -1.8 -0.54 -0.54 22.903 26.082 27.872
108 -95.079 -58.153 -58.141 -58.141 -8.948 -1.906 -1.811 -1.811 -0.535 -0.535 23.007 26.367 27.932
109 -95.08 -58.15 -58.141 -58.141 -8.985 -1.894 -1.82 -1.82 -0.531 -0.531 23.089 26.666 27.989
110 -95.081 -58.147 -58.14 -58.14 -9.018 -1.883 -1.829 -1.829 -0.527 -0.527 23.152 26.969 28.041
111 -95.081 -58.145 -58.14 -58.14 -9.046 -1.874 -1.836 -1.836 -0.524 -0.524 23.201 27.268 28.087
112 -95.081 -58.142 -58.139 -58.139 -9.068 -1.866 -1.842 -1.842 -0.521 -0.521 23.237 27.552 28.127
113 -95.082 -58.141 -58.139 -58.139 -9.086 -1.861 -1.847 -1.847 -0.519 -0.519 23.263 27.807 28.159
114 -95.082 -58.14 -58.139 -58.139 -9.098 -1.856 -1.85 -1.85 -0.517 -0.517 23.281 28.015 28.183
115 -95.082 -58.139 -58.139 -58.139 -9.106 -1.854 -1.852 -1.852 -0.516 -0.516 23.291 28.153 28.197
116 -95.082 -58.139 -58.139 -58.139 -9.109 -1.853 -1.853 -1.853 -0.516 -0.516 23.294 28.202 28.202
117 -95.082 -58.139 -58.139 -58.139 -9.106 -1.854 -1.852 -1.852 -0.517 -0.516 23.291 28.181 28.181
118 -95.082 -58.14 -58.139 -58.139 -9.098 -1.857 -1.85 -1.85 -0.52 -0.515 23.281 28.118 28.118
119 -95.082 -58.14 -58.14 -58.14 -9.086 -1.863 -1.845 -1.845 -0.525 -0.513 23.265 28.019 28.019
120 -95.081 -58.142 -58.14 -58.14 -9.068 -1.871 -1.84 -1.84 -0.532 -0.51 23.242 27.888 27.888
121 -95.081 -58.143 -58.141 -58.141 -9.046 -1.881 -1.832 -1.832 -0.541 -0.507 23.214 27.732 27.732
122 -95.081 -58.145 -58.141 -58.141 -9.018 -1.893 -1.823 -1.823 -0.553 -0.502 23.18 27.556 27.556
123 -95.08 -58.147 -58.142 -58.142 -8.986 -1.908 -1.813 -1.813 -0.566 -0.497 23.141 27.364 27.364
124 -95.079 -58.149 -58.143 -58.143 -8.948 -1.924 -1.8 -1.8 -0.581 -0.491 23.098 27.159 27.159
125 -95.079 -58.152 -58.144 -58.144 -8.906 -1.943 -1.787 -1.787 -0.598 -0.485 23.05 26.945 26.945
126 -95.078 -58.156 -58.145 -58.145 -8.859 -1.963 -1.771 -1.771 -0.618 -0.478 22.999 26.723 26.723
127 -95.077 -58.159 -58.146 -58.146 -8.807 -1.986 -1.754 -1.754 -0.638 -0.47 22.944 26.495 26.495
128 -95.076 -58.163 -58.148 -58.148 -8.75 -2.01 -1.736 -1.736 -0.66 -0.462 22.887 26.262 26.262
129 -95.076 -58.167 -58.149 -58.149 -8.689 -2.037 -1.716 -1.716 -0.684 -0.453 22.828 26.024 26.024
130 -95.075 -58.171 -58.151 -58.151 -8.623 -2.065 -1.694 -1.694 -0.71 -0.443 22.766 25.784 25.784
131 -95.074 -58.176 -58.153 -58.153 -8.552 -2.095 -1.671 -1.671 -0.737 -0.432 22.704 25.541 25.541
132 -95.072 -58.181 -58.155 -58.155 -8.477 -2.127 -1.647 -1.647 -0.766 -0.421 22.64 25.297 25.297
133 -95.071 -58.186 -58.157 -58.157 -8.397 -2.16 -1.62 -1.62 -0.795 -0.409 22.576 25.051 25.051
134 -95.07 -58.192 -58.159 -58.159 -8.314 -2.195 -1.593 -1.593 -0.825 -0.397 22.511 24.803 24.803
135 -95.069 -58.197 -58.161 -58.161 -8.226 -2.231 -1.564 -1.564 -0.857 -0.385 22.446 24.555 24.555
136 -95.067 -58.203 -58.163 -58.163 -8.134 -2.268 -1.533 -1.533 -0.889 -0.371 22.381 24.307 24.307
137 -95.066 -58.209 -58.165 -58.165 -8.038 -2.307 -1.501 -1.501 -0.922 -0.357 22.317 24.059 24.059
138 -95.065 -58.215 -58.168 -58.168 -7.938 -2.347 -1.467 -1.467 -0.955 -0.343 22.253 23.811 23.811
139 -95.063 -58.222 -58.17 -58.17 -7.834 -2.388 -1.432 -1.432 -0.989 -0.328 22.189 23.563 23.563
140 -95.061 -58.228 -58.173 -58.173 -7.727 -2.43 -1.396 -1.396 -1.023 -0.312 22.127 23.316 23.316
141 -95.06 -58.235 -58.175 -58.175 -7.617 -2.473 -1.358 -1.358 -1.056 -0.296 22.066 23.07 23.07
142 -95.058 -58.242 -58.178 -58.178 -7.503 -2.517 -1.319 -1.319 -1.09 -0.28 22.006 22.824 22.824
143 -95.057 -58.249 -58.18 -58.18 -7.387 -2.561 -1.279 -1.279 -1.122 -0.264 21.947 22.58 22.58
144 -95.055 -58.256 -58.183 -58.183 -7.268 -2.606 -1.237 -1.237 -1.154 -0.246 21.889 22.338 22.338
145 -95.053 -58.263 -58.186 -58.186 -7.147 -2.652 -1.195 -1.195 -1.184 -0.229 21.833 22.096 22.096
146 -95.051 -58.27 -58.188 -58.188 -7.023 -2.698 -1.212 -1.15 -1.15 -0.211 21.778 21.857 21.857
147 -95.049 -58.277 -58.191 -58.191 -6.898 -2.745 -1.239 -1.106 -1.106 -0.194 21.62 21.62 21.724
148 -95.048 -58.284 -58.194 -58.194 -6.772 -2.792 -1.263 -1.06 -1.06 -0.176 21.384 21.384 21.672
149 -95.046 -58.292 -58.198 -58.198 -6.645 -2.84 -1.284 -1.013 -1.013 -0.158 21.15 21.15 21.621
150 -95.044 -58.3 -58.2 -58.2 -6.517 -2.887 -1.302 -0.965 -0.965 -0.139 20.92 20.92 21.368
151 -95.042 -58.307 -58.203 -58.203 -6.39 -2.934 -1.315 -0.917 -0.917 -0.121 20.691 20.691 21.087
152 -95.04 -58.315 -58.206 -58.206 -6.263 -2.981 -1.325 -0.867 -0.867 -0.102 20.466 20.466 20.8
153 -95.039 -58.322 -58.209 -58.209 -6.138 -3.028 -1.329 -0.817 -0.817 -0.084 20.243 20.243 20.506
154 -95.037 -58.33 -58.212 -58.212 -6.015 -3.075 -1.327 -0.766 -0.766 -0.065 20.023 20.023 20.207
155 -95.035 -58.337 -58.215 -58.215 -5.894 -3.121 -1.317 -0.715 -0.715 -0.046 19.806 19.806 19.901
156 -95.033 -58.344 -58.218 -58.218 -5.776 -3.167 -1.302 -0.662 -0.662 -0.027 19.59 19.593 19.593
157 -95.031 -58.352 -58.221 -58.221 -5.663 -3.212 -1.278 -0.609 -0.609 -0.008 19.273 19.383 19.383
158 -95.029 -58.359 -58.224 -58.224 -5.555 -3.257 -1.245 -0.557 -0.557 0.01 18.951 19.177 19.177
159 -95.027 -58.366 -58.226 -58.226 -5.452 -3.302 -1.202 -0.504 -0.504 0.029 18.626 18.975 18.975
160 -95.026 -58.373 -58.229 -58.229 -5.356 -3.345 -1.15 -0.45 -0.45 0.047 18.296 18.776 18.776
161 -95.024 -58.381 -58.232 -58.232 -5.267 -3.388 -1.087 -0.397 -0.397 0.065 17.963 18.582 18.582
162 -95.022 -58.388 -58.235 -58.235 -5.184 -3.43 -1.013 -0.344 -0.344 0.083 17.628 18.392 18.392
163 -95.02 -58.395 -58.238 -58.238 -5.109 -3.472 -0.928 -0.291 -0.291 0.1 17.291 18.206 18.206
164 -95.019 -58.402 -58.24 -58.24 -5.042 -3.512 -0.832 -0.239 -0.239 0.118 16.953 18.025 18.025
165 -95.017 -58.408 -58.243 -58.243 -4.983 -3.552 -0.724 -0.186 -0.186 0.134 16.615 17.849 17.849
166 -95.016 -58.415 -58.246 -58.246 -4.931 -3.59 -0.606 -0.134 -0.134 0.151 16.276 17.678 17.678
167 -95.014 -58.421 -58.248 -58.248 -4.886 -3.627 -0.477 -0.083 -0.083 0.167 15.939 17.512 17.512
168 -95.013 -58.427 -58.25 -58.25 -4.848 -3.663 -0.339 -0.032 -0.032 0.183 15.602 17.351 17.351
169 -95.011 -58.432 -58.253 -58.253 -4.817 -3.697 -0.192 0.017 0.017 0.198 15.268 17.196 17.196
170 -95.01 -58.438 -58.255 -58.255 -4.791 -3.731 -0.037 0.066 0.066 0.213 14.937 17.046 17.046
171 -95.008 -58.443 -58.257 -58.257 -4.77 -3.763 0.114 0.114 0.126 0.227 14.609 16.903 16.903
172 -95.007 -58.448 -58.259 -58.259 -4.754 -3.793 0.16 0.16 0.241 0.294 14.285 16.765 16.765
173 -95.006 -58.453 -58.261 -58.261 -4.742 -3.822 0.204 0.204 0.254 0.468 13.966 16.634 16.634
174 -95.005 -58.458 -58.263 -58.263 -4.733 -3.85 0.247 0.247 0.266 0.645 13.654 16.508 16.508
175 -95.003 -58.462 -58.265 -58.265 -4.727 -3.876 0.278 0.289 0.289 0.825 13.348 16.39 16.39
176 -95.002 -58.466 -58.266 -58.266 -4.724 -3.901 0.29 0.328 0.328 1.006 13.05 16.278 16.278
177 -95.001 -58.47 -58.268 -58.268 -4.723 -3.924 0.3 0.366 0.366 1.187 12.761 16.173 16.173
178 -95.0 -58.474 -58.269 -58.269 -4.723 -3.945 0.31 0.401 0.401 1.367 12.482 16.075 16.075
179 -94.999 -58.477 -58.271 -58.271 -4.724 -3.965 0.319 0.434 0.434 1.543 12.215 15.985 15.985
180 -94.999 -58.481 -58.272 -58.272 -4.727 -3.984 0.328 0.465 0.465 1.715 11.96 15.901 15.901
181 -94.998 -58.483 -58.273 -58.273 -4.729 -4.0 0.335 0.493 0.493 1.881 11.721 15.825 15.825
182 -94.997 -58.486 -58.274 -58.274 -4.733 -4.015 0.342 0.518 0.518 2.038 11.498 15.757 15.757
183 -94.997 -58.488 -58.275 -58.275 -4.736 -4.028 0.348 0.541 0.541 2.184 11.294 15.696 15.696
184 -94.996 -58.49 -58.276 -58.276 -4.739 -4.04 0.354 0.561 0.561 2.317 11.111 15.644 15.644
185 -94.996 -58.492 -58.277 -58.277 -4.742 -4.05 0.358 0.578 0.578 2.436 10.95 15.599 15.599
186 -94.995 -58.493 -58.277 -58.277 -4.745 -4.057 0.362 0.593 0.593 2.536 10.815 15.562 15.562
187 -94.995 -58.494 -58.277 -58.277 -4.747 -4.064 0.365 0.603 0.603 2.617 10.708 15.534 15.534
188 -94.995 -58.495 -58.278 -58.278 -4.748 -4.068 0.367 0.611 0.611 2.676 10.629 15.513 15.513
189 -94.995 -58.495 -58.278 -58.278 -4.749 -4.071 0.368 0.616 0.616 2.713 10.582 15.501 15.501
190 -94.995 -58.495 -58.278 -58.278 -4.749 -4.072 0.369 0.618 0.618 2.725 10.566 15.497 15.497
191 -94.995 -58.495 -58.278 -58.278 -4.748 -4.071 0.367 0.608 0.618 2.737 10.566 15.483 15.489
192 -94.995 -58.495 -58.278 -58.278 -4.744 -4.068 0.363 0.578 0.618 2.773 10.567 15.441 15.466
193 -94.995 -58.494 -58.279 -58.278 -4.736 -4.063 0.356 0.53 0.618 2.83 10.568 15.372 15.428
194 -94.995 -58.494 -58.28 -58.279 -4.726 -4.057 0.347 0.466 0.618 2.907 10.569 15.28 15.377
195 -94.995 -58.493 -58.281 -58.279 -4.713 -4.048 0.334 0.39 0.618 3.0 10.572 15.166 15.312
196 -94.995 -58.492 -58.282 -58.279 -4.698 -4.037 0.305 0.319 0.618 3.107 10.575 15.034 15.236
197 -94.995 -58.491 -58.283 -58.279 -4.679 -4.025 0.211 0.302 0.618 3.225 10.578 14.886 15.149
198 -94.995 -58.489 -58.285 -58.279 -4.658 -4.01 0.112 0.282 0.618 3.353 10.583 14.724 15.052
199 -94.995 -58.487 -58.286 -58.279 -4.634 -3.993 0.009 0.26 0.618 3.489 10.587 14.551 14.948
200 -94.995 -58.486 -58.288 -58.279 -4.607 -3.975 -0.097 0.235 0.618 3.631 10.593 14.368 14.837
201 -94.995 -58.484 -58.29 -58.279 -4.579 -3.954 -0.205 0.208 0.618 3.78 10.599 14.178 14.72
202 -94.995 -58.482 -58.292 -58.279 -4.548 -3.932 -0.314 0.179 0.618 3.933 10.606 13.982 14.599
203 -94.995 -58.479 -58.295 -58.279 -4.514 -3.907 -0.424 0.147 0.618 4.091 10.613 13.78 14.476
204 -94.995 -58.477 -58.297 -58.279 -4.479 -3.88 -0.535 0.114 0.618 4.253 10.622 13.575 14.35
205 -94.995 -58.474 -58.3 -58.28 -4.442 -3.852 -0.645 0.079 0.618 4.418 10.631 13.366 14.223
206 -94.995 -58.471 -58.303 -58.28 -4.403 -3.822 -0.754 0.042 0.618 4.587 10.64 13.154 14.096
207 -94.995 -58.468 -58.306 -58.28 -4.363 -3.789 -0.863 0.004 0.618 4.759 10.651 12.94 13.97
208 -94.995 -58.465 -58.309 -58.28 -4.321 -3.755 -0.971 -0.036 0.618 4.933 10.662 12.725 13.845
209 -94.995 -58.462 -58.312 -58.28 -4.279 -3.718 -1.078 -0.077 0.618 5.11 10.674 12.508 13.722
210 -94.995 -58.459 -58.315 -58.28 -4.235 -3.679 -1.183 -0.119 0.618 5.29 10.687 12.29 13.602
211 -94.995 -58.455 -58.319 -58.28 -4.191 -3.639 -1.287 -0.162 0.618 5.471 10.7 12.072 13.485
212 -94.995 -58.452 -58.322 -58.28 -4.147 -3.596 -1.39 -0.205 0.619 5.656 10.715 11.854 13.371
213 -94.995 -58.448 -58.326 -58.28 -4.102 -3.552 -1.491 -0.248 0.619 5.842 10.729 11.635 13.262
214 -94.995 -58.444 -58.33 -58.281 -4.059 -3.505 -1.59 -0.291 0.619 6.03 10.745 11.416 13.157
215 -94.995 -58.44 -58.334 -58.281 -4.016 -3.457 -1.688 -0.332 0.619 6.219 10.761 11.197 13.057
216 -94.995 -58.436 -58.338 -58.281 -3.974 -3.406 -1.784 -0.373 0.619 6.411 10.777 10.979 12.963
217 -94.995 -58.432 -58.342 -58.281 -3.934 -3.354 -1.878 -0.413 0.619 6.605 10.761 10.793 12.875
218 -94.995 -58.428 -58.347 -58.281 -3.895 -3.299 -1.971 -0.45 0.619 6.8 10.544 10.809 12.793
219 -94.995 -58.423 -58.351 -58.281 -3.86 -3.243 -2.061 -0.485 0.619 6.997 10.327 10.825 12.717
220 -94.995 -58.419 -58.355 -58.281 -3.827 -3.184 -2.151 -0.518 0.619 7.195 10.111 10.841 12.649
221 -94.995 -58.415 -58.36 -58.281 -3.797 -3.123 -2.237 -0.547 0.619 7.395 9.896 10.855 12.589
222 -94.995 -58.41 -58.364 -58.281 -3.771 -3.06 -2.322 -0.572 0.619 7.596 9.681 10.868 12.536
223 -94.995 -58.405 -58.369 -58.282 -3.749 -2.996 -2.405 -0.594 0.619 7.799 9.468 10.88 12.493
224 -94.995 -58.401 -58.373 -58.282 -3.732 -2.929 -2.486 -0.611 0.619 8.003 9.255 10.889 12.458
225 -94.994 -58.396 -58.378 -58.281 -3.719 -2.86 -2.564 -0.623 0.619 8.209 9.044 10.896 12.434
226 -94.994 -58.392 -58.382 -58.281 -3.712 -2.789 -2.641 -0.63 0.619 8.416 8.833 10.901 12.419
227 -94.994 -58.387 -58.387 -58.281 -3.709 -2.716 -2.716 -0.633 0.619 8.624 8.624 10.902 12.414
228 -94.994 -58.39 -58.384 -58.281 -3.71 -2.765 -2.667 -0.632 0.619 8.488 8.747 10.913 12.422
229 -94.995 -58.393 -58.381 -58.281 -3.711 -2.814 -2.617 -0.629 0.616 8.356 8.839 10.943 12.451
230 -94.995 -58.396 -58.378 -58.28 -3.714 -2.862 -2.566 -0.623 0.613 8.228 8.899 10.988 12.504
231 -94.995 -58.399 -58.376 -58.28 -3.718 -2.911 -2.514 -0.616 0.607 8.104 8.931 11.042 12.586
232 -94.995 -58.401 -58.374 -58.279 -3.723 -2.958 -2.462 -0.608 0.601 7.983 8.939 11.096 12.698
233 -94.995 -58.404 -58.372 -58.278 -3.729 -3.005 -2.409 -0.597 0.592 7.868 8.928 11.145 12.843
234 -94.995 -58.407 -58.37 -58.277 -3.735 -3.051 -2.356 -0.585 0.583 7.756 8.903 11.184 13.018
235 -94.995 -58.409 -58.368 -58.276 -3.743 -3.095 -2.303 -0.572 0.572 7.649 8.867 11.215 13.221
236 -94.995 -58.411 -58.366 -58.274 -3.751 -3.138 -2.25 -0.558 0.559 7.546 8.825 11.236 13.447
237 -94.995 -58.414 -58.365 -58.273 -3.76 -3.179 -2.197 -0.544 0.546 7.448 8.777 11.25 13.693
238 -94.995 -58.416 -58.364 -58.271 -3.769 -3.218 -2.144 -0.528 0.531 7.355 8.727 11.259 13.953
239 -94.995 -58.418 -58.363 -58.269 -3.779 -3.255 -2.092 -0.512 0.515 7.267 8.675 11.263 14.225
240 -94.996 -58.42 -58.362 -58.268 -3.79 -3.29 -2.04 -0.496 0.499 7.183 8.624 11.264 14.506
241 -94.996 -58.421 -58.361 -58.266 -3.801 -3.322 -1.989 -0.48 0.481 7.105 8.573 11.263 14.795
242 -94.996 -58.423 -58.361 -58.264 -3.812 -3.352 -1.94 -0.464 0.463 7.031 8.523 11.26 15.088
243 -94.996 -58.424 -58.36 -58.262 -3.824 -3.38 -1.893 -0.448 0.445 6.963 8.475 11.256 15.384
244 -94.996 -58.426 -58.36 -58.26 -3.835 -3.405 -1.847 -0.433 0.426 6.899 8.43 11.252 15.681
245 -94.996 -58.427 -58.359 -58.259 -3.846 -3.428 -1.804 -0.418 0.408 6.841 8.387 11.248 15.978
246 -94.996 -58.428 -58.359 -58.257 -3.857 -3.448 -1.763 -0.405 0.39 6.789 8.348 11.243 16.271
247 -94.996 -58.429 -58.359 -58.255 -3.868 -3.465 -1.725 -0.392 0.372 6.742 8.312 11.239 16.559
248 -94.996 -58.43 -58.359 -58.254 -3.878 -3.481 -1.691 -0.381 0.356 6.7 8.28 11.235 16.838
249 -94.996 -58.431 -58.359 -58.253 -3.887 -3.494 -1.66 -0.37 0.341 6.663 8.252 11.231 17.104
250 -94.996 -58.432 -58.359 -58.252 -3.895 -3.505 -1.633 -0.362 0.327 6.633 8.228 11.228 17.351
251 -94.996 -58.432 -58.358 -58.251 -3.902 -3.513 -1.61 -0.354 0.316 6.607 8.208 11.226 17.573
252 -94.996 -58.433 -58.358 -58.251 -3.907 -3.52 -1.592 -0.348 0.307 6.588 8.192 11.224 17.762
253 -94.996 -58.433 -58.358 -58.25 -3.911 -3.525 -1.579 -0.344 0.3 6.574 8.181 11.222 17.907
254 -94.996 -58.433 -58.358 -58.25 -3.913 -3.528 -1.571 -0.342 0.296 6.565 8.175 11.221 17.999
255 -94.996 -58.433 -58.358 -58.25 -3.914 -3.529 -1.569 -0.341 0.294 6.563 8.172 11.221 18.031
