1 -23.271635 -0.492975 -0.492975 -0.318375
2 -23.271655 -0.493445 -0.492675 -0.317995
3 -23.271725 -0.494855 -0.491765 -0.316875
4 -23.271845 -0.497165 -0.490265 -0.315055
5 -23.272005 -0.500305 -0.488165 -0.312595
6 -23.272205 -0.504205 -0.485485 -0.309565
7 -23.272455 -0.508775 -0.482225 -0.306045
8 -23.272745 -0.513935 -0.478405 -0.302105
9 -23.273075 -0.519615 -0.474025 -0.297845
10 -23.273455 -0.525725 -0.469105 -0.293315
11 -23.273865 -0.532205 -0.463675 -0.288585
12 -23.274315 -0.538995 -0.457735 -0.283705
13 -23.274795 -0.546025 -0.451325 -0.278725
14 -23.275315 -0.553265 -0.444445 -0.273695
15 -23.275865 -0.560665 -0.437145 -0.268625
16 -23.276445 -0.568185 -0.429425 -0.263575
17 -23.277055 -0.575785 -0.421335 -0.258545
18 -23.277695 -0.583445 -0.412895 -0.253575
19 -23.278345 -0.591135 -0.404135 -0.248675
20 -23.279025 -0.598825 -0.395085 -0.243855
21 -23.279715 -0.606485 -0.385775 -0.239145
22 -23.280425 -0.614105 -0.376245 -0.234535
23 -23.281145 -0.621655 -0.366535 -0.230045
24 -23.281885 -0.629115 -0.356675 -0.225685
25 -23.282615 -0.636475 -0.346705 -0.221455
26 -23.283365 -0.643705 -0.336655 -0.217375
27 -23.284105 -0.650805 -0.326565 -0.213425
28 -23.284845 -0.657745 -0.316475 -0.209635
29 -23.285585 -0.664525 -0.306425 -0.205995
30 -23.286315 -0.671115 -0.296455 -0.202495
31 -23.287035 -0.677505 -0.286595 -0.199165
32 -23.287745 -0.683685 -0.276895 -0.195985
33 -23.288435 -0.689645 -0.267385 -0.192965
34 -23.289115 -0.695375 -0.258105 -0.190095
35 -23.289765 -0.700855 -0.249085 -0.187395
36 -23.290405 -0.706075 -0.240365 -0.184845
37 -23.291005 -0.711035 -0.231985 -0.182455
38 -23.291585 -0.715715 -0.223975 -0.180225
39 -23.292135 -0.720115 -0.216365 -0.178155
40 -23.292645 -0.724225 -0.209185 -0.176235
41 -23.293135 -0.728025 -0.202465 -0.174475
42 -23.293575 -0.731525 -0.196235 -0.172875
43 -23.293985 -0.734715 -0.190525 -0.171425
44 -23.294365 -0.737575 -0.185345 -0.170135
45 -23.294695 -0.740125 -0.180725 -0.168995
46 -23.294975 -0.742335 -0.176675 -0.168005
47 -23.295225 -0.744215 -0.173225 -0.167175
48 -23.295425 -0.745755 -0.170385 -0.166495
49 -23.295585 -0.746955 -0.168155 -0.165965
50 -23.295705 -0.747815 -0.166565 -0.165585
51 -23.295765 -0.748335 -0.165605 -0.165355
52 -23.295795 -0.748505 -0.165285 -0.165285
53 -23.295835 -0.748135 -0.165245 -0.165245
54 -23.295975 -0.747025 -0.165125 -0.165125
55 -23.296205 -0.745175 -0.164925 -0.164925
56 -23.296515 -0.742595 -0.164645 -0.164645
57 -23.296925 -0.739295 -0.164295 -0.164295
58 -23.297425 -0.735265 -0.163865 -0.163865
59 -23.298005 -0.730525 -0.163355 -0.163355
60 -23.298675 -0.725075 -0.162775 -0.162775
61 -23.299425 -0.718945 -0.162125 -0.162125
62 -23.300255 -0.712125 -0.161395 -0.161395
63 -23.301175 -0.704645 -0.160595 -0.160595
64 -23.302165 -0.696505 -0.159735 -0.159735
65 -23.303225 -0.687745 -0.158795 -0.158795
66 -23.304365 -0.678355 -0.157805 -0.157805
67 -23.305575 -0.668385 -0.156745 -0.156745
68 -23.306855 -0.657835 -0.155625 -0.155625
69 -23.308195 -0.646725 -0.154455 -0.154455
70 -23.309595 -0.635095 -0.153225 -0.153225
71 -23.311055 -0.622955 -0.151945 -0.151945
72 -23.312565 -0.610345 -0.150615 -0.150615
73 -23.314135 -0.597275 -0.149245 -0.149245
74 -23.315735 -0.583795 -0.147825 -0.147825
75 -23.317385 -0.569915 -0.146375 -0.146375
76 -23.319075 -0.555675 -0.144885 -0.144885
77 -23.320795 -0.541105 -0.143365 -0.143365
78 -23.322555 -0.526235 -0.141815 -0.141815
79 -23.324325 -0.511105 -0.140235 -0.140235
80 -23.326125 -0.495755 -0.138645 -0.138645
81 -23.327945 -0.480205 -0.137035 -0.137035
82 -23.329775 -0.464495 -0.135405 -0.135405
83 -23.331605 -0.448665 -0.133775 -0.133775
84 -23.333445 -0.432755 -0.132135 -0.132135
85 -23.335285 -0.416805 -0.130495 -0.130495
86 -23.337125 -0.400845 -0.128865 -0.128865
87 -23.338945 -0.384915 -0.127235 -0.127235
88 -23.340755 -0.369055 -0.125615 -0.125615
89 -23.342545 -0.353315 -0.124005 -0.124005
90 -23.344315 -0.337715 -0.122425 -0.122425
91 -23.346065 -0.322315 -0.120855 -0.120855
92 -23.347775 -0.307135 -0.119315 -0.119315
93 -23.349445 -0.292215 -0.117815 -0.117815
94 -23.351085 -0.277615 -0.116335 -0.116335
95 -23.352685 -0.263345 -0.114895 -0.114895
96 -23.354225 -0.249455 -0.113505 -0.113505
97 -23.355725 -0.235985 -0.112155 -0.112155
98 -23.357165 -0.222965 -0.110845 -0.110845
99 -23.358555 -0.210435 -0.109595 -0.109595
100 -23.359875 -0.198425 -0.108395 -0.108395
101 -23.361135 -0.186965 -0.107245 -0.107245
102 -23.362335 -0.176085 -0.106165 -0.106165
103 -23.363455 -0.165825 -0.105145 -0.105145
104 -23.364515 -0.156205 -0.104185 -0.104185
105 -23.365485 -0.147245 -0.103305 -0.103305
106 -23.366385 -0.138985 -0.102485 -0.102485
107 -23.367205 -0.131435 -0.101735 -0.101735
108 -23.367945 -0.124625 -0.101065 -0.101065
109 -23.368605 -0.118565 -0.100465 -0.100465
110 -23.369175 -0.113285 -0.099945 -0.099945
111 -23.369665 -0.108785 -0.099495 -0.099495
112 -23.370065 -0.105095 -0.099135 -0.099135
113 -23.370375 -0.102205 -0.098845 -0.098845
114 -23.370595 -0.100135 -0.098645 -0.098645
115 -23.370735 -0.098895 -0.098525 -0.098525
116 -23.370775 -0.098485 -0.098485 -0.098485
117 -23.370735 -0.098795 -0.098575 -0.098575
118 -23.370595 -0.099735 -0.098845 -0.098845
119 -23.370375 -0.101305 -0.099295 -0.099295
120 -23.370065 -0.103495 -0.099925 -0.099925
121 -23.369665 -0.106295 -0.100735 -0.100735
122 -23.369175 -0.109705 -0.101715 -0.101715
123 -23.368605 -0.113715 -0.102875 -0.102875
124 -23.367945 -0.118315 -0.104205 -0.104205
125 -23.367205 -0.123485 -0.105705 -0.105705
126 -23.366375 -0.129215 -0.107375 -0.107375
127 -23.365475 -0.135495 -0.109205 -0.109205
128 -23.364485 -0.142305 -0.111205 -0.111205
129 -23.363425 -0.149615 -0.113355 -0.113355
130 -23.362285 -0.157425 -0.115665 -0.115665
131 -23.361065 -0.165705 -0.118115 -0.118115
132 -23.359785 -0.174435 -0.120715 -0.120715
133 -23.358425 -0.183595 -0.123455 -0.123455
134 -23.357005 -0.193165 -0.126335 -0.126335
135 -23.355515 -0.203105 -0.129335 -0.129335
136 -23.353975 -0.213405 -0.132465 -0.132465
137 -23.352365 -0.224035 -0.135715 -0.135715
138 -23.350705 -0.234975 -0.139085 -0.139085
139 -23.348985 -0.246195 -0.142545 -0.142545
140 -23.347215 -0.257665 -0.146115 -0.146115
141 -23.345405 -0.269365 -0.149785 -0.149785
142 -23.343555 -0.281265 -0.153535 -0.153535
143 -23.341655 -0.293335 -0.157365 -0.157365
144 -23.339725 -0.305565 -0.161275 -0.161275
145 -23.337765 -0.317905 -0.165245 -0.165245
146 -23.335765 -0.330345 -0.169275 -0.169275
147 -23.333745 -0.342855 -0.173355 -0.173355
148 -23.331705 -0.355405 -0.177485 -0.177485
149 -23.329645 -0.367975 -0.181655 -0.181655
150 -23.327565 -0.380545 -0.185855 -0.185855
151 -23.325485 -0.393085 -0.190065 -0.190065
152 -23.323385 -0.405565 -0.194305 -0.194305
153 -23.321285 -0.417975 -0.198545 -0.198545
154 -23.319195 -0.430285 -0.202785 -0.202785
155 -23.317095 -0.442475 -0.207015 -0.207015
156 -23.315015 -0.454525 -0.211225 -0.211225
157 -23.312945 -0.466415 -0.215425 -0.215425
158 -23.310885 -0.478125 -0.219585 -0.219585
159 -23.308845 -0.489635 -0.223705 -0.223705
160 -23.306825 -0.500935 -0.227785 -0.227785
161 -23.304835 -0.512005 -0.231805 -0.231805
162 -23.302875 -0.522825 -0.235775 -0.235775
163 -23.300945 -0.533375 -0.239665 -0.239665
164 -23.299055 -0.543655 -0.243485 -0.243485
165 -23.297205 -0.553645 -0.247225 -0.247225
166 -23.295405 -0.563325 -0.250875 -0.250875
167 -23.293645 -0.572695 -0.254435 -0.254435
168 -23.291935 -0.581735 -0.257895 -0.257895
169 -23.290275 -0.590435 -0.261245 -0.261245
170 -23.288675 -0.598795 -0.264475 -0.264475
171 -23.287135 -0.606785 -0.267595 -0.267595
172 -23.285655 -0.614425 -0.270585 -0.270585
173 -23.284245 -0.621685 -0.273445 -0.273445
174 -23.282895 -0.628565 -0.276175 -0.276175
175 -23.281615 -0.635055 -0.278765 -0.278765
176 -23.280405 -0.641155 -0.281205 -0.281205
177 -23.279275 -0.646855 -0.283495 -0.283495
178 -23.278215 -0.652155 -0.285635 -0.285635
179 -23.277235 -0.657045 -0.287615 -0.287615
180 -23.276325 -0.661515 -0.289445 -0.289445
181 -23.275505 -0.665585 -0.291105 -0.291105
182 -23.274775 -0.669225 -0.292595 -0.292595
183 -23.274115 -0.672445 -0.293915 -0.293915
184 -23.273545 -0.675235 -0.295075 -0.295075
185 -23.273065 -0.677605 -0.296045 -0.296045
186 -23.272665 -0.679545 -0.296855 -0.296855
187 -23.272355 -0.681055 -0.297475 -0.297475
188 -23.272135 -0.682135 -0.297925 -0.297925
189 -23.272005 -0.682785 -0.298195 -0.298195
190 -23.271955 -0.683005 -0.298285 -0.298285
191 -23.271955 -0.682835 -0.298465 -0.298325
192 -23.271955 -0.682325 -0.298995 -0.298425
193 -23.271955 -0.681475 -0.299885 -0.298605
194 -23.271945 -0.680295 -0.301115 -0.298855
195 -23.271945 -0.678785 -0.302705 -0.299175
196 -23.271935 -0.676935 -0.304645 -0.299565
197 -23.271925 -0.674765 -0.306915 -0.300005
198 -23.271925 -0.672265 -0.309535 -0.300515
199 -23.271915 -0.669445 -0.312485 -0.301075
200 -23.271905 -0.666315 -0.315765 -0.301695
201 -23.271895 -0.662865 -0.319365 -0.302355
202 -23.271885 -0.659115 -0.323275 -0.303065
203 -23.271865 -0.655075 -0.327495 -0.303805
204 -23.271855 -0.650735 -0.332015 -0.304585
205 -23.271845 -0.646105 -0.336825 -0.305395
206 -23.271835 -0.641205 -0.341915 -0.306215
207 -23.271815 -0.636045 -0.347275 -0.307055
208 -23.271805 -0.630615 -0.352895 -0.307905
209 -23.271785 -0.624945 -0.358775 -0.308755
210 -23.271775 -0.619025 -0.364885 -0.309605
211 -23.271765 -0.612875 -0.371225 -0.310445
212 -23.271745 -0.606515 -0.377785 -0.311275
213 -23.271735 -0.599945 -0.384545 -0.312075
214 -23.271725 -0.593165 -0.391495 -0.312855
215 -23.271715 -0.586215 -0.398625 -0.313595
216 -23.271705 -0.579085 -0.405915 -0.314305
217 -23.271685 -0.571795 -0.413355 -0.314965
218 -23.271685 -0.564355 -0.420945 -0.315585
219 -23.271675 -0.556785 -0.428645 -0.316145
220 -23.271665 -0.549085 -0.436455 -0.316655
221 -23.271655 -0.541285 -0.444365 -0.317095
222 -23.271645 -0.533385 -0.452355 -0.317485
223 -23.271645 -0.525405 -0.460405 -0.317795
224 -23.271645 -0.517365 -0.468505 -0.318045
225 -23.271635 -0.509265 -0.476645 -0.318225
226 -23.271635 -0.501135 -0.484805 -0.318335
227 -23.271635 -0.492975 -0.492975 -0.318375
228 -23.271645 -0.498305 -0.487715 -0.318195
229 -23.271675 -0.503515 -0.482755 -0.317655
230 -23.271715 -0.508595 -0.478135 -0.316725
231 -23.271775 -0.513535 -0.473885 -0.315405
232 -23.271845 -0.518325 -0.470035 -0.313705
233 -23.271925 -0.522965 -0.466585 -0.311615
234 -23.272015 -0.527445 -0.463555 -0.309155
235 -23.272125 -0.531765 -0.460925 -0.306375
236 -23.272225 -0.535915 -0.458695 -0.303295
237 -23.272335 -0.539885 -0.456815 -0.299975
238 -23.272455 -0.543675 -0.455275 -0.296465
239 -23.272565 -0.547285 -0.454035 -0.292815
240 -23.272685 -0.550695 -0.453065 -0.289085
241 -23.272805 -0.553905 -0.452315 -0.285325
242 -23.272915 -0.556915 -0.451765 -0.281585
243 -23.273025 -0.559725 -0.451385 -0.277935
244 -23.273135 -0.562325 -0.451125 -0.274405
245 -23.273235 -0.564705 -0.450975 -0.271045
246 -23.273335 -0.566875 -0.450905 -0.267885
247 -23.273415 -0.568825 -0.450895 -0.264975
248 -23.273495 -0.570545 -0.450925 -0.262335
249 -23.273565 -0.572045 -0.450985 -0.259995
250 -23.273625 -0.573325 -0.451045 -0.257975
251 -23.273675 -0.574365 -0.451125 -0.256295
252 -23.273715 -0.575185 -0.451185 -0.254975
253 -23.273745 -0.575765 -0.451235 -0.254025
254 -23.273765 -0.576115 -0.451265 -0.253445
255 -23.273765 -0.576225 -0.451275 -0.253255
