1 -44.732 -44.731 -44.731 -44.73 -44.728 -11.42 -2.865 -2.865 -1.633 7.522 9.86 9.86 11.069
2 -44.732 -44.731 -44.731 -44.73 -44.728 -11.42 -2.869 -2.863 -1.629 7.521 9.854 9.865 11.076
3 -44.732 -44.731 -44.731 -44.73 -44.728 -11.422 -2.881 -2.856 -1.616 7.518 9.834 9.878 11.097
4 -44.732 -44.731 -44.731 -44.73 -44.728 -11.425 -2.899 -2.845 -1.594 7.512 9.803 9.9 11.131
5 -44.732 -44.731 -44.731 -44.73 -44.728 -11.429 -2.925 -2.829 -1.566 7.505 9.762 9.93 11.175
6 -44.732 -44.731 -44.731 -44.73 -44.728 -11.434 -2.956 -2.809 -1.53 7.496 9.714 9.968 11.228
7 -44.732 -44.731 -44.731 -44.73 -44.728 -11.439 -2.991 -2.784 -1.49 7.486 9.659 10.013 11.288
8 -44.732 -44.731 -44.731 -44.73 -44.728 -11.446 -3.031 -2.755 -1.444 7.475 9.599 10.066 11.353
9 -44.733 -44.731 -44.731 -44.73 -44.728 -11.454 -3.073 -2.722 -1.395 7.464 9.536 10.126 11.421
10 -44.733 -44.731 -44.731 -44.73 -44.728 -11.463 -3.118 -2.684 -1.342 7.452 9.47 10.193 11.49
11 -44.733 -44.731 -44.731 -44.73 -44.728 -11.473 -3.165 -2.643 -1.288 7.441 9.402 10.265 11.56
12 -44.733 -44.732 -44.731 -44.73 -44.728 -11.484 -3.213 -2.597 -1.231 7.431 9.333 10.344 11.628
13 -44.733 -44.732 -44.731 -44.73 -44.728 -11.495 -3.262 -2.548 -1.173 7.423 9.263 10.427 11.694
14 -44.733 -44.732 -44.731 -44.73 -44.728 -11.507 -3.311 -2.494 -1.113 7.415 9.192 10.516 11.754
15 -44.733 -44.732 -44.731 -44.73 -44.728 -11.52 -3.36 -2.437 -1.053 7.41 9.121 10.609 11.809
16 -44.733 -44.732 -44.731 -44.73 -44.728 -11.533 -3.41 -2.376 -0.993 7.407 9.05 10.707 11.853
17 -44.733 -44.732 -44.73 -44.73 -44.728 -11.547 -3.459 -2.312 -0.932 7.406 8.978 10.809 11.886
18 -44.733 -44.732 -44.73 -44.73 -44.728 -11.561 -3.508 -2.244 -0.872 7.409 8.906 10.915 11.905
19 -44.733 -44.732 -44.73 -44.73 -44.728 -11.576 -3.556 -2.173 -0.812 7.414 8.834 11.024 11.905
20 -44.733 -44.732 -44.73 -44.73 -44.728 -11.591 -3.603 -2.099 -0.752 7.422 8.762 11.137 11.886
21 -44.733 -44.732 -44.73 -44.73 -44.728 -11.606 -3.65 -2.022 -0.693 7.434 8.69 11.253 11.845
22 -44.733 -44.732 -44.731 -44.73 -44.728 -11.622 -3.696 -1.942 -0.635 7.45 8.618 11.372 11.783
23 -44.733 -44.732 -44.731 -44.73 -44.728 -11.638 -3.741 -1.86 -0.579 7.469 8.545 11.493 11.701
24 -44.733 -44.732 -44.731 -44.73 -44.729 -11.653 -3.785 -1.775 -0.523 7.493 8.472 11.601 11.616
25 -44.733 -44.732 -44.731 -44.73 -44.729 -11.669 -3.827 -1.688 -0.469 7.52 8.399 11.488 11.742
26 -44.733 -44.732 -44.731 -44.73 -44.729 -11.685 -3.869 -1.599 -0.416 7.551 8.324 11.363 11.869
27 -44.733 -44.732 -44.731 -44.73 -44.729 -11.701 -3.909 -1.508 -0.364 7.587 8.25 11.232 11.998
28 -44.733 -44.732 -44.731 -44.73 -44.729 -11.716 -3.948 -1.416 -0.315 7.627 8.174 11.095 12.127
29 -44.733 -44.732 -44.731 -44.73 -44.729 -11.732 -3.985 -1.322 -0.267 7.672 8.097 10.957 12.255
30 -44.733 -44.732 -44.731 -44.729 -44.729 -11.747 -4.022 -1.228 -0.221 7.72 8.019 10.819 12.383
31 -44.733 -44.732 -44.731 -44.729 -44.729 -11.761 -4.056 -1.132 -0.177 7.773 7.94 10.682 12.508
32 -44.733 -44.732 -44.731 -44.729 -44.729 -11.776 -4.09 -1.036 -0.134 7.831 7.86 10.549 12.627
33 -44.733 -44.732 -44.731 -44.729 -44.729 -11.79 -4.122 -0.94 -0.094 7.778 7.892 10.42 12.736
34 -44.733 -44.732 -44.731 -44.729 -44.729 -11.803 -4.152 -0.845 -0.056 7.695 7.958 10.296 12.829
35 -44.733 -44.733 -44.731 -44.729 -44.729 -11.816 -4.181 -0.75 -0.02 7.611 8.027 10.179 12.894
36 -44.733 -44.733 -44.732 -44.729 -44.729 -11.829 -4.208 -0.656 0.014 7.526 8.101 10.068 12.918
37 -44.733 -44.733 -44.732 -44.729 -44.729 -11.841 -4.234 -0.563 0.046 7.441 8.178 9.964 12.891
38 -44.733 -44.733 -44.732 -44.729 -44.729 -11.852 -4.258 -0.472 0.076 7.356 8.258 9.867 12.816
39 -44.733 -44.733 -44.732 -44.729 -44.729 -11.863 -4.281 -0.384 0.104 7.272 8.341 9.778 12.706
40 -44.733 -44.733 -44.732 -44.729 -44.729 -11.873 -4.302 -0.299 0.129 7.189 8.427 9.696 12.575
41 -44.733 -44.733 -44.732 -44.729 -44.729 -11.882 -4.321 -0.217 0.153 7.108 8.515 9.622 12.434
42 -44.733 -44.733 -44.732 -44.729 -44.729 -11.891 -4.339 -0.14 0.174 7.03 8.605 9.555 12.289
43 -44.733 -44.733 -44.732 -44.729 -44.729 -11.898 -4.355 -0.067 0.194 6.955 8.695 9.496 12.144
44 -44.733 -44.733 -44.732 -44.729 -44.729 -11.905 -4.369 0.0 0.211 6.886 8.784 9.443 12.003
45 -44.733 -44.733 -44.732 -44.729 -44.729 -11.912 -4.382 0.061 0.226 6.822 8.872 9.397 11.868
46 -44.733 -44.733 -44.732 -44.729 -44.729 -11.917 -4.393 0.116 0.239 6.764 8.956 9.358 11.741
47 -44.733 -44.733 -44.732 -44.729 -44.729 -11.922 -4.402 0.163 0.25 6.714 9.035 9.325 11.626
48 -44.733 -44.733 -44.732 -44.729 -44.729 -11.926 -4.41 0.203 0.259 6.671 9.106 9.298 11.525
49 -44.733 -44.733 -44.732 -44.729 -44.729 -11.929 -4.416 0.234 0.266 6.637 9.166 9.278 11.441
50 -44.733 -44.733 -44.732 -44.729 -44.729 -11.931 -4.42 0.257 0.271 6.613 9.212 9.263 11.378
51 -44.733 -44.733 -44.732 -44.729 -44.729 -11.932 -4.423 0.271 0.274 6.598 9.242 9.254 11.339
52 -44.733 -44.733 -44.732 -44.729 -44.729 -11.932 -4.423 0.275 0.275 6.593 9.252 9.252 11.325
53 -44.733 -44.733 -44.732 -44.729 -44.729 -11.934 -4.421 0.276 0.276 6.594 9.253 9.253 11.326
54 -44.733 -44.733 -44.732 -44.729 -44.729 -11.937 -4.413 0.277 0.277 6.596 9.256 9.256 11.33
55 -44.733 -44.733 -44.732 -44.729 -44.729 -11.943 -4.399 0.278 0.278 6.6 9.261 9.261 11.335
56 -44.733 -44.733 -44.732 -44.729 -44.729 -11.951 -4.38 0.281 0.281 6.605 9.268 9.268 11.343
57 -44.733 -44.733 -44.732 -44.729 -44.729 -11.961 -4.356 0.284 0.284 6.611 9.277 9.277 11.353
58 -44.733 -44.733 -44.732 -44.729 -44.729 -11.973 -4.327 0.288 0.288 6.619 9.288 9.288 11.365
59 -44.733 -44.733 -44.732 -44.729 -44.729 -11.987 -4.292 0.293 0.293 6.628 9.301 9.301 11.38
60 -44.733 -44.733 -44.732 -44.729 -44.729 -12.003 -4.253 0.298 0.298 6.638 9.317 9.317 11.396
61 -44.733 -44.733 -44.732 -44.729 -44.729 -12.021 -4.208 0.304 0.304 6.65 9.334 9.334 11.414
62 -44.733 -44.733 -44.732 -44.729 -44.729 -12.041 -4.159 0.31 0.31 6.664 9.353 9.353 11.435
63 -44.733 -44.733 -44.732 -44.729 -44.729 -12.063 -4.104 0.318 0.318 6.679 9.374 9.374 11.456
64 -44.733 -44.733 -44.732 -44.729 -44.729 -12.086 -4.045 0.326 0.326 6.695 9.397 9.397 11.48
65 -44.733 -44.733 -44.732 -44.729 -44.729 -12.111 -3.982 0.334 0.334 6.713 9.422 9.422 11.505
66 -44.733 -44.733 -44.732 -44.729 -44.729 -12.137 -3.914 0.343 0.343 6.732 9.448 9.448 11.53
67 -44.733 -44.733 -44.732 -44.729 -44.729 -12.164 -3.842 0.353 0.353 6.753 9.476 9.476 11.557
68 -44.733 -44.733 -44.732 -44.729 -44.729 -12.193 -3.766 0.364 0.364 6.775 9.506 9.506 11.584
69 -44.733 -44.733 -44.732 -44.729 -44.729 -12.222 -3.686 0.375 0.375 6.798 9.538 9.538 11.611
70 -44.733 -44.733 -44.732 -44.729 -44.729 -12.253 -3.603 0.386 0.386 6.823 9.571 9.571 11.636
71 -44.733 -44.733 -44.732 -44.729 -44.729 -12.284 -3.515 0.398 0.398 6.849 9.605 9.605 11.66
72 -44.733 -44.733 -44.732 -44.729 -44.729 -12.316 -3.424 0.411 0.411 6.877 9.641 9.641 11.681
73 -44.733 -44.733 -44.732 -44.73 -44.73 -12.349 -3.33 0.424 0.424 6.906 9.678 9.678 11.696
74 -44.733 -44.733 -44.732 -44.73 -44.73 -12.382 -3.232 0.438 0.438 6.937 9.716 9.716 11.704
75 -44.733 -44.733 -44.732 -44.73 -44.73 -12.416 -3.132 0.452 0.452 6.969 9.755 9.755 11.702
76 -44.733 -44.733 -44.732 -44.73 -44.73 -12.449 -3.029 0.466 0.466 7.002 9.795 9.795 11.687
77 -44.733 -44.733 -44.732 -44.73 -44.73 -12.483 -2.922 0.481 0.481 7.036 9.835 9.835 11.656
78 -44.733 -44.733 -44.732 -44.73 -44.73 -12.517 -2.814 0.497 0.497 7.072 9.876 9.876 11.606
79 -44.733 -44.733 -44.732 -44.73 -44.73 -12.551 -2.702 0.512 0.512 7.109 9.916 9.916 11.539
80 -44.733 -44.733 -44.732 -44.73 -44.73 -12.586 -2.589 0.528 0.528 7.147 9.956 9.956 11.456
81 -44.733 -44.733 -44.733 -44.73 -44.73 -12.619 -2.473 0.544 0.544 7.187 9.996 9.996 11.358
82 -44.733 -44.733 -44.733 -44.73 -44.73 -12.653 -2.356 0.561 0.561 7.227 10.035 10.035 11.249
83 -44.733 -44.733 -44.733 -44.73 -44.73 -12.686 -2.237 0.578 0.578 7.269 10.073 10.073 11.132
84 -44.733 -44.733 -44.733 -44.731 -44.731 -12.719 -2.116 0.594 0.594 7.311 10.108 10.108 11.01
85 -44.733 -44.733 -44.733 -44.731 -44.731 -12.752 -1.993 0.611 0.611 7.353 10.141 10.141 10.883
86 -44.733 -44.733 -44.733 -44.731 -44.731 -12.784 -1.87 0.629 0.629 7.397 10.171 10.171 10.755
87 -44.733 -44.733 -44.733 -44.731 -44.731 -12.815 -1.745 0.646 0.646 7.44 10.198 10.198 10.626
88 -44.733 -44.733 -44.733 -44.731 -44.731 -12.846 -1.619 0.663 0.663 7.483 10.22 10.22 10.497
89 -44.733 -44.733 -44.733 -44.731 -44.731 -12.876 -1.493 0.68 0.68 7.526 10.238 10.238 10.37
90 -44.733 -44.733 -44.733 -44.731 -44.731 -12.906 -1.366 0.697 0.697 7.568 10.245 10.251 10.251
91 -44.733 -44.733 -44.733 -44.731 -44.731 -12.934 -1.239 0.714 0.714 7.609 10.123 10.258 10.258
92 -44.733 -44.733 -44.733 -44.731 -44.731 -12.962 -1.112 0.731 0.731 7.647 10.007 10.261 10.261
93 -44.733 -44.733 -44.733 -44.731 -44.731 -12.989 -0.985 0.748 0.748 7.682 9.895 10.258 10.258
94 -44.733 -44.733 -44.733 -44.731 -44.731 -13.015 -0.858 0.764 0.764 7.714 9.791 10.25 10.25
95 -44.733 -44.733 -44.733 -44.731 -44.731 -13.041 -0.733 0.78 0.78 7.739 9.695 10.237 10.237
96 -44.733 -44.733 -44.733 -44.731 -44.731 -13.065 -0.608 0.796 0.796 7.759 9.61 10.22 10.22
97 -44.733 -44.733 -44.733 -44.731 -44.731 -13.088 -0.485 0.812 0.812 7.77 9.536 10.199 10.199
98 -44.733 -44.733 -44.733 -44.732 -44.732 -13.11 -0.364 0.827 0.827 7.773 9.475 10.175 10.175
99 -44.733 -44.733 -44.733 -44.732 -44.732 -13.131 -0.244 0.841 0.841 7.765 9.428 10.15 10.15
100 -44.733 -44.733 -44.733 -44.732 -44.732 -13.151 -0.128 0.855 0.855 7.746 9.397 10.122 10.122
101 -44.733 -44.733 -44.733 -44.732 -44.732 -13.17 -0.014 0.869 0.869 7.718 9.38 10.094 10.094
102 -44.733 -44.733 -44.733 -44.732 -44.732 -13.188 0.096 0.881 0.881 7.68 9.378 10.065 10.065
103 -44.733 -44.733 -44.733 -44.732 -44.732 -13.205 0.203 0.893 0.893 7.634 9.388 10.037 10.037
104 -44.733 -44.733 -44.733 -44.732 -44.732 -13.22 0.305 0.905 0.905 7.582 9.409 10.009 10.009
105 -44.733 -44.733 -44.733 -44.732 -44.732 -13.235 0.402 0.915 0.915 7.526 9.44 9.982 9.982
106 -44.733 -44.733 -44.733 -44.732 -44.732 -13.248 0.493 0.925 0.925 7.469 9.477 9.956 9.956
107 -44.733 -44.733 -44.733 -44.732 -44.732 -13.26 0.579 0.934 0.934 7.411 9.52 9.932 9.932
108 -44.733 -44.733 -44.733 -44.732 -44.732 -13.27 0.657 0.943 0.943 7.355 9.566 9.91 9.91
109 -44.733 -44.733 -44.733 -44.732 -44.732 -13.28 0.728 0.95 0.95 7.302 9.612 9.889 9.889
110 -44.733 -44.733 -44.733 -44.732 -44.732 -13.288 0.791 0.956 0.956 7.253 9.658 9.872 9.872
111 -44.733 -44.733 -44.733 -44.732 -44.732 -13.295 0.846 0.962 0.962 7.21 9.702 9.857 9.857
112 -44.733 -44.733 -44.733 -44.732 -44.732 -13.301 0.891 0.966 0.966 7.174 9.742 9.844 9.844
113 -44.733 -44.733 -44.733 -44.732 -44.732 -13.305 0.927 0.97 0.97 7.145 9.775 9.834 9.834
114 -44.733 -44.733 -44.733 -44.732 -44.732 -13.308 0.953 0.972 0.972 7.123 9.8 9.827 9.827
115 -44.733 -44.733 -44.733 -44.732 -44.732 -13.31 0.969 0.974 0.974 7.11 9.816 9.823 9.823
116 -44.733 -44.733 -44.733 -44.732 -44.732 -13.311 0.974 0.974 0.974 7.106 9.821 9.821 9.821
117 -44.733 -44.733 -44.733 -44.732 -44.732 -13.31 0.971 0.973 0.973 7.11 9.814 9.824 9.824
118 -44.733 -44.733 -44.733 -44.732 -44.732 -13.308 0.96 0.969 0.969 7.123 9.792 9.831 9.831
119 -44.733 -44.733 -44.733 -44.732 -44.732 -13.305 0.942 0.962 0.962 7.145 9.756 9.844 9.844
120 -44.733 -44.733 -44.733 -44.732 -44.732 -13.301 0.917 0.953 0.953 7.175 9.708 9.861 9.861
121 -44.733 -44.733 -44.733 -44.732 -44.732 -13.295 0.886 0.941 0.941 7.212 9.65 9.883 9.883
122 -44.733 -44.733 -44.733 -44.732 -44.732 -13.288 0.848 0.927 0.927 7.258 9.583 9.91 9.91
123 -44.733 -44.733 -44.733 -44.732 -44.732 -13.28 0.805 0.91 0.91 7.311 9.509 9.942 9.942
124 -44.733 -44.733 -44.733 -44.732 -44.732 -13.271 0.755 0.891 0.891 7.37 9.429 9.979 9.979
125 -44.733 -44.733 -44.733 -44.732 -44.732 -13.26 0.7 0.87 0.87 7.436 9.344 10.02 10.02
126 -44.733 -44.733 -44.733 -44.732 -44.732 -13.248 0.64 0.847 0.847 7.507 9.257 10.067 10.067
127 -44.733 -44.733 -44.733 -44.732 -44.732 -13.235 0.576 0.821 0.821 7.583 9.166 10.117 10.117
128 -44.733 -44.733 -44.733 -44.732 -44.732 -13.22 0.507 0.793 0.793 7.662 9.074 10.171 10.171
129 -44.733 -44.733 -44.733 -44.732 -44.732 -13.205 0.434 0.764 0.764 7.746 8.98 10.23 10.23
130 -44.733 -44.733 -44.733 -44.732 -44.732 -13.188 0.358 0.733 0.733 7.831 8.886 10.293 10.293
131 -44.733 -44.733 -44.733 -44.732 -44.731 -13.17 0.278 0.7 0.7 7.917 8.791 10.359 10.359
132 -44.734 -44.733 -44.733 -44.732 -44.731 -13.151 0.196 0.665 0.665 8.003 8.696 10.43 10.43
133 -44.734 -44.733 -44.733 -44.732 -44.731 -13.13 0.111 0.629 0.629 8.088 8.602 10.504 10.504
134 -44.734 -44.733 -44.733 -44.732 -44.731 -13.109 0.024 0.592 0.592 8.169 8.508 10.581 10.581
135 -44.734 -44.732 -44.732 -44.732 -44.731 -13.086 -0.065 0.554 0.554 8.244 8.415 10.662 10.662
136 -44.734 -44.732 -44.732 -44.732 -44.731 -13.063 -0.156 0.514 0.514 8.311 8.322 10.746 10.746
137 -44.734 -44.732 -44.732 -44.732 -44.731 -13.038 -0.249 0.474 0.474 8.23 8.367 10.834 10.834
138 -44.734 -44.732 -44.732 -44.732 -44.731 -13.012 -0.343 0.432 0.432 8.14 8.41 10.924 10.924
139 -44.734 -44.732 -44.732 -44.732 -44.731 -12.986 -0.438 0.39 0.39 8.05 8.435 10.888 11.017
140 -44.734 -44.732 -44.732 -44.732 -44.731 -12.958 -0.533 0.348 0.348 7.962 8.442 10.857 11.113
141 -44.734 -44.732 -44.732 -44.732 -44.731 -12.929 -0.63 0.304 0.304 7.875 8.429 10.851 11.211
142 -44.734 -44.732 -44.732 -44.732 -44.731 -12.899 -0.727 0.261 0.261 7.79 8.395 10.869 11.312
143 -44.734 -44.732 -44.732 -44.732 -44.731 -12.869 -0.825 0.217 0.217 7.706 8.343 10.912 11.415
144 -44.734 -44.732 -44.732 -44.732 -44.731 -12.837 -0.923 0.172 0.172 7.623 8.275 10.975 11.521
145 -44.734 -44.732 -44.731 -44.731 -44.731 -12.804 -1.021 0.128 0.128 7.542 8.193 11.057 11.628
146 -44.734 -44.732 -44.731 -44.731 -44.731 -12.771 -1.119 0.084 0.084 7.462 8.1 11.154 11.738
147 -44.734 -44.732 -44.731 -44.731 -44.731 -12.737 -1.217 0.039 0.039 7.384 7.999 11.264 11.849
148 -44.734 -44.732 -44.731 -44.731 -44.731 -12.702 -1.315 -0.005 -0.005 7.308 7.892 11.385 11.962
149 -44.734 -44.732 -44.731 -44.731 -44.731 -12.667 -1.413 -0.049 -0.049 7.233 7.78 11.514 12.077
150 -44.734 -44.732 -44.731 -44.731 -44.731 -12.631 -1.51 -0.093 -0.093 7.16 7.665 11.65 12.194
151 -44.734 -44.732 -44.731 -44.731 -44.731 -12.594 -1.607 -0.136 -0.136 7.088 7.548 11.793 12.312
152 -44.734 -44.732 -44.731 -44.731 -44.731 -12.557 -1.703 -0.18 -0.18 7.019 7.43 11.94 12.432
153 -44.734 -44.733 -44.73 -44.73 -44.73 -12.519 -1.798 -0.222 -0.222 6.951 7.313 12.09 12.554
154 -44.734 -44.733 -44.73 -44.73 -44.73 -12.48 -1.893 -0.264 -0.264 6.884 7.195 12.244 12.676
155 -44.734 -44.733 -44.73 -44.73 -44.73 -12.442 -1.987 -0.306 -0.306 6.819 7.079 12.401 12.8
156 -44.734 -44.733 -44.73 -44.73 -44.73 -12.402 -2.08 -0.347 -0.347 6.756 6.964 12.559 12.925
157 -44.734 -44.733 -44.73 -44.73 -44.73 -12.363 -2.172 -0.387 -0.387 6.695 6.851 12.719 13.051
158 -44.734 -44.733 -44.73 -44.73 -44.73 -12.323 -2.263 -0.426 -0.426 6.636 6.74 12.88 13.179
159 -44.734 -44.733 -44.73 -44.73 -44.73 -12.283 -2.352 -0.465 -0.465 6.578 6.632 13.041 13.308
160 -44.734 -44.733 -44.73 -44.73 -44.73 -12.244 -2.44 -0.503 -0.503 6.522 6.525 13.203 13.438
161 -44.734 -44.733 -44.73 -44.73 -44.73 -12.204 -2.527 -0.54 -0.54 6.422 6.468 13.364 13.568
162 -44.735 -44.733 -44.73 -44.729 -44.729 -12.164 -2.613 -0.576 -0.576 6.321 6.416 13.525 13.7
163 -44.735 -44.733 -44.73 -44.729 -44.729 -12.124 -2.696 -0.611 -0.611 6.223 6.365 13.685 13.833
164 -44.735 -44.733 -44.73 -44.729 -44.729 -12.084 -2.778 -0.645 -0.645 6.128 6.317 13.844 13.967
165 -44.735 -44.733 -44.73 -44.729 -44.729 -12.045 -2.859 -0.678 -0.678 6.036 6.27 14.002 14.102
166 -44.735 -44.733 -44.73 -44.729 -44.729 -12.006 -2.937 -0.71 -0.71 5.947 6.224 14.157 14.237
167 -44.735 -44.733 -44.73 -44.729 -44.729 -11.968 -3.014 -0.741 -0.741 5.862 6.181 14.311 14.374
168 -44.735 -44.733 -44.73 -44.729 -44.729 -11.93 -3.088 -0.771 -0.771 5.78 6.14 14.462 14.511
169 -44.735 -44.733 -44.73 -44.729 -44.729 -11.893 -3.16 -0.799 -0.799 5.701 6.1 14.611 14.649
170 -44.735 -44.733 -44.73 -44.729 -44.729 -11.857 -3.23 -0.827 -0.827 5.626 6.062 14.757 14.789
171 -44.735 -44.733 -44.73 -44.729 -44.729 -11.821 -3.297 -0.853 -0.853 5.554 6.026 14.899 14.928
172 -44.735 -44.733 -44.73 -44.728 -44.728 -11.787 -3.362 -0.878 -0.878 5.486 5.992 15.037 15.069
173 -44.735 -44.733 -44.73 -44.728 -44.728 -11.753 -3.424 -0.902 -0.902 5.421 5.96 15.172 15.21
174 -44.735 -44.733 -44.73 -44.728 -44.728 -11.721 -3.484 -0.924 -0.924 5.36 5.929 15.302 15.352
175 -44.735 -44.733 -44.729 -44.728 -44.728 -11.69 -3.54 -0.945 -0.945 5.303 5.901 15.427 15.494
176 -44.735 -44.733 -44.729 -44.728 -44.728 -11.661 -3.594 -0.965 -0.965 5.249 5.874 15.547 15.637
177 -44.735 -44.733 -44.729 -44.728 -44.728 -11.633 -3.644 -0.984 -0.984 5.199 5.849 15.662 15.78
178 -44.735 -44.733 -44.729 -44.728 -44.728 -11.606 -3.691 -1.001 -1.001 5.152 5.826 15.77 15.922
179 -44.735 -44.733 -44.729 -44.728 -44.728 -11.581 -3.735 -1.017 -1.017 5.109 5.804 15.872 16.065
180 -44.735 -44.733 -44.729 -44.728 -44.728 -11.558 -3.775 -1.032 -1.032 5.07 5.785 15.967 16.208
181 -44.735 -44.733 -44.729 -44.728 -44.728 -11.537 -3.812 -1.045 -1.045 5.034 5.767 16.055 16.349
182 -44.735 -44.733 -44.729 -44.728 -44.728 -11.518 -3.845 -1.057 -1.057 5.003 5.752 16.136 16.489
183 -44.735 -44.733 -44.729 -44.728 -44.728 -11.501 -3.875 -1.068 -1.068 4.975 5.738 16.208 16.626
184 -44.735 -44.733 -44.729 -44.728 -44.728 -11.486 -3.901 -1.077 -1.077 4.95 5.726 16.271 16.76
185 -44.735 -44.733 -44.729 -44.728 -44.728 -11.473 -3.923 -1.084 -1.084 4.929 5.715 16.325 16.887
186 -44.735 -44.733 -44.729 -44.728 -44.728 -11.463 -3.941 -1.091 -1.091 4.913 5.707 16.37 17.007
187 -44.735 -44.733 -44.729 -44.728 -44.728 -11.455 -3.955 -1.096 -1.096 4.899 5.701 16.406 17.113
188 -44.735 -44.733 -44.729 -44.728 -44.728 -11.449 -3.965 -1.099 -1.099 4.89 5.696 16.431 17.198
189 -44.735 -44.733 -44.729 -44.728 -44.728 -11.445 -3.971 -1.101 -1.101 4.884 5.693 16.447 17.256
190 -44.735 -44.733 -44.729 -44.728 -44.728 -11.444 -3.973 -1.102 -1.102 4.882 5.692 16.452 17.276
191 -44.735 -44.733 -44.729 -44.728 -44.728 -11.444 -3.972 -1.104 -1.103 4.886 5.696 16.435 17.159
192 -44.735 -44.733 -44.729 -44.728 -44.728 -11.444 -3.97 -1.111 -1.106 4.896 5.709 16.387 16.977
193 -44.735 -44.733 -44.729 -44.728 -44.728 -11.444 -3.965 -1.123 -1.112 4.914 5.729 16.309 16.784
194 -44.735 -44.733 -44.729 -44.728 -44.728 -11.443 -3.959 -1.138 -1.12 4.938 5.757 16.206 16.586
195 -44.735 -44.733 -44.729 -44.728 -44.728 -11.443 -3.952 -1.158 -1.129 4.968 5.793 16.08 16.384
196 -44.735 -44.733 -44.729 -44.728 -44.728 -11.442 -3.942 -1.183 -1.141 5.006 5.837 15.937 16.179
197 -44.735 -44.733 -44.729 -44.728 -44.728 -11.442 -3.931 -1.211 -1.155 5.049 5.889 15.78 15.971
198 -44.735 -44.733 -44.729 -44.728 -44.728 -11.441 -3.918 -1.243 -1.17 5.099 5.947 15.61 15.762
199 -44.735 -44.733 -44.729 -44.728 -44.728 -11.441 -3.904 -1.278 -1.186 5.155 6.013 15.432 15.552
200 -44.735 -44.733 -44.729 -44.728 -44.728 -11.44 -3.888 -1.317 -1.204 5.217 6.086 15.246 15.34
201 -44.735 -44.733 -44.729 -44.728 -44.728 -11.439 -3.87 -1.359 -1.224 5.284 6.165 15.055 15.129
202 -44.735 -44.733 -44.729 -44.728 -44.728 -11.438 -3.85 -1.404 -1.244 5.357 6.251 14.859 14.917
203 -44.735 -44.733 -44.729 -44.728 -44.728 -11.437 -3.829 -1.452 -1.265 5.435 6.343 14.66 14.706
204 -44.734 -44.733 -44.729 -44.728 -44.728 -11.436 -3.806 -1.502 -1.287 5.517 6.44 14.459 14.496
205 -44.734 -44.733 -44.73 -44.728 -44.728 -11.435 -3.782 -1.554 -1.309 5.604 6.544 14.255 14.286
206 -44.734 -44.733 -44.73 -44.728 -44.728 -11.434 -3.756 -1.607 -1.331 5.695 6.653 14.05 14.078
207 -44.734 -44.733 -44.73 -44.729 -44.728 -11.433 -3.728 -1.663 -1.354 5.79 6.767 13.844 13.872
208 -44.734 -44.733 -44.73 -44.729 -44.728 -11.432 -3.699 -1.72 -1.376 5.889 6.886 13.638 13.668
209 -44.734 -44.733 -44.73 -44.729 -44.728 -11.431 -3.668 -1.778 -1.399 5.99 7.01 13.431 13.466
210 -44.734 -44.733 -44.73 -44.729 -44.728 -11.43 -3.636 -1.838 -1.421 6.095 7.138 13.224 13.268
211 -44.734 -44.733 -44.73 -44.729 -44.728 -11.429 -3.601 -1.898 -1.442 6.201 7.271 13.017 13.072
212 -44.734 -44.733 -44.73 -44.729 -44.728 -11.428 -3.566 -1.959 -1.463 6.31 7.408 12.811 12.88
213 -44.733 -44.733 -44.73 -44.729 -44.728 -11.427 -3.529 -2.02 -1.483 6.419 7.549 12.605 12.693
214 -44.733 -44.733 -44.73 -44.729 -44.728 -11.426 -3.49 -2.082 -1.502 6.529 7.694 12.401 12.511
215 -44.733 -44.733 -44.73 -44.73 -44.728 -11.426 -3.45 -2.144 -1.52 6.639 7.842 12.197 12.334
216 -44.733 -44.733 -44.73 -44.73 -44.728 -11.425 -3.409 -2.206 -1.537 6.749 7.994 11.994 12.163
217 -44.733 -44.733 -44.73 -44.73 -44.728 -11.424 -3.366 -2.269 -1.553 6.856 8.149 11.792 12.0
218 -44.733 -44.733 -44.73 -44.73 -44.728 -11.423 -3.321 -2.331 -1.568 6.961 8.308 11.592 11.845
219 -44.733 -44.732 -44.73 -44.73 -44.728 -11.422 -3.276 -2.392 -1.581 7.061 8.469 11.392 11.699
220 -44.732 -44.732 -44.73 -44.73 -44.728 -11.422 -3.229 -2.454 -1.593 7.156 8.634 11.195 11.565
221 -44.732 -44.732 -44.73 -44.73 -44.728 -11.421 -3.18 -2.514 -1.604 7.244 8.801 10.999 11.442
222 -44.732 -44.732 -44.731 -44.73 -44.728 -11.421 -3.131 -2.575 -1.613 7.323 8.972 10.804 11.334
223 -44.732 -44.732 -44.731 -44.73 -44.728 -11.42 -3.08 -2.634 -1.62 7.391 9.145 10.612 11.242
224 -44.732 -44.732 -44.731 -44.73 -44.728 -11.42 -3.028 -2.693 -1.626 7.447 9.32 10.421 11.168
225 -44.732 -44.732 -44.731 -44.73 -44.728 -11.42 -2.974 -2.751 -1.63 7.488 9.498 10.232 11.113
226 -44.732 -44.732 -44.731 -44.73 -44.728 -11.42 -2.92 -2.809 -1.632 7.514 9.678 10.045 11.08
227 -44.732 -44.731 -44.731 -44.73 -44.728 -11.42 -2.865 -2.865 -1.633 7.522 9.86 9.86 11.069
228 -44.732 -44.731 -44.731 -44.73 -44.728 -11.42 -2.901 -2.829 -1.631 7.518 9.739 9.982 11.076
229 -44.732 -44.732 -44.731 -44.73 -44.728 -11.421 -2.936 -2.795 -1.624 7.504 9.62 10.106 11.097
230 -44.732 -44.732 -44.731 -44.73 -44.728 -11.422 -2.97 -2.764 -1.612 7.481 9.505 10.231 11.129
231 -44.732 -44.732 -44.731 -44.73 -44.728 -11.423 -3.003 -2.736 -1.594 7.447 9.397 10.356 11.172
232 -44.732 -44.732 -44.731 -44.73 -44.728 -11.425 -3.035 -2.711 -1.571 7.402 9.298 10.483 11.223
233 -44.732 -44.732 -44.731 -44.73 -44.728 -11.427 -3.065 -2.69 -1.543 7.346 9.208 10.611 11.283
234 -44.733 -44.732 -44.731 -44.73 -44.728 -11.429 -3.094 -2.673 -1.51 7.28 9.128 10.74 11.35
235 -44.733 -44.732 -44.731 -44.73 -44.728 -11.432 -3.122 -2.658 -1.472 7.206 9.057 10.869 11.424
236 -44.733 -44.732 -44.73 -44.73 -44.728 -11.435 -3.148 -2.647 -1.43 7.123 8.995 10.999 11.504
237 -44.733 -44.732 -44.73 -44.73 -44.728 -11.437 -3.174 -2.639 -1.384 7.033 8.942 11.13 11.589
238 -44.733 -44.732 -44.73 -44.73 -44.728 -11.44 -3.198 -2.633 -1.336 6.939 8.896 11.261 11.68
239 -44.733 -44.732 -44.73 -44.73 -44.728 -11.443 -3.22 -2.629 -1.285 6.842 8.856 11.391 11.775
240 -44.733 -44.732 -44.73 -44.73 -44.728 -11.446 -3.241 -2.627 -1.232 6.743 8.822 11.522 11.874
241 -44.733 -44.732 -44.73 -44.73 -44.728 -11.449 -3.261 -2.627 -1.179 6.643 8.793 11.652 11.977
242 -44.733 -44.732 -44.73 -44.73 -44.728 -11.451 -3.28 -2.627 -1.125 6.545 8.768 11.78 12.083
243 -44.733 -44.732 -44.73 -44.73 -44.728 -11.454 -3.297 -2.629 -1.072 6.449 8.746 11.908 12.192
244 -44.733 -44.732 -44.73 -44.73 -44.728 -11.457 -3.313 -2.631 -1.02 6.357 8.726 12.033 12.302
245 -44.733 -44.732 -44.73 -44.73 -44.728 -11.459 -3.328 -2.633 -0.97 6.269 8.71 12.156 12.413
246 -44.734 -44.732 -44.73 -44.729 -44.728 -11.461 -3.341 -2.636 -0.923 6.187 8.696 12.276 12.524
247 -44.734 -44.732 -44.73 -44.729 -44.728 -11.463 -3.353 -2.639 -0.879 6.111 8.683 12.391 12.634
248 -44.734 -44.732 -44.73 -44.729 -44.728 -11.465 -3.363 -2.641 -0.838 6.042 8.673 12.5 12.742
249 -44.734 -44.732 -44.73 -44.729 -44.728 -11.467 -3.372 -2.644 -0.801 5.981 8.664 12.601 12.845
250 -44.734 -44.732 -44.73 -44.729 -44.728 -11.468 -3.38 -2.646 -0.769 5.928 8.657 12.694 12.942
251 -44.734 -44.732 -44.73 -44.729 -44.728 -11.47 -3.386 -2.648 -0.743 5.884 8.651 12.775 13.029
252 -44.734 -44.732 -44.73 -44.729 -44.728 -11.471 -3.391 -2.65 -0.722 5.849 8.646 12.841 13.104
253 -44.734 -44.732 -44.73 -44.729 -44.728 -11.471 -3.395 -2.651 -0.706 5.824 8.643 12.891 13.161
254 -44.734 -44.732 -44.73 -44.729 -44.728 -11.472 -3.397 -2.652 -0.697 5.809 8.641 12.923 13.198
255 -44.734 -44.732 -44.73 -44.729 -44.728 -11.472 -3.397 -2.652 -0.694 5.804 8.64 12.933 13.21
