1 -11.377926 14.566934 14.566934 14.566934 15.978864 15.978864 15.978864 18.054344 18.054344
2 -11.375516 14.506244 14.506244 14.544064 15.981434 16.035644 16.035644 18.032884 18.076134
3 -11.368286 14.346774 14.346774 14.477164 15.989114 16.183374 16.183374 17.968934 18.139824
4 -11.356236 14.127474 14.127474 14.370784 16.001934 16.383124 16.383124 17.863864 18.240964
5 -11.339366 13.875004 13.875004 14.231014 16.019874 16.608274 16.608274 17.719824 18.373594
6 -11.317676 13.603614 13.603614 14.064194 16.042944 16.844644 16.844644 17.539674 18.531584
7 -11.291156 13.320874 13.320874 13.876104 16.071144 17.084714 17.084714 17.326834 18.709424
8 -11.259816 13.031074 13.031074 13.671584 16.104474 17.085094 17.324314 17.324314 18.902544
9 -11.223656 12.736854 12.736854 13.454554 16.142944 16.818474 17.560914 17.560914 19.107334
10 -11.182656 12.440024 12.440024 13.228134 16.186544 16.531084 17.792884 17.792884 19.321004
11 -11.136836 12.141844 12.141844 12.994774 16.226924 16.235294 18.019144 18.019144 19.541384
12 -11.086176 11.843294 11.843294 12.756414 15.909844 16.289194 18.238954 18.238954 19.766814
13 -11.030696 11.545154 11.545154 12.514624 15.583394 16.348244 18.451824 18.451824 19.995924
14 -10.970366 11.248044 11.248044 12.270634 15.250804 16.412464 18.657454 18.657454 20.227574
15 -10.905206 10.952534 10.952534 12.025484 14.914964 16.481844 18.855644 18.855644 20.460674
16 -10.835196 10.659084 10.659084 11.780014 14.578354 16.556404 19.046374 19.046374 20.694154
17 -10.760356 10.368094 10.368094 11.534904 14.243084 16.636144 19.229734 19.229734 20.926854
18 -10.680656 10.079914 10.079914 11.290744 13.910924 16.721084 19.405894 19.405894 21.157414
19 -10.596116 9.794864 9.794864 11.048004 13.583314 16.811234 19.575124 19.575124 21.384254
20 -10.506716 9.513184 9.513184 10.807104 13.261374 16.906624 19.737794 19.737794 21.605454
21 -10.412466 9.235154 9.235154 10.568394 12.946004 17.007244 19.894324 19.894324 21.818694
22 -10.313356 8.960954 8.960954 10.332154 12.637864 17.113134 20.045224 20.045224 22.021284
23 -10.209386 8.690764 8.690764 10.098644 12.337404 17.224304 20.191064 20.191064 22.210064
24 -10.100546 8.424754 8.424754 9.868064 12.044934 17.340794 20.332454 20.332454 22.381444
25 -9.986836 8.163034 8.163034 9.640604 11.760594 17.462634 20.470074 20.470074 22.531494
26 -9.868256 7.905744 7.905744 9.416444 11.484494 17.589854 20.604614 20.604614 22.655964
27 -9.744806 7.652954 7.652954 9.195714 11.216594 17.722494 20.736784 20.736784 22.750464
28 -9.616466 7.404764 7.404764 8.978554 10.956804 17.860604 20.867354 20.867354 22.810654
29 -9.483256 7.161224 7.161224 8.765094 10.705014 18.004234 20.997064 20.997064 22.832424
30 -9.345156 6.922384 6.922384 8.555434 10.461024 18.153464 21.126694 21.126694 22.812144
31 -9.202176 6.688304 6.688304 8.349714 10.224674 18.308354 21.256984 21.256984 22.746874
32 -9.054306 6.459014 6.459014 8.148044 9.995754 18.468974 21.388694 21.388694 22.634604
33 -8.901566 6.234534 6.234534 7.950514 9.774054 18.635444 21.522564 21.522564 22.474304
34 -8.743936 6.014884 6.014884 7.757234 9.559344 18.807854 21.659314 21.659314 22.266134
35 -8.581426 5.800074 5.800074 7.568294 9.351414 18.986354 21.799684 21.799684 22.011294
36 -8.414056 5.590134 5.590134 7.383804 9.150074 19.171054 21.712114 21.944334 21.944334
37 -8.241826 5.385064 5.385064 7.203834 8.955124 19.362134 21.371734 22.093944 22.093944
38 -8.064736 5.184864 5.184864 7.028464 8.766364 19.559784 20.994054 22.249184 22.249184
39 -7.882816 4.989554 4.989554 6.857754 8.583634 19.764214 20.583414 22.410674 22.410674
40 -7.696056 4.799124 4.799124 6.691744 8.406744 19.975664 20.144394 22.579044 22.579044
41 -7.504486 4.613604 4.613604 6.530494 8.235564 19.681704 20.194394 22.754884 22.754884
42 -7.308126 4.432974 4.432974 6.374004 8.069944 19.199834 20.420724 22.938804 22.938804
43 -7.106996 4.257244 4.257244 6.222314 7.909754 18.703044 20.654994 23.131394 23.131394
44 -6.901116 4.086434 4.086434 6.075404 7.754874 18.195234 20.897614 23.333214 23.333214
45 -6.690486 3.920534 3.920534 5.933274 7.605194 17.679854 21.149004 23.544874 23.544874
46 -6.475176 3.759574 3.759574 5.795894 7.460644 17.159964 21.409654 23.766914 23.766914
47 -6.255196 3.603544 3.603544 5.663234 7.321104 16.638154 21.680124 23.999914 23.999914
48 -6.030576 3.452464 3.452464 5.535244 7.186524 16.116564 21.961004 24.244464 24.244464
49 -5.801366 3.306334 3.306334 5.411894 7.056814 15.596984 22.252974 24.501114 24.501114
50 -5.567586 3.165174 3.165174 5.293094 6.931924 15.080844 22.556774 24.770454 24.770454
51 -5.329306 3.028994 3.028994 5.178804 6.811804 14.569334 22.873194 25.053004 25.053004
52 -5.086576 2.897814 2.897814 5.068924 6.696394 14.063314 23.203104 25.349314 25.349314
53 -4.839446 2.771644 2.771644 4.963394 6.585674 13.563504 23.547434 25.659874 25.659874
54 -4.587976 2.650484 2.650484 4.862104 6.479594 13.070424 23.907154 25.985124 25.985124
55 -4.332266 2.534364 2.534364 4.764954 6.378134 12.584504 24.283284 26.325434 26.325434
56 -4.072386 2.423284 2.423284 4.671824 6.281254 12.106024 24.676864 26.681084 26.681084
57 -3.808446 2.317274 2.317274 4.582584 6.188954 11.635294 25.088874 27.052164 27.052164
58 -3.540556 2.216344 2.216344 4.497094 6.101194 11.172544 25.520254 27.438604 27.438604
59 -3.268876 2.120494 2.120494 4.415174 6.017974 10.717984 25.971834 27.840104 27.840104
60 -2.993546 2.029754 2.029754 4.336604 5.939284 10.271884 26.444204 28.256014 28.256014
61 -2.714766 1.944114 1.944114 4.261134 5.865104 9.834524 26.937654 28.685344 28.685344
62 -2.432786 1.863614 1.863614 4.188464 5.795434 9.406354 27.451974 29.126594 29.126594
63 -2.147896 1.788254 1.788254 4.118204 5.730264 8.987854 27.986384 29.577744 29.577744
64 -1.860446 1.718034 1.718034 4.049844 5.669594 8.579724 28.539254 30.036144 30.036144
65 -1.570896 1.652984 1.652984 3.982784 5.613414 8.182884 29.107934 30.498394 30.498394
66 -1.279806 1.593104 1.593104 3.916184 5.561724 7.798554 29.688514 30.960374 30.960374
67 -0.987956 1.538394 1.538394 3.849024 5.514534 7.428424 30.275484 31.417054 31.417054
68 -0.696326 1.488874 1.488874 3.779964 5.471834 7.074684 30.861724 31.862674 31.862674
69 -0.406276 1.444554 1.444554 3.707344 5.433624 6.740194 31.438244 32.290694 32.290694
70 -0.119666 1.405424 1.405424 3.629224 5.399914 6.428684 31.994214 32.693944 32.693944
71 0.160814 1.371504 1.371504 3.543624 5.370684 6.144714 32.517214 33.064834 33.064834
72 0.431194 1.342794 1.342794 3.449134 5.345954 5.893574 32.993504 33.395594 33.395594
73 0.685434 1.319304 1.319304 3.346224 5.325724 5.680774 33.408904 33.678674 33.678674
74 0.914164 1.301024 1.301024 3.239284 5.309984 5.511234 33.749524 33.907114 33.907114
75 1.102924 1.287964 1.287964 3.139184 5.298744 5.388504 34.002944 34.074944 34.074944
76 1.231314 1.280134 1.280134 3.064394 5.291994 5.314464 34.159274 34.177574 34.177574
77 1.277524 1.277524 1.277524 3.036094 5.289754 5.289754 34.212114 34.212114 34.212114
78 1.248414 1.263054 1.280104 3.064574 5.297564 5.308594 34.120464 34.177894 34.217494
79 1.166514 1.220464 1.287864 3.144274 5.321274 5.364334 33.851734 34.075934 34.233644
80 1.044274 1.151964 1.300794 3.261944 5.361704 5.454734 33.423474 33.908424 34.260624
81 0.894514 1.060784 1.318894 3.403434 5.420164 5.576604 32.861644 33.678814 34.298564
82 0.727154 0.950534 1.342154 3.557054 5.498364 5.726324 32.196534 33.391684 34.347594
83 0.549044 0.824844 1.370564 3.714024 5.598234 5.900294 31.458934 33.052434 34.407924
84 0.364714 0.687004 1.404124 3.868004 5.721544 6.095214 30.677134 32.667094 34.479814
85 0.177214 0.539914 1.442814 4.014694 5.869484 6.308234 29.874964 32.242024 34.563534
86 -0.011436 0.385974 1.486634 4.151744 6.042344 6.536964 29.071084 31.783644 34.659454
87 -0.199806 0.227184 1.535564 4.278464 6.239334 6.779464 28.279064 31.298214 34.767984
88 -0.386896 0.065154 1.589584 4.395454 6.458754 7.034134 27.508044 30.791724 34.889564
89 -0.571946 -0.098786 1.648684 4.504164 6.698364 7.299714 26.763594 30.269754 35.024734
90 -0.754436 -0.263586 1.712844 4.606354 6.955774 7.575194 26.048464 29.737324 35.174074
91 -0.933946 -0.428366 1.782044 4.703824 7.228684 7.859804 25.363464 29.198954 35.338254
92 -1.110156 -0.592436 1.856264 4.798174 7.515074 8.152904 24.708094 28.658604 35.518014
93 -1.282816 -0.755196 1.935474 4.890784 7.813194 8.453994 24.081024 28.119754 35.714154
94 -1.451726 -0.916166 2.019654 4.982764 8.121594 8.762744 23.480414 27.585334 35.927584
95 -1.616726 -1.074976 2.108774 5.075044 8.439064 9.078874 22.904184 27.057884 36.159314
96 -1.777706 -1.231256 2.202814 5.168334 8.764564 9.402234 22.350264 26.539604 36.410424
97 -1.934536 -1.384736 2.301724 5.263214 9.097164 9.732694 21.816654 26.032394 36.682104
98 -2.087146 -1.535176 2.405484 5.360164 9.436054 10.070244 21.301444 25.537894 36.975684
99 -2.235476 -1.682366 2.514054 5.459564 9.780424 10.414954 20.802874 25.057604 37.292594
100 -2.379456 -1.826126 2.627394 5.561734 10.129454 10.766924 20.319414 24.592974 37.634394
101 -2.519046 -1.966306 2.745474 5.666944 10.482224 11.126324 19.849724 24.145434 38.002734
102 -2.654196 -2.102756 2.868234 5.775424 10.837724 11.493414 19.392594 23.716494 38.399454
103 -2.784886 -2.235376 2.995634 5.887404 11.194734 11.868514 18.946984 23.307834 38.826504
104 -2.911086 -2.364036 3.127624 6.003054 11.551694 12.252014 18.512034 22.921434 39.285944
105 -3.032776 -2.488656 3.264134 6.122564 11.906654 12.644364 18.087004 22.559724 39.779964
106 -3.149936 -2.609136 3.405104 6.246074 12.257144 13.046094 17.671284 22.225664 40.310874
107 -3.262546 -2.725406 3.550464 6.373774 12.599944 13.457834 17.264334 21.922964 40.881074
108 -3.370606 -2.837386 3.700124 6.505784 12.930924 13.880234 16.865764 21.656274 41.492984
109 -3.474096 -2.945016 3.853994 6.642264 13.244904 14.314014 16.475254 21.431374 42.149024
110 -3.573026 -3.048236 4.011964 6.783324 13.535564 14.759974 16.092544 21.255134 42.851554
111 -3.667366 -3.146996 4.173914 6.929084 13.795604 15.218924 15.717444 21.135434 43.602804
112 -3.757136 -3.241236 4.339694 7.079654 14.017204 15.349874 15.691644 21.080594 44.404674
113 -3.842306 -3.330906 4.509114 7.235074 14.193074 14.989784 16.178864 21.098344 45.258604
114 -3.922896 -3.415956 4.681984 7.395384 14.317704 14.637194 16.681204 21.194434 46.165444
115 -3.998896 -3.496366 4.858064 7.560574 14.292204 14.388624 17.199074 21.371324 47.125184
116 -4.070316 -3.572086 5.037024 7.730544 13.954994 14.406964 17.732544 21.627454 48.136554
117 -4.137126 -3.643076 5.218494 7.905124 13.625834 14.377074 18.281164 21.957504 49.196784
118 -4.199346 -3.709306 5.402024 8.084024 13.305094 14.305454 18.843854 22.353274 50.301254
119 -4.256976 -3.770746 5.587024 8.266834 12.993274 14.199474 19.418654 22.804744 51.443024
120 -4.310016 -3.827376 5.772754 8.452954 12.691054 14.066454 20.002394 23.300784 52.612374
121 -4.358446 -3.879156 5.958254 8.641534 12.399344 13.913134 20.590484 23.829434 53.796484
122 -4.402276 -3.926076 6.142304 8.831464 12.119304 13.745504 21.176684 24.377994 54.979254
123 -4.441506 -3.968106 6.323324 9.021194 11.852494 13.568934 21.752864 24.932784 56.141154
124 -4.476136 -4.005236 6.499194 9.208664 11.600994 13.388454 22.308894 25.479004 57.259304
125 -4.506156 -4.037446 6.667184 9.391044 11.367504 13.209044 22.832764 26.000784 58.308144
126 -4.531556 -4.064726 6.823744 9.564534 11.155554 13.036134 23.310974 26.481534 59.260334
127 -4.552346 -4.087056 6.964354 9.723964 10.969654 12.876014 23.729144 26.904454 60.088084
128 -4.568526 -4.104436 7.083524 9.862524 10.815254 12.736274 24.072934 27.253464 60.764774
129 -4.580076 -4.116856 7.175124 9.971744 10.698524 12.625894 24.329294 27.514284 61.266924
130 -4.587016 -4.124316 7.233134 10.042444 10.625424 12.554384 24.487694 27.675624 61.576104
131 -4.589326 -4.126796 7.253044 10.067024 10.600484 12.529514 24.541294 27.730244 61.680524
132 -4.703796 -4.007586 7.255764 10.068994 10.603014 12.531454 24.535954 27.709144 61.304454
133 -4.918006 -3.779146 7.263944 10.074914 10.610624 12.537274 24.519984 27.646274 60.225344
134 -5.150766 -3.522676 7.277574 10.084794 10.623304 12.546974 24.493484 27.542944 58.574794
135 -5.386146 -3.254096 7.296654 10.098634 10.641084 12.560594 24.456614 27.401224 56.528494
136 -5.619906 -2.977666 7.321174 10.116454 10.663964 12.578144 24.409614 27.223914 54.264744
137 -5.850496 -2.694906 7.351134 10.138264 10.691984 12.599664 24.352784 27.014334 51.933764
138 -6.077236 -2.406506 7.386534 10.164094 10.725174 12.625194 24.286454 26.776224 49.645154
139 -6.299776 -2.112816 7.427364 10.193964 10.763554 12.654794 24.211034 26.513534 47.468164
140 -6.517886 -1.814076 7.473624 10.227894 10.807174 12.688504 24.126944 26.230394 45.439694
141 -6.731456 -1.510376 7.525304 10.265914 10.856054 12.726414 24.034644 25.930834 43.573024
142 -6.940396 -1.201816 7.582394 10.308054 10.910254 12.768594 23.934634 25.618764 41.866734
143 -7.144666 -0.888426 7.644894 10.354324 10.969814 12.815134 23.827394 25.297824 40.310904
144 -7.344196 -0.570286 7.712794 10.404764 11.034774 12.866154 23.713454 24.971424 38.891814
145 -7.538976 -0.247396 7.786084 10.459394 11.105174 12.921754 23.593324 24.642544 37.594164
146 -7.728976 0.080214 7.864764 10.518234 11.181054 12.982064 23.467504 24.313824 36.403014
147 -7.914186 0.412544 7.948824 10.581284 11.262464 13.047224 23.336474 23.987544 35.304494
148 -8.094586 0.749554 8.038254 10.648564 11.349414 13.117394 23.200734 23.665614 34.286374
149 -8.270156 1.091244 8.133044 10.720084 11.441954 13.192714 23.060724 23.349604 33.337824
150 -8.440906 1.437614 8.233184 10.795824 11.540074 13.273364 22.916894 23.040744 32.449564
151 -8.606836 1.788674 8.338694 10.875794 11.643804 13.359524 22.739974 22.769624 31.613664
152 -8.767906 2.144394 8.449534 10.959944 11.753094 13.451374 22.448034 22.619324 30.823524
153 -8.924146 2.504784 8.565714 11.048264 11.867944 13.549104 22.165364 22.466314 30.073484
154 -9.075536 2.869844 8.687234 11.140704 11.988284 13.652874 21.892244 22.310944 29.358784
155 -9.222096 3.239584 8.814094 11.237204 12.114054 13.762884 21.628764 22.153464 28.675424
156 -9.363806 3.613964 8.946274 11.337704 12.245114 13.879284 21.374934 21.994194 28.020124
157 -9.500676 3.992994 9.083784 11.442104 12.381354 14.002194 21.130574 21.833354 27.390024
158 -9.632696 4.376644 9.226614 11.550324 12.522564 14.131754 20.895424 21.671164 26.782754
159 -9.759886 4.764924 9.374784 11.662254 12.668554 14.268024 20.669134 21.507834 26.196264
160 -9.882236 5.157744 9.528264 11.777734 12.819024 14.411004 20.451324 21.343574 25.628914
161 -9.999746 5.555064 9.687074 11.896624 12.973654 14.560674 20.241484 21.178564 25.079234
162 -10.112436 5.956804 9.851204 12.018754 13.132054 14.716894 20.039094 21.012994 24.545964
163 -10.220296 6.362864 10.020664 12.143924 13.293794 14.879464 19.843564 20.847024 24.028014
164 -10.323316 6.773034 10.195444 12.271914 13.458334 15.048054 19.654294 20.680874 23.524534
165 -10.421526 7.187134 10.375544 12.402464 13.625094 15.222204 19.470584 20.514734 23.034684
166 -10.514916 7.604884 10.560964 12.535284 13.793404 15.401354 19.291754 20.348824 22.557784
167 -10.603486 8.025954 10.751704 12.670074 13.962544 15.584764 19.117024 20.183394 22.093224
168 -10.687246 8.449834 10.947744 12.806444 14.131674 15.771504 18.945654 20.018734 21.640514
169 -10.766206 8.875984 11.149064 12.943994 14.299904 15.960504 18.776824 19.855164 21.199184
170 -10.840346 9.303704 11.355634 13.082254 14.466254 16.150474 18.609704 19.693064 20.768854
171 -10.909706 9.732194 11.567434 13.220664 14.629714 16.339914 18.443474 19.532884 20.349174
172 -10.974246 10.160374 11.784374 13.358604 14.789154 16.527034 18.277394 19.375164 19.939924
173 -11.034006 10.587114 12.006374 13.495354 14.943444 16.709684 18.110914 19.220534 19.540894
174 -11.088966 11.011014 12.233304 13.630054 15.091374 16.884994 17.944094 19.069744 19.151954
175 -11.139146 11.430544 12.464964 13.761744 15.231764 17.048024 17.778954 18.773064 18.923684
176 -11.184526 11.843834 12.701034 13.889244 15.363374 17.185054 17.626314 18.404364 18.783444
177 -11.225126 12.248854 12.941044 14.011214 15.485014 17.236464 17.543004 18.046124 18.650294
178 -11.260946 12.643234 13.184264 14.126114 15.595524 17.129884 17.598924 17.698934 18.525704
179 -11.291996 13.024124 13.429514 14.232144 15.693814 16.955584 17.363844 17.701864 18.411404
180 -11.318256 13.387834 13.674704 14.327314 15.778864 16.761874 17.042814 17.802654 18.309334
181 -11.339736 13.729194 13.916194 14.409474 15.849774 16.560764 16.739404 17.890284 18.221594
182 -11.356446 14.039864 14.147004 14.476414 15.905764 16.360824 16.460524 17.960884 18.150354
183 -11.368386 14.304654 14.353164 14.526044 15.946224 16.176244 16.220054 18.012454 18.097664
184 -11.375546 14.494844 14.507184 14.556614 15.970684 16.034664 16.045474 18.043824 18.065284
185 -11.377926 14.566934 14.566934 14.566934 15.978864 15.978864 15.978864 18.054344 18.054344
186 -11.375796 14.488764 14.542364 14.542364 15.991254 15.991254 16.056424 18.054544 18.054544
187 -11.369406 14.290824 14.471024 14.471024 16.026234 16.026234 16.252524 18.055184 18.055184
188 -11.358756 14.029034 14.358644 14.358644 16.078604 16.078604 16.511264 18.056424 18.056424
189 -11.343836 13.735834 14.211784 14.211784 16.142694 16.142694 16.800214 18.058524 18.058524
190 -11.324666 13.426474 14.036224 14.036224 16.213914 16.213914 17.104204 18.061804 18.061804
191 -11.301216 13.108304 13.836504 13.836504 16.289214 16.289214 17.415914 18.066644 18.066644
192 -11.273516 12.785224 13.616204 13.616204 16.366704 16.366704 17.731494 18.073454 18.073454
193 -11.241536 12.459514 13.378224 13.378224 16.445414 16.445414 18.048764 18.082674 18.082674
194 -11.205296 12.132604 13.125024 13.125034 16.524864 16.524864 18.094734 18.094734 18.366384
195 -11.164786 11.805494 12.858834 12.858844 16.604964 16.604964 18.110044 18.110044 18.683454
196 -11.119996 11.478874 12.581654 12.581654 16.685774 16.685774 18.129024 18.129024 18.999424
197 -11.070946 11.153344 12.295404 12.295414 16.767464 16.767464 18.152064 18.152064 19.313814
198 -11.017616 10.829334 12.001834 12.001844 16.850254 16.850254 18.179554 18.179554 19.626384
199 -10.960006 10.507204 11.702574 11.702574 16.934394 16.934394 18.211864 18.211864 19.936944
200 -10.898126 10.187264 11.399094 11.399104 17.020094 17.020104 18.249354 18.249354 20.245384
201 -10.831956 9.869794 11.092764 11.092774 17.107584 17.107584 18.292354 18.292354 20.551674
202 -10.761506 9.555044 10.784794 10.784794 17.197034 17.197034 18.341204 18.341214 20.855814
203 -10.686776 9.243194 10.476224 10.476234 17.288634 17.288634 18.396224 18.396234 21.157904
204 -10.607756 8.934464 10.168004 10.168014 17.382514 17.382514 18.457714 18.457724 21.458064
205 -10.524446 8.628994 9.860914 9.860924 17.478824 17.478824 18.525954 18.525964 21.756484
206 -10.436846 8.326954 9.555614 9.555624 17.577684 17.577684 18.601194 18.601204 22.053404
207 -10.344956 8.028464 9.252674 9.252684 17.679224 17.679224 18.683664 18.683674 22.349124
208 -10.248786 7.733654 8.952544 8.952554 17.783574 17.783574 18.773574 18.773584 22.644014
209 -10.148316 7.442604 8.655584 8.655594 17.890864 17.890864 18.871064 18.871074 22.938484
210 -10.043556 7.155434 8.362104 8.362114 18.001244 18.001254 18.976274 18.976284 23.233014
211 -9.934506 6.872214 8.072314 8.072324 18.114874 18.114884 19.089274 19.089294 23.528164
212 -9.821166 6.593014 7.786384 7.786404 18.231934 18.231934 19.210134 19.210154 23.824544
213 -9.703536 6.317894 7.504464 7.504474 18.352584 18.352594 19.338864 19.338884 24.122854
214 -9.581626 6.046914 7.226614 7.226634 18.477034 18.477034 19.475444 19.475474 24.423874
215 -9.455436 5.780114 6.952924 6.952934 18.605464 18.605474 19.619854 19.619874 24.728434
216 -9.324966 5.517534 6.683414 6.683434 18.738074 18.738084 19.772024 19.772054 25.037474
217 -9.190206 5.259194 6.418094 6.418104 18.875064 18.875074 19.931914 19.931944 25.352004
218 -9.051196 5.005144 6.157004 6.157024 19.016594 19.016614 20.099414 20.099444 25.673074
219 -8.907926 4.755394 5.900134 5.900154 19.162854 19.162864 20.274444 20.274484 26.001834
220 -8.760406 4.509954 5.647474 5.647494 19.313994 19.314014 20.456914 20.456954 26.339494
221 -8.608646 4.268844 5.399014 5.399034 19.470184 19.470204 20.646714 20.646754 26.687264
222 -8.452656 4.032064 5.154744 5.154764 19.631574 19.631594 20.843734 20.843784 27.046384
223 -8.292446 3.799624 4.914644 4.914664 19.798284 19.798304 21.047854 21.047904 27.418034
224 -8.128026 3.571514 4.678704 4.678724 19.970464 19.970484 21.258924 21.258974 27.803294
225 -7.959416 3.347744 4.446914 4.446934 20.148234 20.148264 21.476794 21.476844 28.203074
226 -7.786626 3.128294 4.219264 4.219284 20.331734 20.331764 21.701274 21.701324 28.617984
227 -7.609666 2.913174 3.995754 3.995774 20.521074 20.521104 21.932164 21.932214 29.048244
228 -7.428556 2.702374 3.776374 3.776394 20.716394 20.716434 22.169224 22.169274 29.493504
229 -7.243316 2.495874 3.561124 3.561144 20.917824 20.917854 22.412154 22.412214 29.952674
230 -7.053946 2.293664 3.350004 3.350024 21.125484 21.125524 22.660654 22.660714 30.423734
231 -6.860466 2.095744 3.143014 3.143034 21.339514 21.339544 22.914354 22.914404 30.903504
232 -6.662876 1.902104 2.940154 2.940174 21.560024 21.560064 23.172804 23.172864 31.387484
233 -6.461196 1.712744 2.741444 2.741464 21.787144 21.787184 23.435544 23.435604 31.869704
234 -6.255416 1.527664 2.546874 2.546894 22.020974 22.021014 23.702024 23.702084 32.342624
235 -6.045556 1.346874 2.356464 2.356484 22.261604 22.261644 23.971634 23.971694 32.797224
236 -5.831606 1.170394 2.170224 2.170244 22.509064 22.509104 24.243694 24.243754 33.223214
237 -5.613566 0.998234 1.988144 1.988164 22.763364 22.763404 24.517494 24.517554 33.609424
238 -5.391476 0.830464 1.810274 1.810284 23.024394 23.024434 24.792204 24.792264 33.944344
239 -5.165356 0.667134 1.636594 1.636604 23.291974 23.292014 25.067014 25.067064 34.216984
240 -4.935226 0.508334 1.467134 1.467144 23.565764 23.565804 25.341064 25.341114 34.417604
241 -4.701156 0.354164 1.301894 1.301904 23.845224 23.845264 25.613514 25.613564 34.538534
242 -4.463266 0.204784 1.140894 1.140904 24.129544 24.129584 25.883584 25.883634 34.574784
243 -4.221686 0.060374 0.984134 0.984144 24.417554 24.417594 26.150614 26.150664 34.524454
244 -3.976666 -0.078786 0.831644 0.831654 24.707594 24.707624 26.414184 26.414234 34.388804
245 -3.728526 -0.212326 0.683414 0.683424 24.997364 24.997394 26.674204 26.674244 34.172004
246 -3.477806 -0.339716 0.539474 0.539484 25.283794 25.283824 26.931094 26.931134 33.880654
247 -3.225286 -0.460146 0.399824 0.399834 25.562814 25.562834 27.185924 27.185954 33.523114
248 -2.972266 -0.572336 0.264474 0.264484 25.829274 25.829294 27.440494 27.440514 33.108774
249 -2.720886 -0.674146 0.133434 0.133434 26.077054 26.077064 27.697244 27.697264 32.647374
250 -2.474956 -0.761766 0.006714 0.006714 26.299424 26.299444 27.958874 27.958894 32.148404
251 -2.241556 -0.828176 -0.115686 -0.115676 26.489844 26.489854 28.227594 28.227604 31.620734
252 -2.033846 -0.860226 -0.233746 -0.233746 26.642774 26.642784 28.504284 28.504284 31.072264
253 -1.873146 -0.836636 -0.347466 -0.347466 26.754264 26.754264 28.788024 28.788024 30.509824
254 -1.780146 -0.736756 -0.456836 -0.456836 26.821934 26.821934 29.076154 29.076154 29.939124
255 -1.753606 -0.561866 -0.561856 -0.561856 26.844614 26.844614 29.364784 29.364784 29.364814
