  3.125000000000000E-004 -2.315263640161278E-011
  3.202187500000000E-004 -2.491097235607170E-011
  3.281281531250000E-004 -2.680284586204867E-011
  3.362329185071900E-004 -2.883839848940370E-011
  3.445378715943100E-004 -3.102854382034329E-011
  3.530479570226900E-004 -3.338502081164912E-011
  3.617682415611600E-004 -3.592046158450295E-011
  3.707039171277200E-004 -3.864845764257426E-011
  3.798603038807700E-004 -4.158363269959131E-011
  3.892428533866300E-004 -4.474172107616591E-011
  3.988571518652700E-004 -4.813965204527215E-011
  4.087089235163500E-004 -5.179564058404500E-011
  4.188040339272000E-004 -5.572928501734489E-011
  4.291484935652000E-004 -5.996167207722600E-011
  4.397484613562600E-004 -6.451548994097929E-011
  4.506102483517600E-004 -6.941514985432676E-011
  4.617403214860500E-004 -7.468691699095802E-011
  4.731453074267600E-004 -8.035905125081358E-011
  4.848319965202000E-004 -8.646195875087697E-011
  4.968073468342499E-004 -9.302835482162371E-011
  5.090784883010500E-004 -1.000934393819744E-010
  5.216527269620900E-004 -1.076950856337701E-010
  5.345375493180500E-004 -1.158740430860675E-010
  5.477406267862100E-004 -1.246741559991960E-010
  5.612698202678300E-004 -1.341425984183458E-010
  5.751331848284400E-004 -1.443301270572416E-010
  5.893389744937001E-004 -1.552913533868995E-010
  6.038956471637000E-004 -1.670850363890766E-010
  6.188118696486400E-004 -1.797743975430204E-010
  6.340965228289600E-004 -1.934274597344168E-010
  6.497587069428401E-004 -2.081174119025203E-010
  6.658077470043300E-004 -2.239230013823268E-010
  6.822531983553300E-004 -2.409289560421023E-010
  6.991048523547100E-004 -2.592264384814171E-010
  7.163727422078700E-004 -2.789135347246285E-010
  7.340671489404099E-004 -3.000957800279749E-010
  7.521986075192299E-004 -3.228867246194527E-010
  7.707779131249600E-004 -3.474085424062946E-010
  7.898161275791500E-004 -3.737926859104218E-010
  8.093245859303500E-004 -4.021805909443814E-010
  8.293149032028300E-004 -4.327244348047265E-010
  8.497989813119400E-004 -4.655879520487993E-010
  8.707890161503500E-004 -5.009473122260061E-010
  8.922975048492600E-004 -5.389920642700844E-010
  9.143372532190400E-004 -5.799261526160598E-010
  9.369213833735500E-004 -6.239690104862839E-010
  9.600633415428700E-004 -6.713567362101194E-010
  9.837769060789801E-004 -7.223433588816306E-010
  1.008076195659100E-003 -7.772022001372778E-010
  1.032975677691900E-003 -8.362273393607562E-010
  1.058490176930900E-003 -8.997351901636528E-010
  1.084634884301100E-003 -9.680661965961987E-010
  1.111425365943300E-003 -1.041586658181314E-009
  1.138877572482100E-003 -1.120690693553292E-009
  1.167007848522400E-003 -1.205802353231554E-009
  1.195832942380900E-003 -1.297377892854275E-009
  1.225370016057800E-003 -1.395908219060058E-009
  1.255636655454400E-003 -1.501921521123811E-009
  1.286650880844100E-003 -1.615986102465373E-009
  1.318431157601000E-003 -1.738713427202700E-009
  1.350996407193700E-003 -1.870761398083198E-009
  1.384366018451400E-003 -2.012837883370468E-009
  1.418559859107100E-003 -2.165704511587916E-009
  1.453598287627100E-003 -2.330180754472067E-009
  1.489502165331500E-003 -2.507148320013272E-009
  1.526292868815200E-003 -2.697555879143324E-009
  1.563992302674900E-003 -2.902424151411125E-009
  1.602622912551000E-003 -3.122851376904418E-009
  1.642207698491000E-003 -3.360019203759291E-009
  1.682770228643700E-003 -3.615199022817939E-009
  1.724334653291200E-003 -3.889758783402486E-009
  1.766925719227500E-003 -4.185170326732535E-009
  1.810568784492400E-003 -4.503017276317685E-009
  1.855289833469400E-003 -4.845003527620284E-009
  1.901115492356100E-003 -5.212962382496951E-009
  1.948073045017300E-003 -5.608866377408783E-009
  1.996190449229200E-003 -6.034837858075623E-009
  2.045496353325100E-003 -6.493160357271356E-009
  2.096020113252300E-003 -6.986290836779635E-009
  2.147791810049600E-003 -7.516872859116907E-009
  2.200842267757800E-003 -8.087750759652450E-009
  2.255203071771400E-003 -8.701984895122737E-009
  2.310906587644200E-003 -9.362868050277422E-009
  2.367985980359000E-003 -1.007394309061380E-008
  2.426475234073900E-003 -1.083902195588979E-008
  2.486409172355500E-003 -1.166220609618677E-008
  2.547823478912700E-003 -1.254790846014702E-008
  2.610754718841800E-003 -1.350087715324858E-008
  2.675240360397200E-003 -1.452622089298316E-008
  2.741318797299000E-003 -1.562943639740006E-008
  2.809029371592300E-003 -1.681643785389182E-008
  2.878412397070600E-003 -1.809358862621864E-008
  2.949509183278300E-003 -1.946773536975294E-008
  3.022362060105300E-003 -2.094624473792072E-008
  3.097014402989900E-003 -2.253704287661031E-008
  3.173510658743700E-003 -2.424865791831905E-008
  3.251896372014700E-003 -2.609026570394683E-008
  3.332218212403400E-003 -2.807173897730477E-008
  3.414524002249800E-003 -3.020370031622824E-008
  3.498862745105400E-003 -3.249757908404647E-008
  3.585284654909500E-003 -3.496567270681696E-008
  3.673841185885700E-003 -3.762121260493668E-008
  3.764585063177100E-003 -4.047843513261787E-008
  3.857570314237600E-003 -4.355265790570916E-008
  3.952852300999300E-003 -4.686036192710511E-008
  4.050487752833900E-003 -5.041927995013976E-008
  4.150534800328900E-003 -5.424849155389044E-008
  4.253053009897100E-003 -5.836852544017365E-008
  4.358103419241500E-003 -6.280146950081932E-008
  4.465748573696800E-003 -6.757108924555949E-008
  4.576052563467100E-003 -7.270295522558606E-008
  4.689081061784700E-003 -7.822458013608143E-008
  4.804901364010800E-003 -8.416556633316280E-008
  4.923582427701900E-003 -9.055776455624709E-008
  5.045194913666100E-003 -9.743544470707941E-008
  5.169811228033700E-003 -1.048354796014600E-007
  5.297505565366100E-003 -1.127975426790793E-007
  5.428353952830700E-003 -1.213643207319277E-007
  5.562434295465600E-003 -1.305817427921563E-007
  5.699826422563600E-003 -1.404992264071754E-007
  5.840612135200900E-003 -1.511699426227596E-007
  5.984875254940400E-003 -1.626511010955606E-007
  6.132701673737400E-003 -1.750042568644377E-007
  6.284179405078700E-003 -1.882956404257970E-007
  6.439398636384100E-003 -2.025965128837830E-007
  6.598451782702800E-003 -2.179835480802444E-007
  6.761433541735600E-003 -2.345392437544014E-007
  6.928440950216500E-003 -2.523523639376842E-007
  7.099573441686800E-003 -2.715184149571942E-007
  7.274932905696500E-003 -2.921401576010924E-007
  7.454623748467200E-003 -3.143281581936961E-007
  7.638752955054300E-003 -3.382013815367029E-007
  7.827430153044100E-003 -3.638878288975694E-007
  8.020767677824300E-003 -3.915252244679881E-007
  8.218880639466601E-003 -4.212617539753855E-007
  8.421886991261399E-003 -4.532568594103490E-007
  8.629907599945599E-003 -4.876820941340902E-007
  8.843066317664201E-003 -5.247220429543047E-007
  9.061490055710501E-003 -5.645753121059797E-007
  9.285308860086600E-003 -6.074555944493505E-007
  9.514655988930700E-003 -6.535928156014217E-007
  9.749667991857299E-003 -7.032343671504705E-007
  9.990484791256200E-003 -7.566464335724367E-007
  1.023724976560000E-002 -8.141154199691811E-007
  1.049010983481100E-002 -8.759494882913461E-007
  1.074921554773000E-002 -9.424802102903419E-007
  1.101472117175900E-002 -1.014064346070527E-006
  1.128678478470200E-002 -1.091085757787590E-006
  1.156556836888400E-002 -1.173957468764521E-006
  1.185123790759500E-002 -1.263123879077417E-006
  1.214396348391300E-002 -1.359063149503061E-006
  1.244391938196600E-002 -1.462289766625817E-006
  1.275128419070000E-002 -1.573357302872588E-006
  1.306624091021000E-002 -1.692861386292052E-006
  1.338897706069300E-002 -1.821442896021621E-006
  1.371968479409200E-002 -1.959791400596061E-006
  1.405856100850600E-002 -2.108648857557929E-006
  1.440580746541600E-002 -2.268813594232021E-006
  1.476163090981200E-002 -2.441144591036348E-006
  1.512624319328400E-002 -2.626566090328658E-006
  1.549986140015800E-002 -2.826072555534964E-006
  1.588270797674200E-002 -3.040734007187080E-006
  1.627501086376800E-002 -3.271701764524900E-006
  1.667700363210300E-002 -3.520214623492636E-006
  1.708892562181600E-002 -3.787605504307952E-006
  1.751102208467400E-002 -4.075308604300825E-006
  1.794354433016600E-002 -4.384867094438598E-006
  1.838674987512100E-002 -4.717941400867583E-006
  1.884090259703600E-002 -5.076318115955835E-006
  1.930627289118300E-002 -5.461919586690915E-006
  1.978313783159500E-002 -5.876814231937218E-006
  2.027178133603600E-002 -6.323227643964928E-006
  2.077249433503600E-002 -6.803554533880788E-006
  2.128557494511100E-002 -7.320371585131177E-006
  2.181132864625600E-002 -7.876451284108489E-006
  2.235006846381800E-002 -8.474776802166178E-006
  2.290211515487400E-002 -9.118558008976216E-006
  2.346779739920000E-002 -9.811248703253822E-006
  2.404745199496000E-002 -1.055656515340864E-005
  2.464142405923600E-002 -1.135850604772476E-005
  2.525006723349900E-002 -1.222137396123453E-005
  2.587374389416600E-002 -1.314979845461040E-005
  2.651282536835200E-002 -1.414876092916235E-005
  2.716769215495000E-002 -1.522362137144940E-005
  2.783873415117700E-002 -1.638014713118746E-005
  2.852635088471200E-002 -1.762454388703135E-005
  2.923095175156400E-002 -1.896348896657074E-005
  2.995295625982800E-002 -2.040416719952255E-005
  3.069279427944500E-002 -2.195430949669378E-005
  3.145090629814800E-002 -2.362223436192976E-005
  3.222774368371200E-002 -2.541689256000213E-005
  3.302376895270000E-002 -2.734791518033184E-005
  3.383945604583100E-002 -2.942566535464786E-005
  3.467529061016300E-002 -3.166129390632280E-005
  3.553177028823400E-002 -3.406679923014961E-005
  3.640940501435400E-002 -3.665509172410306E-005
  3.730871731820800E-002 -3.944006311891617E-005
  3.823024263596800E-002 -4.243666107765795E-005
  3.917452962907600E-002 -4.566096946570125E-005
  4.014214051091500E-002 -4.913029472176711E-005
  4.113365138153400E-002 -5.286325879354897E-005
  4.214965257065800E-002 -5.687989913643448E-005
  4.319074898915300E-002 -6.120177631164214E-005
  4.425756048918500E-002 -6.585208976083476E-005
  4.535072223326800E-002 -7.085580237783987E-005
  4.647088507243000E-002 -7.623977454518992E-005
  4.761871593371900E-002 -8.203290835376812E-005
  4.879489821728200E-002 -8.826630277805725E-005
  5.000013220324900E-002 -9.497342063806999E-005
  5.123513546866900E-002 -1.021902682417702E-004
  5.250064331474500E-002 -1.099555886693249E-004
  5.379740920461900E-002 -1.183110697332244E-004
  5.512620521197300E-002 -1.273015677261732E-004
  5.648782248070900E-002 -1.369753481526779E-004
  5.788307169598300E-002 -1.473843447303596E-004
  5.931278356687300E-002 -1.585844380437968E-004
  6.077780932097500E-002 -1.706357553379200E-004
  6.227902121120300E-002 -1.836029930497020E-004
  6.381731303512000E-002 -1.975557637970824E-004
  6.539360066708701E-002 -2.125689696730467E-004
  6.700882260356400E-002 -2.287232038314436E-004
  6.866394052187200E-002 -2.461051824998985E-004
  7.035993985276300E-002 -2.648082097150684E-004
  7.209783036712600E-002 -2.849326772469311E-004
  7.387864677719400E-002 -3.065866023631472E-004
  7.570344935259100E-002 -3.298862062820139E-004
  7.757332455160000E-002 -3.549565363747962E-004
  7.948938566802401E-002 -3.819321354057438E-004
  8.145277349402399E-002 -4.109577613418780E-004
  8.346465699932699E-002 -4.421891615272380E-004
  8.552623402721000E-002 -4.757939052950799E-004
  8.763873200768200E-002 -5.119522793944674E-004
  8.980340868827200E-002 -5.508582509266312E-004
  9.202155288287200E-002 -5.927205028332754E-004
  9.429448523907900E-002 -6.377635473443263E-004
  9.662355902448400E-002 -6.862289231870765E-004
  9.901016093238900E-002 -7.383764827753066E-004
  0.101455711907420      -7.944857760420986E-004
  0.103961667991530      -8.548575380533701E-004
  0.106529521190920      -9.198152880393662E-004
  0.109160800364340      -9.897070480178304E-004
  0.111857072133340      -1.064907189749448E-003
  0.114619941815030      -1.145818419381711E-003
  0.117451054377860      -1.232873909799366E-003
  0.120352095421000      -1.326539591429927E-003
  0.123324792177890      -1.427316613055286E-003
  0.126370914544690      -1.535743985067995E-003
  0.129492276133940      -1.652401418579587E-003
  0.132690735354450      -1.777912374823623E-003
  0.135968196517710      -1.912947340365772E-003
  0.139326610971690      -2.058227344699650E-003
  0.142767978262690      -2.214527737836857E-003
  0.146294347325780      -2.382682246487122E-003
  0.149907817704730      -2.563587328392012E-003
  0.153610540802040      -2.758206845394136E-003
  0.157404721159850      -2.967577076952462E-003
  0.161292617772490      -3.192812097129169E-003
  0.165276545431480      -3.435109539567702E-003
  0.169358876103630      -3.695756776655618E-003
  0.173542040343390      -3.976137540837425E-003
  0.177828528739870      -4.277739017869993E-003
  0.182220893399750      -4.602159443638667E-003
  0.186721749466720      -4.951116237959899E-003
  0.191333776678550      -5.326454710597718E-003
  0.196059720962510      -5.730157376497708E-003
  0.200902396070290      -6.164353919036414E-003
  0.205864685253220      -6.631331841884077E-003
  0.210949542978980      -7.133547851852081E-003
  0.216159996690560      -7.673640016866009E-003
  0.221499148608810      -8.254440744928052E-003
  0.226970177579450      -8.878990631554954E-003
  0.232576340965660      -9.550553224726695E-003
  0.238320976587510      -1.027263075775336E-002
  0.244207504709230      -1.104898090165855E-002
  0.250239430075540      -1.188363458961820E-002
  0.256420343998410      -1.278091496661715E-002
  0.262753926495170      -1.374545751772639E-002
  0.269243948479600      -1.478223142815698E-002
  0.275894274007050      -1.589656222742186E-002
  0.282708862575020      -1.709415576840742E-002
  0.289691771480630      -1.838112358972400E-002
  0.296847158236200      -1.976400970629284E-002
  0.304179283044630      -2.124981886835926E-002
  0.311692511335830      -2.284604632289867E-002
  0.319391316365830      -2.456070910322410E-002
  0.327280281880060      -2.640237886223983E-002
  0.335364104842500      -2.838021625168371E-002
  0.343647598232110      -3.050400683328722E-002
  0.352135693908440      -3.278419848752234E-002
  0.360833445547980      -3.523194026060453E-002
  0.369746031653020      -3.785912256004590E-002
  0.378878758634850      -4.067841857250116E-002
  0.388237063973130      -4.370332673414069E-002
  0.397826519453260      -4.694821403322033E-002
  0.407652834483760      -5.042835986721755E-002
  0.417721859495510      -5.416000011435693E-002
  0.428039589425050      -5.816037101579442E-002
  0.438612167283850      -6.244775240676988E-002
  0.449445887815760      -6.704150979487003E-002
  0.460547201244810      -7.196213477781994E-002
  0.471922717115550      -7.723128334576057E-002
  0.483579208228310      -8.287181174005011E-002
  0.495523614671550      -8.890780974643574E-002
  0.507763047953930      -9.536463151724073E-002
  0.520304795238400      -0.102268924039279     
  0.533156323680780      -0.109648652716532     
  0.546325284875700      -0.117533121344525     
  0.559819519412130      -0.125952978754040     
  0.573647061541610      -0.134940195473690     
  0.587816143961690      -0.144527981596185     
  0.602335202717540      -0.154750607323703     
  0.617212882224660      -0.165643094169203     
  0.632458040415610      -0.177240786105373     
  0.648079754013880      -0.189578891040303     
  0.664087323938020      -0.202692164898218     
  0.680490280839290      -0.216614905887562     
  0.697298390776020      -0.231381270306709     
  0.714521661028190      -0.247025681851064     
  0.732170346055590      -0.263582979616589     
  0.750254953603160      -0.281088065949075     
  0.768786250957160      -0.299575075675050     
  0.787775271355800      -0.319076271973340     
  0.807233320558290      -0.339620874650085     
  0.827171983576080      -0.361233916139089     
  0.847603131570400      -0.383935120028975     
  0.868538928920190      -0.407737756703650     
  0.889991840464520      -0.432647431613048     
  0.911974638924000      -0.458660773179605     
  0.934500412505420      -0.485763997186107     
  0.957582572694300      -0.513931332862073     
  0.981234862239850      -0.543123304438481     
   1.00547136333720      -0.573284870771041     
   1.03030650601160      -0.604343434311523     
   1.05575507671010      -0.636206739141278     
   1.08183222710480      -0.668760686264871     
   1.10855348311430      -0.701867103312122     
   1.13593475414720      -0.735361515583961     
   1.16399234257470      -0.769050976212519     
   1.19274295343630      -0.802712025157121     
   1.22220370438610      -0.836088859760762     
   1.25239213588450      -0.868891813476513     
   1.28332622164080      -0.900796253894635     
   1.31502437931540      -0.931442026051004     
   1.34750548148450      -0.960433581830287     
   1.38078886687710      -0.987340950726753     
   1.41489435188900       -1.01170172092031     
   1.44984224238060       -1.03302421219561     
   1.48565334576740       -1.05079203328742     
   1.52234898340790       -1.06447022526351     
   1.55995100329810       -1.07351319901750     
   1.59848179307950       -1.07737467694633     
   1.63796429336860       -1.07551984536151     
   1.67842201141480       -1.06743991013287     
   1.71987903509670       -1.05266921738584     
   1.76236004726360       -1.03080504513969     
   1.80589034043110       -1.00153007492292     
   1.85049583183970      -0.964637397423081     
   1.89620307888610      -0.920057670420885     
   1.94303929493460      -0.867887708300983     
   1.99103236551950      -0.808419323881146     
   2.04021086494780      -0.742166664769712     
   2.09060407331210      -0.669889616162965     
   2.14224199392290      -0.592610148276318     
   2.19515537117280      -0.511617882729204     
   2.24937570884070      -0.428460788366741     
   2.30493528884910      -0.344916958348290     
   2.36186719048370      -0.262944018208161     
   2.42020531008860      -0.184603985190895     
   2.47998438124780      -0.111963420070381     
   2.54123999546460      -4.697153156747553E-002
   2.60400862335260       8.677477251455205E-003
   2.66832763634940       5.368717739259212E-002
   2.73423532896720       8.729142930355498E-002
   2.80177094159270       0.109357079966047     
   2.87097468385010       0.120435258271042     
   2.94188775854120       0.121742008439416     
   3.01455238617710       0.115057365020678     
   3.08901183011570       0.102546252510133     
   3.16531042231960       8.652203705719848E-002
   3.24349358975090       6.918928479938009E-002
   3.32360788141770       5.241090756010655E-002
   3.40570099608870       3.754250558614446E-002
   3.48982181069210       2.536258443594552E-002
   3.57602040941620       1.610461611372939E-002
   3.66434811352880       9.572279528803867E-003
   3.75485751193290       5.300666997744553E-003
   3.84760249247770       2.719964619707320E-003
   3.94263827404190       1.285591332185926E-003
   4.04002143941070       5.559698727391431E-004
   4.13980996896420       2.183774730871491E-004
   4.24206327519760       7.727726624785456E-005
   4.34684223809500       2.441852853021497E-005
   4.45420924137590       6.823064799407492E-006
   4.56422820963790       1.668028117065113E-006
   4.67696464641590       3.526417230457878E-007
   4.79248567318240       0.000000000000000E+000
   4.91086006931000       0.000000000000000E+000
   5.03215831302200       0.000000000000000E+000
   5.15645262335360       0.000000000000000E+000
   5.28381700315050       0.000000000000000E+000
   5.41432728312830       0.000000000000000E+000
   5.54806116702150       0.000000000000000E+000
   5.68509827784700       0.000000000000000E+000
   5.82552020530980       0.000000000000000E+000
   5.96941055438090       0.000000000000000E+000
   6.11685499507420       0.000000000000000E+000
   6.26794131345250       0.000000000000000E+000
   6.42275946389480       0.000000000000000E+000
   6.58140162265300       0.000000000000000E+000
   6.74396224273250       0.000000000000000E+000
   6.91053811012800       0.000000000000000E+000
   7.08122840144810       0.000000000000000E+000
   7.25613474296390       0.000000000000000E+000
   7.43536127111510       0.000000000000000E+000
   7.61901469451170       0.000000000000000E+000
   7.80720435746610       0.000000000000000E+000
   8.00004230509550       0.000000000000000E+000
   8.19764335003140       0.000000000000000E+000
   8.40012514077710       0.000000000000000E+000
   8.60760823175430       0.000000000000000E+000
   8.82021615507870       0.000000000000000E+000
   9.03807549410910       0.000000000000000E+000
   9.26131595881360       0.000000000000000E+000
   9.49007046299630       0.000000000000000E+000
   9.72447520343230       0.000000000000000E+000
   9.96466974095710       0.000000000000000E+000
   10.2107970835590       0.000000000000000E+000
   10.4630037715230       0.000000000000000E+000
   10.7214399646790       0.000000000000000E+000
   10.9862595318070       0.000000000000000E+000
   11.2576201422420       0.000000000000000E+000
   11.5356833597560       0.000000000000000E+000
   11.8206147387420       0.000000000000000E+000
   12.1125839227890       0.000000000000000E+000
   12.4117647456820       0.000000000000000E+000
   12.7183353349000       0.000000000000000E+000
   13.0324782176720       0.000000000000000E+000
   13.3543804296480       0.000000000000000E+000
   13.6842336262610       0.000000000000000E+000
   14.0222341968290       0.000000000000000E+000
   14.3685833814910       0.000000000000000E+000
   14.7234873910140       0.000000000000000E+000
   15.0871575295720       0.000000000000000E+000
   15.4598103205520       0.000000000000000E+000
   15.8416676354700       0.000000000000000E+000
   16.2329568260660       0.000000000000000E+000
   16.6339108596700       0.000000000000000E+000
   17.0447684579040       0.000000000000000E+000
   17.4657742388140       0.000000000000000E+000
   17.8971788625130       0.000000000000000E+000
   18.3392391804170       0.000000000000000E+000
   18.7922183881730       0.000000000000000E+000
   19.2563861823610       0.000000000000000E+000
   19.7320189210650       0.000000000000000E+000
   20.2193997884160       0.000000000000000E+000
   20.7188189631890       0.000000000000000E+000
   21.2305737915800       0.000000000000000E+000
   21.7549689642320       0.000000000000000E+000
   22.2923166976490       0.000000000000000E+000
   22.8429369200810       0.000000000000000E+000
   23.4071574620070       0.000000000000000E+000
   23.9853142513180       0.000000000000000E+000
   24.5777515133260       0.000000000000000E+000
   25.1848219757050       0.000000000000000E+000
   25.8068870785050       0.000000000000000E+000
   26.4443171893440       0.000000000000000E+000
   27.0974918239210       0.000000000000000E+000
   27.7667998719720       0.000000000000000E+000
   28.4526398288090       0.000000000000000E+000
   29.1554200325810       0.000000000000000E+000
   29.8755589073860       0.000000000000000E+000
   30.6134852123980       0.000000000000000E+000
   31.3696382971440       0.000000000000000E+000
   32.1444683630840       0.000000000000000E+000
   32.9384367316520       0.000000000000000E+000
   33.7520161189240       0.000000000000000E+000
   34.5856909170610       0.000000000000000E+000
   35.4399574827130       0.000000000000000E+000
   36.3153244325360       0.000000000000000E+000
   37.2123129460190       0.000000000000000E+000
   38.1314570757860       0.000000000000000E+000
   39.0733040655580       0.000000000000000E+000
   40.0384146759770       0.000000000000000E+000
   41.0273635184740       0.000000000000000E+000
   42.0407393973800       0.000000000000000E+000
   43.0791456604950       0.000000000000000E+000
   44.1432005583100       0.000000000000000E+000
   45.2335376121000       0.000000000000000E+000
   46.3508059911190       0.000000000000000E+000
   47.4956708990990       0.000000000000000E+000
   48.6688139703070       0.000000000000000E+000
   49.8709336753740       0.000000000000000E+000
   51.1027457371550       0.000000000000000E+000
   52.3649835568630       0.000000000000000E+000
   53.6583986507180       0.000000000000000E+000
   54.9837610973900       0.000000000000000E+000
   56.3418599964960       0.000000000000000E+000
   57.7335039384090       0.000000000000000E+000
   59.1595214856880       0.000000000000000E+000
   60.6207616663840       0.000000000000000E+000
   62.1180944795440       0.000000000000000E+000
   63.6524114131890       0.000000000000000E+000
   65.2246259750950       0.000000000000000E+000
   66.8356742366790       0.000000000000000E+000
   68.4865153903250       0.000000000000000E+000
   70.1781323204660       0.000000000000000E+000
   71.9115321887820       0.000000000000000E+000
   73.6877470338450       0.000000000000000E+000
   75.5078343855810       0.000000000000000E+000
   77.3728778949050       0.000000000000000E+000
   79.2839879789090       0.000000000000000E+000
