1 -5.6212 -4.5272 -4.5272 -1.9672 0.4668 7.1078 8.2398 8.2398 11.9358
2 -5.6202 -4.5302 -4.5252 -1.9662 0.4628 7.0758 8.2268 8.2818 11.9488
3 -5.6152 -4.5412 -4.5202 -1.9632 0.4518 6.9898 8.1888 8.3958 11.9868
4 -5.6082 -4.5582 -4.5122 -1.9582 0.4338 6.8748 8.1268 8.5598 12.0478
5 -5.5972 -4.5822 -4.5002 -1.9522 0.4088 6.7458 8.0438 8.7568 12.1308
6 -5.5842 -4.6122 -4.4852 -1.9462 0.3778 6.6138 7.9418 8.9748 12.2318
7 -5.5672 -4.6482 -4.4672 -1.9392 0.3408 6.4848 7.8238 9.2078 12.3498
8 -5.5482 -4.6902 -4.4452 -1.9332 0.2998 6.3608 7.6928 9.4538 12.4798
9 -5.5262 -4.7372 -4.4202 -1.9282 0.2538 6.2448 7.5488 9.7098 12.6228
10 -5.5012 -4.7882 -4.3912 -1.9252 0.2058 6.1368 7.3968 9.9728 12.7738
11 -5.4732 -4.8442 -4.3602 -1.9252 0.1558 6.0368 7.2358 10.2438 12.9318
12 -5.4432 -4.9042 -4.3242 -1.9292 0.1048 5.9468 7.0688 10.5198 13.0958
13 -5.4102 -4.9682 -4.2862 -1.9382 0.0548 5.8648 6.8968 10.8018 13.2638
14 -5.3742 -5.0352 -4.2442 -1.9532 0.0068 5.7928 6.7198 11.0878 13.4348
15 -5.3362 -5.1052 -4.1992 -1.9752 -0.0372 5.7278 6.5398 11.3778 13.6088
16 -5.2962 -5.1772 -4.1512 -2.0032 -0.0782 5.6718 6.3568 11.6698 13.7828
17 -5.2542 -5.2522 -4.1002 -2.0392 -0.1132 5.6228 6.1708 11.9658 13.9578
18 -5.3282 -5.2102 -4.0452 -2.0822 -0.1432 5.5808 5.9838 12.2628 14.1328
19 -5.4072 -5.1632 -3.9872 -2.1322 -0.1672 5.5458 5.7948 12.5618 14.3058
20 -5.4862 -5.1152 -3.9252 -2.1882 -0.1862 5.5168 5.6038 12.8608 14.4768
21 -5.5672 -5.0662 -3.8602 -2.2502 -0.1992 5.4128 5.4938 13.1618 14.6448
22 -5.6482 -5.0152 -3.7922 -2.3182 -0.2072 5.2218 5.4748 13.4618 14.8088
23 -5.7302 -4.9622 -3.7212 -2.3892 -0.2112 5.0288 5.4618 13.7628 14.9678
24 -5.8132 -4.9092 -3.6462 -2.4642 -0.2102 4.8368 5.4528 14.0618 15.1208
25 -5.8952 -4.8552 -3.5692 -2.5402 -0.2072 4.6438 5.4478 14.3598 15.2668
26 -5.9772 -4.8002 -3.4872 -2.6182 -0.2012 4.4518 5.4458 14.6568 15.4038
27 -6.0592 -4.7442 -3.4032 -2.6972 -0.1932 4.2588 5.4468 14.9518 15.5308
28 -6.1402 -4.6892 -3.3152 -2.7762 -0.1832 4.0668 5.4508 15.2448 15.6468
29 -6.2202 -4.6332 -3.2242 -2.8532 -0.1712 3.8758 5.4568 15.5348 15.7488
30 -6.2992 -4.5772 -3.1302 -2.9302 -0.1592 3.6848 5.4658 15.8208 15.8368
31 -6.3772 -4.5222 -3.0322 -3.0042 -0.1472 3.4938 5.4758 15.9088 16.1038
32 -6.4532 -4.4682 -3.0772 -2.9312 -0.1342 3.3038 5.4878 15.9638 16.3828
33 -6.5272 -4.4142 -3.1472 -2.8272 -0.1202 3.1158 5.5008 16.0008 16.6578
34 -6.5982 -4.3612 -3.2142 -2.7202 -0.1072 2.9278 5.5138 16.0198 16.9268
35 -6.6672 -4.3102 -3.2782 -2.6092 -0.0952 2.7408 5.5288 16.0238 17.1908
36 -6.7342 -4.2602 -3.3392 -2.4962 -0.0822 2.5548 5.5438 16.0118 17.4478
37 -6.7982 -4.2122 -3.3972 -2.3792 -0.0702 2.3698 5.5588 15.9868 17.6988
38 -6.8582 -4.1662 -3.4512 -2.2592 -0.0592 2.1868 5.5738 15.9528 17.9418
39 -6.9162 -4.1222 -3.5022 -2.1372 -0.0482 2.0048 5.5878 15.9098 18.1758
40 -6.9702 -4.0802 -3.5492 -2.0112 -0.0382 1.8238 5.6028 15.8618 18.4008
41 -7.0202 -4.0412 -3.5932 -1.8832 -0.0282 1.6448 5.6168 15.8108 18.6158
42 -7.0662 -4.0052 -3.6322 -1.7532 -0.0202 1.4678 5.6298 15.7578 18.8188
43 -7.1092 -3.9722 -3.6692 -1.6192 -0.0122 1.2928 5.6418 15.7068 19.0088
44 -7.1472 -3.9412 -3.7012 -1.4842 -0.0052 1.1198 5.6528 15.6568 19.1848
45 -7.1812 -3.9142 -3.7292 -1.3472 0.0018 0.9498 5.6638 15.6098 19.3448
46 -7.2112 -3.8902 -3.7542 -1.2082 0.0068 0.7818 5.6728 15.5678 19.4878
47 -7.2372 -3.8702 -3.7752 -1.0692 0.0118 0.6188 5.6808 15.5308 19.6118
48 -7.2582 -3.8532 -3.7922 -0.9302 0.0158 0.4598 5.6868 15.4998 19.7158
49 -7.2742 -3.8402 -3.8062 -0.7952 0.0188 0.3098 5.6928 15.4758 19.7988
50 -7.2862 -3.8302 -3.8152 -0.6702 0.0208 0.1728 5.6958 15.4578 19.8588
51 -7.2932 -3.8252 -3.8212 -0.5702 0.0218 0.0668 5.6988 15.4468 19.8948
52 -7.2952 -3.8232 -3.8232 -0.5282 0.0218 0.0218 5.6988 15.4428 19.9068
53 -7.2952 -3.8222 -3.8222 -0.5412 0.0198 0.0198 5.7158 15.4458 19.9128
54 -7.2952 -3.8202 -3.8202 -0.5782 0.0128 0.0128 5.7638 15.4538 19.9278
55 -7.2952 -3.8172 -3.8172 -0.6392 0.0018 0.0018 5.8438 15.4668 19.9538
56 -7.2952 -3.8122 -3.8122 -0.7212 -0.0142 -0.0142 5.9538 15.4858 19.9908
57 -7.2952 -3.8062 -3.8062 -0.8232 -0.0342 -0.0342 6.0898 15.5088 20.0368
58 -7.2962 -3.7992 -3.7992 -0.9422 -0.0582 -0.0582 6.2508 15.5378 20.0938
59 -7.2972 -3.7912 -3.7912 -1.0742 -0.0872 -0.0872 6.4328 15.5718 20.1598
60 -7.2982 -3.7812 -3.7812 -1.2172 -0.1192 -0.1192 6.6338 15.6118 20.2358
61 -7.3002 -3.7702 -3.7702 -1.3692 -0.1552 -0.1552 6.8518 15.6558 20.3208
62 -7.3032 -3.7582 -3.7582 -1.5282 -0.1952 -0.1952 7.0848 15.7058 20.4148
63 -7.3072 -3.7452 -3.7452 -1.6922 -0.2382 -0.2382 7.3298 15.7598 20.5178
64 -7.3132 -3.7312 -3.7312 -1.8582 -0.2842 -0.2842 7.5868 15.8198 20.6288
65 -7.3202 -3.7162 -3.7162 -2.0252 -0.3332 -0.3332 7.8518 15.8838 20.7468
66 -7.3292 -3.7002 -3.7002 -2.1922 -0.3852 -0.3852 8.1258 15.9528 20.8728
67 -7.3402 -3.6832 -3.6832 -2.3572 -0.4392 -0.4392 8.4068 16.0268 21.0058
68 -7.3542 -3.6652 -3.6652 -2.5192 -0.4952 -0.4952 8.6938 16.1048 21.1448
69 -7.3712 -3.6472 -3.6472 -2.6772 -0.5542 -0.5542 8.9848 16.1878 21.2888
70 -7.3922 -3.6282 -3.6282 -2.8312 -0.6132 -0.6132 9.2808 16.2738 21.4378
71 -7.4162 -3.6092 -3.6092 -2.9782 -0.6742 -0.6742 9.5808 16.3638 21.5908
72 -7.4452 -3.5892 -3.5892 -3.1182 -0.7362 -0.7362 9.8828 16.4568 21.7458
73 -7.4782 -3.5692 -3.5692 -3.2512 -0.7982 -0.7982 10.1868 16.5528 21.9028
74 -7.5162 -3.5502 -3.5502 -3.3762 -0.8612 -0.8612 10.4918 16.6508 22.0588
75 -7.5592 -3.5302 -3.5302 -3.4922 -0.9242 -0.9242 10.7978 16.7498 22.2128
76 -7.6082 -3.5992 -3.5102 -3.5102 -0.9872 -0.9872 11.1048 16.8498 22.3628
77 -7.6622 -3.6962 -3.4912 -3.4912 -1.0492 -1.0492 11.4118 16.9508 22.5058
78 -7.7222 -3.7842 -3.4732 -3.4732 -1.1102 -1.1102 11.7178 17.0498 22.6388
79 -7.7872 -3.8622 -3.4552 -3.4552 -1.1692 -1.1692 12.0238 17.1458 22.7588
80 -7.8582 -3.9302 -3.4392 -3.4392 -1.2272 -1.2272 12.3278 17.2398 22.8628
81 -7.9332 -3.9892 -3.4242 -3.4242 -1.2832 -1.2832 12.6298 17.3278 22.9458
82 -8.0132 -4.0392 -3.4102 -3.4102 -1.3372 -1.3372 12.9298 17.4088 23.0058
83 -8.0972 -4.0812 -3.3982 -3.3982 -1.3882 -1.3882 13.2288 17.4818 23.0418
84 -8.1852 -4.1142 -3.3882 -3.3882 -1.4362 -1.4362 13.5238 17.5458 23.0538
85 -8.2752 -4.1392 -3.3802 -3.3802 -1.4812 -1.4812 13.8178 17.5978 23.0418
86 -8.3682 -4.1582 -3.3742 -3.3742 -1.5222 -1.5222 14.1078 17.6378 23.0088
87 -8.4632 -4.1702 -3.3712 -3.3712 -1.5602 -1.5602 14.3958 17.6648 22.9578
88 -8.5582 -4.1772 -3.3712 -3.3712 -1.5942 -1.5942 14.6808 17.6778 22.8918
89 -8.6542 -4.1782 -3.3732 -3.3732 -1.6242 -1.6242 14.9618 17.6778 22.8148
90 -8.7502 -4.1752 -3.3782 -3.3782 -1.6492 -1.6492 15.2408 17.6648 22.7278
91 -8.8462 -4.1682 -3.3862 -3.3862 -1.6712 -1.6712 15.5148 17.6388 22.6348
92 -8.9402 -4.1572 -3.3962 -3.3962 -1.6892 -1.6892 15.7858 17.6028 22.5368
93 -9.0342 -4.1442 -3.4092 -3.4092 -1.7032 -1.7032 16.0528 17.5588 22.4368
94 -9.1252 -4.1272 -3.4242 -3.4242 -1.7132 -1.7132 16.3128 17.5098 22.3348
95 -9.2142 -4.1092 -3.4412 -3.4412 -1.7202 -1.7202 16.5628 17.4608 22.2318
96 -9.3012 -4.0892 -3.4602 -3.4602 -1.7252 -1.7252 16.7898 17.4268 22.1298
97 -9.3852 -4.0682 -3.4792 -3.4792 -1.7262 -1.7262 16.9588 17.4448 22.0298
98 -9.4662 -4.0452 -3.5002 -3.5002 -1.7252 -1.7252 17.0168 17.5668 21.9308
99 -9.5442 -4.0222 -3.5222 -3.5222 -1.7222 -1.7222 16.9918 17.7698 21.8348
100 -9.6182 -3.9992 -3.5442 -3.5442 -1.7182 -1.7182 16.9338 18.0018 21.7428
101 -9.6892 -3.9762 -3.5662 -3.5662 -1.7122 -1.7122 16.8648 18.2438 21.6538
102 -9.7552 -3.9532 -3.5882 -3.5882 -1.7052 -1.7052 16.7918 18.4888 21.5688
103 -9.8182 -3.9302 -3.6092 -3.6092 -1.6972 -1.6972 16.7178 18.7328 21.4888
104 -9.8762 -3.9082 -3.6302 -3.6302 -1.6892 -1.6892 16.6458 18.9758 21.4138
105 -9.9312 -3.8872 -3.6492 -3.6492 -1.6802 -1.6802 16.5768 19.2158 21.3428
106 -9.9812 -3.8672 -3.6682 -3.6682 -1.6722 -1.6722 16.5108 19.4498 21.2778
107 -10.0262 -3.8492 -3.6852 -3.6852 -1.6642 -1.6642 16.4498 19.6788 21.2188
108 -10.0672 -3.8322 -3.7012 -3.7012 -1.6562 -1.6562 16.3938 19.8998 21.1648
109 -10.1032 -3.8172 -3.7162 -3.7162 -1.6492 -1.6492 16.3438 20.1098 21.1178
110 -10.1342 -3.8032 -3.7282 -3.7282 -1.6422 -1.6422 16.2988 20.3068 21.0758
111 -10.1612 -3.7912 -3.7392 -3.7392 -1.6362 -1.6362 16.2608 20.4868 21.0398
112 -10.1832 -3.7822 -3.7482 -3.7482 -1.6322 -1.6322 16.2288 20.6448 21.0108
113 -10.2002 -3.7742 -3.7552 -3.7552 -1.6282 -1.6282 16.2048 20.7758 20.9888
114 -10.2122 -3.7692 -3.7602 -3.7602 -1.6252 -1.6252 16.1868 20.8758 20.9718
115 -10.2202 -3.7652 -3.7632 -3.7632 -1.6232 -1.6232 16.1758 20.9378 20.9618
116 -10.2222 -3.7642 -3.7642 -3.7642 -1.6232 -1.6232 16.1728 20.9588 20.9588
117 -10.2202 -3.7662 -3.7632 -3.7632 -1.6242 -1.6222 16.1758 20.9458 20.9588
118 -10.2122 -3.7712 -3.7592 -3.7592 -1.6302 -1.6202 16.1868 20.9058 20.9568
119 -10.2002 -3.7792 -3.7532 -3.7532 -1.6392 -1.6172 16.2048 20.8428 20.9538
120 -10.1832 -3.7902 -3.7442 -3.7442 -1.6512 -1.6122 16.2298 20.7598 20.9488
121 -10.1612 -3.8042 -3.7322 -3.7322 -1.6672 -1.6062 16.2618 20.6598 20.9428
122 -10.1342 -3.8222 -3.7182 -3.7182 -1.6862 -1.5992 16.2998 20.5488 20.9348
123 -10.1032 -3.8422 -3.7022 -3.7022 -1.7092 -1.5912 16.3458 20.4278 20.9238
124 -10.0672 -3.8662 -3.6832 -3.6832 -1.7352 -1.5812 16.3988 20.3008 20.9108
125 -10.0262 -3.8922 -3.6612 -3.6612 -1.7642 -1.5702 16.4578 20.1708 20.8938
126 -9.9802 -3.9212 -3.6372 -3.6372 -1.7972 -1.5582 16.5228 20.0398 20.8738
127 -9.9302 -3.9532 -3.6112 -3.6112 -1.8322 -1.5442 16.5948 19.9098 20.8488
128 -9.8752 -3.9872 -3.5822 -3.5822 -1.8702 -1.5292 16.6728 19.7808 20.8198
129 -9.8152 -4.0242 -3.5502 -3.5502 -1.9112 -1.5142 16.7568 19.6538 20.7838
130 -9.7522 -4.0632 -3.5162 -3.5162 -1.9542 -1.4972 16.8468 19.5318 20.7428
131 -9.6832 -4.1052 -3.4802 -3.4802 -1.9992 -1.4782 16.9418 19.4128 20.6938
132 -9.6112 -4.1482 -3.4412 -3.4412 -2.0472 -1.4592 17.0418 19.2998 20.6368
133 -9.5352 -4.1942 -3.4002 -3.4002 -2.0972 -1.4392 17.1478 19.1918 20.5718
134 -9.4542 -4.2412 -3.3562 -3.3562 -2.1482 -1.4172 17.2588 19.0888 20.4978
135 -9.3702 -4.2902 -3.3102 -3.3102 -2.2012 -1.3952 17.3738 18.9918 20.4138
136 -9.2812 -4.3412 -3.2622 -3.2622 -2.2552 -1.3712 17.4938 18.8998 20.3198
137 -9.1902 -4.3932 -3.2112 -3.2112 -2.3102 -1.3472 17.6168 18.8148 20.2148
138 -9.0952 -4.4472 -3.1582 -3.1582 -2.3662 -1.3212 17.7448 18.7358 20.0998
139 -8.9962 -4.5022 -3.1032 -3.1032 -2.4222 -1.2952 17.8758 18.6618 19.9748
140 -8.8952 -4.5582 -3.0452 -3.0452 -2.4782 -1.2682 18.0108 18.5938 19.8388
141 -8.7912 -4.6142 -2.9862 -2.9862 -2.5332 -1.2402 18.1478 18.5328 19.6928
142 -8.6852 -4.6722 -2.9242 -2.9242 -2.5882 -1.2112 18.2878 18.4758 19.5368
143 -8.5762 -4.7302 -2.8602 -2.8602 -2.6412 -1.1822 18.4258 18.4308 19.3728
144 -8.4662 -4.7892 -2.7942 -2.7942 -2.6932 -1.1512 18.3798 18.5758 19.1988
145 -8.3552 -4.8482 -2.7422 -2.7262 -2.7262 -1.1212 18.3388 18.7218 19.0178
146 -8.2422 -4.9082 -2.7882 -2.6562 -2.6562 -1.0892 18.3028 18.8288 18.8288
147 -8.1302 -4.9672 -2.8312 -2.5842 -2.5842 -1.0572 18.2698 18.6338 18.6338
148 -8.0172 -5.0272 -2.8702 -2.5102 -2.5102 -1.0252 18.2398 18.4328 18.4328
149 -7.9052 -5.0872 -2.9042 -2.4342 -2.4342 -0.9922 18.2128 18.2268 18.2268
150 -7.7952 -5.1472 -2.9322 -2.3572 -2.3572 -0.9592 18.0158 18.0158 18.1868
151 -7.6862 -5.2062 -2.9542 -2.2782 -2.2782 -0.9252 17.8018 17.8018 18.1598
152 -7.5812 -5.2652 -2.9692 -2.1972 -2.1972 -0.8912 17.5848 17.5848 18.1288
153 -7.4802 -5.3242 -2.9752 -2.1152 -2.1152 -0.8572 17.3648 17.3648 18.0908
154 -7.3832 -5.3822 -2.9732 -2.0322 -2.0322 -0.8232 17.1438 17.1438 18.0408
155 -7.2912 -5.4392 -2.9602 -1.9472 -1.9472 -0.7882 16.9218 16.9218 17.9688
156 -7.2052 -5.4962 -2.9372 -1.8602 -1.8602 -0.7542 16.6988 16.6988 17.8648
157 -7.1272 -5.5522 -2.9022 -1.7732 -1.7732 -0.7202 16.4758 16.4758 17.7168
158 -7.0552 -5.6072 -2.8552 -1.6852 -1.6852 -0.6862 16.2528 16.2528 17.5168
159 -6.9922 -5.6612 -2.7952 -1.5952 -1.5952 -0.6512 16.0318 16.0318 17.2658
160 -6.9372 -5.7142 -2.7232 -1.5052 -1.5052 -0.6182 15.8108 15.8108 16.9738
161 -6.8902 -5.7652 -2.6372 -1.4152 -1.4152 -0.5842 15.5918 15.5918 16.6528
162 -6.8512 -5.8162 -2.5392 -1.3232 -1.3232 -0.5512 15.3748 15.3748 16.3118
163 -6.8202 -5.8662 -2.4282 -1.2322 -1.2322 -0.5182 15.1608 15.1608 15.9588
164 -6.7972 -5.9142 -2.3042 -1.1402 -1.1402 -0.4862 14.9498 14.9498 15.5988
165 -6.7812 -5.9612 -2.1702 -1.0492 -1.0492 -0.4542 14.7418 14.7418 15.2348
166 -6.7712 -6.0062 -2.0252 -0.9582 -0.9582 -0.4232 14.5378 14.5378 14.8698
167 -6.7662 -6.0502 -1.8702 -0.8672 -0.8672 -0.3922 14.3378 14.3378 14.5058
168 -6.7662 -6.0922 -1.7062 -0.7772 -0.7772 -0.3632 14.1418 14.1418 14.1428
169 -6.7712 -6.1332 -1.5332 -0.6872 -0.6872 -0.3342 13.7828 13.9508 13.9508
170 -6.7792 -6.1722 -1.3542 -0.5992 -0.5992 -0.3062 13.4258 13.7648 13.7648
171 -6.7902 -6.2102 -1.1692 -0.5122 -0.5122 -0.2792 13.0738 13.5848 13.5848
172 -6.8042 -6.2462 -0.9782 -0.4272 -0.4272 -0.2522 12.7258 13.4098 13.4098
173 -6.8192 -6.2802 -0.7832 -0.3442 -0.3442 -0.2272 12.3848 13.2418 13.2418
174 -6.8362 -6.3122 -0.5852 -0.2632 -0.2632 -0.2032 12.0498 13.0808 13.0808
175 -6.8532 -6.3432 -0.3852 -0.1852 -0.1852 -0.1812 11.7218 12.9268 12.9268
176 -6.8712 -6.3712 -0.1842 -0.1592 -0.1102 -0.1102 11.4028 12.7798 12.7798
177 -6.8892 -6.3982 -0.1392 -0.0382 -0.0382 0.0168 11.0918 12.6408 12.6408
178 -6.9072 -6.4232 -0.1192 0.0308 0.0308 0.2168 10.7928 12.5108 12.5108
179 -6.9242 -6.4462 -0.1022 0.0948 0.0948 0.4128 10.5048 12.3888 12.3888
180 -6.9402 -6.4672 -0.0862 0.1558 0.1558 0.6038 10.2298 12.2758 12.2758
181 -6.9562 -6.4862 -0.0712 0.2118 0.2118 0.7888 9.9698 12.1728 12.1728
182 -6.9702 -6.5042 -0.0572 0.2618 0.2618 0.9648 9.7268 12.0788 12.0788
183 -6.9832 -6.5192 -0.0452 0.3078 0.3078 1.1298 9.5038 11.9948 11.9948
184 -6.9942 -6.5322 -0.0352 0.3488 0.3488 1.2808 9.3018 11.9218 11.9218
185 -7.0042 -6.5432 -0.0262 0.3828 0.3828 1.4158 9.1248 11.8598 11.8598
186 -7.0132 -6.5522 -0.0192 0.4118 0.4118 1.5308 8.9738 11.8088 11.8088
187 -7.0192 -6.5602 -0.0132 0.4338 0.4338 1.6248 8.8538 11.7678 11.7678
188 -7.0242 -6.5652 -0.0092 0.4498 0.4498 1.6938 8.7648 11.7398 11.7398
189 -7.0272 -6.5682 -0.0072 0.4598 0.4598 1.7358 8.7118 11.7218 11.7218
190 -7.0282 -6.5692 -0.0062 0.4628 0.4628 1.7498 8.6938 11.7158 11.7158
191 -7.0262 -6.5672 -0.0092 0.4378 0.4628 1.7768 8.6888 11.7138 11.7178
192 -7.0202 -6.5632 -0.0172 0.3658 0.4628 1.8518 8.6748 11.7058 11.7218
193 -7.0112 -6.5552 -0.0302 0.2608 0.4628 1.9638 8.6508 11.6928 11.7288
194 -6.9982 -6.5442 -0.0492 0.1338 0.4628 2.0998 8.6198 11.6748 11.7388
195 -6.9822 -6.5312 -0.0732 -0.0072 0.4638 2.2528 8.5798 11.6508 11.7498
196 -6.9622 -6.5142 -0.1562 -0.1022 0.4638 2.4168 8.5328 11.6228 11.7628
197 -6.9392 -6.4942 -0.3112 -0.1362 0.4638 2.5878 8.4798 11.5878 11.7768
198 -6.9122 -6.4712 -0.4692 -0.1752 0.4638 2.7648 8.4218 11.5488 11.7908
199 -6.8822 -6.4452 -0.6282 -0.2202 0.4638 2.9458 8.3598 11.5048 11.8058
200 -6.8482 -6.4162 -0.7882 -0.2682 0.4638 3.1298 8.2938 11.4548 11.8208
201 -6.8122 -6.3842 -0.9482 -0.3222 0.4638 3.3168 8.2258 11.3988 11.8348
202 -6.7722 -6.3492 -1.1082 -0.3802 0.4638 3.5058 8.1568 11.3388 11.8488
203 -6.7302 -6.3122 -1.2672 -0.4422 0.4638 3.6958 8.0858 11.2728 11.8618
204 -6.6842 -6.2712 -1.4252 -0.5072 0.4648 3.8878 8.0158 11.2008 11.8738
205 -6.6362 -6.2272 -1.5812 -0.5772 0.4648 4.0808 7.9458 11.1248 11.8838
206 -6.5862 -6.1802 -1.7372 -0.6492 0.4648 4.2738 7.8768 11.0428 11.8938
207 -6.5332 -6.1302 -1.8902 -0.7252 0.4648 4.4678 7.8088 10.9558 11.9018
208 -6.4782 -6.0772 -2.0422 -0.8032 0.4648 4.6628 7.7438 10.8628 11.9098
209 -6.4222 -6.0212 -2.1932 -0.8832 0.4648 4.8578 7.6808 10.7648 11.9158
210 -6.3642 -5.9622 -2.3412 -0.9652 0.4648 5.0528 7.6198 10.6628 11.9208
211 -6.3052 -5.9012 -2.4882 -1.0482 0.4658 5.2478 7.5628 10.5548 11.9258
212 -6.2452 -5.8362 -2.6322 -1.1312 0.4658 5.4418 7.5078 10.4418 11.9288
213 -6.1852 -5.7682 -2.7752 -1.2152 0.4658 5.6368 7.4568 10.3238 11.9318
214 -6.1252 -5.6982 -2.9152 -1.2972 0.4658 5.8298 7.4088 10.2018 11.9338
215 -6.0662 -5.6252 -3.0532 -1.3792 0.4658 6.0238 7.3648 10.0748 11.9358
216 -6.0072 -5.5492 -3.1892 -1.4582 0.4658 6.2158 7.3238 9.9428 11.9368
217 -5.9502 -5.4702 -3.3232 -1.5352 0.4658 6.4078 7.2858 9.8068 11.9368
218 -5.8962 -5.3882 -3.4542 -1.6082 0.4658 6.5978 7.2518 9.6668 11.9378
219 -5.8442 -5.3032 -3.5832 -1.6762 0.4658 6.7868 7.2218 9.5228 11.9378
220 -5.7962 -5.2162 -3.7102 -1.7392 0.4668 6.9748 7.1948 9.3748 11.9368
221 -5.7532 -5.1252 -3.8342 -1.7962 0.4668 7.1618 7.1718 9.2218 11.9368
222 -5.7142 -5.0322 -3.9562 -1.8462 0.4668 7.1528 7.3458 9.0668 11.9368
223 -5.6822 -4.9372 -4.0752 -1.8882 0.4668 7.1368 7.5288 8.9078 11.9368
224 -5.6562 -4.8382 -4.1922 -1.9222 0.4668 7.1238 7.7098 8.7448 11.9358
225 -5.6372 -4.7372 -4.3062 -1.9472 0.4668 7.1148 7.8888 8.5798 11.9358
226 -5.6252 -4.6332 -4.4182 -1.9622 0.4668 7.1098 8.0658 8.4108 11.9358
227 -5.6212 -4.5272 -4.5272 -1.9672 0.4668 7.1078 8.2398 8.2398 11.9358
228 -5.6222 -4.5982 -4.4552 -1.9642 0.4648 7.0958 8.1268 8.3618 11.9408
229 -5.6262 -4.6692 -4.3822 -1.9572 0.4608 7.0658 8.0188 8.4948 11.9578
230 -5.6322 -4.7402 -4.3082 -1.9442 0.4528 7.0228 7.9138 8.6318 11.9868
231 -5.6402 -4.8092 -4.2332 -1.9282 0.4418 6.9698 7.8128 8.7678 12.0288
232 -5.6512 -4.8762 -4.1572 -1.9082 0.4278 6.9118 7.7148 8.8998 12.0848
233 -5.6652 -4.9412 -4.0812 -1.8842 0.4118 6.8498 7.6218 9.0248 12.1538
234 -5.6822 -5.0022 -4.0042 -1.8572 0.3918 6.7838 7.5328 9.1418 12.2368
235 -5.7022 -5.0592 -3.9272 -1.8282 0.3698 6.7168 7.4478 9.2498 12.3348
236 -5.7262 -5.1112 -3.8502 -1.7962 0.3448 6.6478 7.3668 9.3468 12.4448
237 -5.7532 -5.1592 -3.7742 -1.7632 0.3168 6.5778 7.2908 9.4348 12.5678
238 -5.7832 -5.2012 -3.6972 -1.7282 0.2878 6.5088 7.2178 9.5128 12.7028
239 -5.8152 -5.2392 -3.6222 -1.6922 0.2558 6.4398 7.1498 9.5818 12.8478
240 -5.8502 -5.2712 -3.5472 -1.6552 0.2228 6.3728 7.0858 9.6418 13.0008
241 -5.8862 -5.3002 -3.4742 -1.6192 0.1878 6.3068 7.0258 9.6948 13.1618
242 -5.9232 -5.3242 -3.4022 -1.5822 0.1518 6.2428 6.9708 9.7408 13.3268
243 -5.9602 -5.3452 -3.3332 -1.5472 0.1158 6.1818 6.9198 9.7798 13.4958
244 -5.9952 -5.3632 -3.2662 -1.5122 0.0788 6.1228 6.8728 9.8148 13.6658
245 -6.0302 -5.3792 -3.2032 -1.4792 0.0428 6.0688 6.8298 9.8438 13.8348
246 -6.0622 -5.3922 -3.1422 -1.4482 0.0068 6.0178 6.7918 9.8698 13.9998
247 -6.0922 -5.4032 -3.0862 -1.4192 -0.0272 5.9708 6.7568 9.8908 14.1608
248 -6.1192 -5.4132 -3.0352 -1.3932 -0.0592 5.9278 6.7268 9.9088 14.3128
249 -6.1442 -5.4212 -2.9892 -1.3692 -0.0882 5.8908 6.7008 9.9248 14.4548
250 -6.1642 -5.4272 -2.9492 -1.3492 -0.1142 5.8588 6.6788 9.9368 14.5818
251 -6.1822 -5.4332 -2.9152 -1.3322 -0.1372 5.8318 6.6608 9.9468 14.6928
252 -6.1952 -5.4372 -2.8882 -1.3182 -0.1552 5.8108 6.6468 9.9538 14.7828
253 -6.2052 -5.4392 -2.8682 -1.3092 -0.1682 5.7958 6.6368 9.9598 14.8498
254 -6.2112 -5.4412 -2.8562 -1.3032 -0.1762 5.7868 6.6308 9.9628 14.8908
255 -6.2132 -5.4422 -2.8522 -1.3012 -0.1792 5.7838 6.6288 9.9638 14.9048
