1 -4.0385 -3.1335 -3.1335 -1.2805 0.2085 8.6565 8.6565 10.1635 11.1605
2 -4.0375 -3.1355 -3.1315 -1.2795 0.2065 8.6385 8.6395 10.1875 11.1795
3 -4.0335 -3.1415 -3.1275 -1.2795 0.2005 8.5875 8.5925 10.2555 11.2335
4 -4.0275 -3.1505 -3.1215 -1.2795 0.1895 8.5065 8.5225 10.3615 11.3205
5 -4.0185 -3.1645 -3.1125 -1.2795 0.1755 8.4005 8.4365 10.4965 11.4335
6 -4.0085 -3.1815 -3.1005 -1.2805 0.1575 8.2745 8.3415 10.6535 11.5685
7 -3.9955 -3.2015 -3.0865 -1.2815 0.1365 8.1335 8.2425 10.8285 11.7195
8 -3.9795 -3.2255 -3.0685 -1.2835 0.1125 7.9815 8.1435 11.0185 11.8845
9 -3.9615 -3.2535 -3.0495 -1.2875 0.0865 7.8215 8.0445 11.2195 12.0605
10 -3.9425 -3.2835 -3.0265 -1.2925 0.0585 7.6545 7.9495 11.4295 12.2445
11 -3.9205 -3.3165 -3.0025 -1.3005 0.0295 7.4825 7.8575 11.6495 12.4355
12 -3.8955 -3.3525 -2.9745 -1.3105 0.000499999999999 7.3075 7.7695 11.8765 12.6315
13 -3.8695 -3.3905 -2.9445 -1.3245 -0.0295 7.1295 7.6875 12.1095 12.8325
14 -3.8425 -3.4305 -2.9115 -1.3425 -0.0575 6.9495 7.6095 12.3495 13.0365
15 -3.8125 -3.4725 -2.8755 -1.3635 -0.0835 6.7685 7.5355 12.5955 13.2435
16 -3.7805 -3.5175 -2.8375 -1.3885 -0.1085 6.5865 7.4675 12.8455 13.4535
17 -3.7475 -3.5635 -2.7965 -1.4185 -0.1305 6.4035 7.4045 13.1005 13.6655
18 -3.7135 -3.6105 -2.7525 -1.4525 -0.1505 6.2215 7.3455 13.3605 13.8785
19 -3.6775 -3.6595 -2.7065 -1.4915 -0.1665 6.0385 7.2915 13.6235 14.0935
20 -3.7095 -3.6405 -2.6575 -1.5335 -0.1805 5.8565 7.2425 13.8915 14.3095
21 -3.7615 -3.6025 -2.6055 -1.5795 -0.1905 5.6745 7.1965 14.1615 14.5255
22 -3.8135 -3.5635 -2.5505 -1.6275 -0.1985 5.4925 7.1555 14.4355 14.7435
23 -3.8655 -3.5245 -2.4935 -1.6785 -0.2045 5.3125 7.1175 14.7125 14.9605
24 -3.9195 -3.4835 -2.4325 -1.7325 -0.2075 5.1325 7.0835 14.9915 15.1775
25 -3.9725 -3.4435 -2.3695 -1.7865 -0.2085 4.9535 7.0525 15.2725 15.3935
26 -4.0265 -3.4025 -2.3035 -1.8425 -0.2085 4.7755 7.0245 15.5565 15.6095
27 -4.0805 -3.3605 -2.2355 -1.8985 -0.2065 4.5985 6.9995 15.8235 15.8415
28 -4.1345 -3.3195 -2.1635 -1.9545 -0.2035 4.4225 6.9765 16.0365 16.1285
29 -4.1875 -3.2795 -2.0895 -2.0095 -0.1995 4.2475 6.9565 16.2465 16.4165
30 -4.2405 -3.2385 -2.0645 -2.0125 -0.1945 4.0745 6.9395 16.4535 16.7055
31 -4.2925 -3.1985 -2.1175 -1.9325 -0.1895 3.9025 6.9235 16.6565 16.9955
32 -4.3435 -3.1595 -2.1695 -1.8495 -0.1835 3.7325 6.9095 16.8555 17.2855
33 -4.3945 -3.1215 -2.2205 -1.7645 -0.1775 3.5635 6.8975 17.0485 17.5755
34 -4.4435 -3.0845 -2.2685 -1.6765 -0.1715 3.3965 6.8865 17.2355 17.8645
35 -4.4905 -3.0475 -2.3155 -1.5855 -0.1655 3.2315 6.8775 17.4135 18.1525
36 -4.5365 -3.0125 -2.3595 -1.4935 -0.1595 3.0675 6.8695 17.5825 18.4395
37 -4.5815 -2.9795 -2.4015 -1.3985 -0.1535 2.9065 6.8625 17.7395 18.7245
38 -4.6235 -2.9475 -2.4415 -1.3005 -0.1475 2.7465 6.8565 17.8855 19.0065
39 -4.6635 -2.9175 -2.4785 -1.2015 -0.1415 2.5905 6.8515 18.0165 19.2845
40 -4.7015 -2.8885 -2.5135 -1.1005 -0.1365 2.4355 6.8475 18.1325 19.5575
41 -4.7365 -2.8615 -2.5455 -0.9985 -0.1315 2.2845 6.8435 18.2325 19.8245
42 -4.7695 -2.8375 -2.5745 -0.8955 -0.1265 2.1365 6.8405 18.3165 20.0835
43 -4.7995 -2.8145 -2.6005 -0.7915 -0.1225 1.9925 6.8375 18.3855 20.3335
44 -4.8265 -2.7935 -2.6245 -0.6885 -0.1185 1.8525 6.8355 18.4405 20.5715
45 -4.8515 -2.7755 -2.6455 -0.5855 -0.1155 1.7175 6.8345 18.4835 20.7955
46 -4.8725 -2.7595 -2.6635 -0.4855 -0.1125 1.5895 6.8325 18.5155 21.0015
47 -4.8905 -2.7455 -2.6795 -0.3895 -0.1095 1.4705 6.8315 18.5395 21.1875
48 -4.9055 -2.7345 -2.6915 -0.3005 -0.1075 1.3625 6.8315 18.5565 21.3475
49 -4.9175 -2.7255 -2.7015 -0.2225 -0.1055 1.2695 6.8305 18.5675 21.4785
50 -4.9255 -2.7195 -2.7085 -0.1595 -0.1045 1.1955 6.8305 18.5745 21.5755
51 -4.9305 -2.7155 -2.7135 -0.1185 -0.1045 1.1485 6.8295 18.5785 21.6365
52 -4.9325 -2.7145 -2.7145 -0.1035 -0.1035 1.1315 6.8295 18.5805 21.6565
53 -4.9315 -2.7135 -2.7135 -0.1055 -0.1055 1.1205 6.8445 18.5825 21.6595
54 -4.9305 -2.7125 -2.7125 -0.1095 -0.1095 1.0865 6.8885 18.5885 21.6665
55 -4.9285 -2.7105 -2.7105 -0.1165 -0.1165 1.0305 6.9595 18.5985 21.6795
56 -4.9255 -2.7065 -2.7065 -0.1255 -0.1255 0.9555 7.0575 18.6125 21.6985
57 -4.9225 -2.7025 -2.7025 -0.1385 -0.1385 0.8615 7.1795 18.6305 21.7215
58 -4.9185 -2.6965 -2.6965 -0.1535 -0.1535 0.7525 7.3235 18.6525 21.7495
59 -4.9135 -2.6905 -2.6905 -0.1705 -0.1705 0.6305 7.4875 18.6775 21.7825
60 -4.9085 -2.6835 -2.6835 -0.1905 -0.1905 0.4975 7.6685 18.7075 21.8205
61 -4.9025 -2.6755 -2.6755 -0.2135 -0.2135 0.3545 7.8655 18.7415 21.8625
62 -4.8965 -2.6665 -2.6665 -0.2375 -0.2375 0.2055 8.0765 18.7785 21.9085
63 -4.8895 -2.6565 -2.6565 -0.2645 -0.2645 0.0505 8.2995 18.8195 21.9585
64 -4.8835 -2.6465 -2.6465 -0.2935 -0.2935 -0.1075 8.5325 18.8635 22.0115
65 -4.8765 -2.6345 -2.6345 -0.3245 -0.3245 -0.2695 8.7755 18.9115 22.0685
66 -4.8705 -2.6235 -2.6235 -0.4315 -0.3575 -0.3575 9.0265 18.9625 22.1285
67 -4.8645 -2.6105 -2.6105 -0.5945 -0.3915 -0.3915 9.2855 19.0165 22.1915
68 -4.8595 -2.5975 -2.5975 -0.7565 -0.4275 -0.4275 9.5505 19.0735 22.2555
69 -4.8555 -2.5835 -2.5835 -0.9175 -0.4645 -0.4645 9.8225 19.1335 22.3225
70 -4.8525 -2.5695 -2.5695 -1.0755 -0.5035 -0.5035 10.0985 19.1965 22.3905
71 -4.8505 -2.5555 -2.5555 -1.2305 -0.5425 -0.5425 10.3795 19.2615 22.4585
72 -4.8505 -2.5405 -2.5405 -1.3815 -0.5835 -0.5835 10.6655 19.3285 22.5285
73 -4.8535 -2.5255 -2.5255 -1.5285 -0.6245 -0.6245 10.9545 19.3975 22.5975
74 -4.8585 -2.5115 -2.5115 -1.6695 -0.6655 -0.6655 11.2475 19.4685 22.6665
75 -4.8675 -2.4965 -2.4965 -1.8045 -0.7075 -0.7075 11.5435 19.5405 22.7345
76 -4.8795 -2.4815 -2.4815 -1.9325 -0.7495 -0.7495 11.8425 19.6135 22.8015
77 -4.8955 -2.4665 -2.4665 -2.0535 -0.7905 -0.7905 12.1435 19.6875 22.8665
78 -4.9155 -2.4525 -2.4525 -2.1665 -0.8315 -0.8315 12.4465 19.7615 22.9295
79 -4.9415 -2.4395 -2.4395 -2.2715 -0.8725 -0.8725 12.7525 19.8345 22.9905
80 -4.9715 -2.4265 -2.4265 -2.3675 -0.9125 -0.9125 13.0595 19.9075 23.0485
81 -5.0075 -2.4535 -2.4145 -2.4145 -0.9515 -0.9515 13.3685 19.9785 23.1035
82 -5.0495 -2.5305 -2.4035 -2.4035 -0.9885 -0.9885 13.6785 20.0485 23.1555
83 -5.0965 -2.5985 -2.3935 -2.3935 -1.0245 -1.0245 13.9895 20.1155 23.2035
84 -5.1495 -2.6565 -2.3855 -2.3855 -1.0595 -1.0595 14.3015 20.1795 23.2485
85 -5.2075 -2.7065 -2.3785 -2.3785 -1.0915 -1.0915 14.6145 20.2405 23.2895
86 -5.2695 -2.7475 -2.3725 -2.3725 -1.1215 -1.1215 14.9275 20.2965 23.3275
87 -5.3355 -2.7805 -2.3695 -2.3695 -1.1495 -1.1495 15.2405 20.3495 23.3615
88 -5.4045 -2.8065 -2.3675 -2.3675 -1.1755 -1.1755 15.5535 20.3965 23.3925
89 -5.4765 -2.8255 -2.3675 -2.3675 -1.1975 -1.1975 15.8665 20.4395 23.4205
90 -5.5495 -2.8395 -2.3705 -2.3705 -1.2175 -1.2175 16.1795 20.4765 23.4445
91 -5.6245 -2.8485 -2.3745 -2.3745 -1.2355 -1.2355 16.4905 20.5095 23.4655
92 -5.7005 -2.8525 -2.3805 -2.3805 -1.2495 -1.2495 16.7995 20.5375 23.4835
93 -5.7765 -2.8525 -2.3885 -2.3885 -1.2615 -1.2615 17.1075 20.5605 23.4995
94 -5.8515 -2.8495 -2.3985 -2.3985 -1.2715 -1.2715 17.4115 20.5815 23.5115
95 -5.9255 -2.8435 -2.4105 -2.4105 -1.2785 -1.2785 17.7115 20.5995 23.5225
96 -5.9985 -2.8355 -2.4225 -2.4225 -1.2835 -1.2835 18.0065 20.6185 23.5305
97 -6.0695 -2.8255 -2.4365 -2.4365 -1.2865 -1.2865 18.2925 20.6385 23.5375
98 -6.1375 -2.8145 -2.4515 -2.4515 -1.2875 -1.2875 18.5675 20.6655 23.5415
99 -6.2035 -2.8025 -2.4665 -2.4665 -1.2875 -1.2875 18.8275 20.7035 23.5445
100 -6.2675 -2.7895 -2.4825 -2.4825 -1.2855 -1.2855 19.0655 20.7585 23.5465
101 -6.3285 -2.7755 -2.4985 -2.4985 -1.2835 -1.2835 19.2745 20.8385 23.5465
102 -6.3855 -2.7625 -2.5135 -2.5135 -1.2795 -1.2795 19.4475 20.9505 23.5465
103 -6.4395 -2.7485 -2.5295 -2.5295 -1.2755 -1.2755 19.5805 21.1005 23.5455
104 -6.4905 -2.7345 -2.5445 -2.5445 -1.2715 -1.2715 19.6745 21.2835 23.5435
105 -6.5375 -2.7215 -2.5585 -2.5585 -1.2665 -1.2665 19.7365 21.4955 23.5405
106 -6.5805 -2.7095 -2.5725 -2.5725 -1.2625 -1.2625 19.7755 21.7255 23.5385
107 -6.6195 -2.6975 -2.5855 -2.5855 -1.2575 -1.2575 19.7975 21.9665 23.5355
108 -6.6555 -2.6875 -2.5975 -2.5975 -1.2525 -1.2525 19.8085 22.2115 23.5325
109 -6.6865 -2.6775 -2.6075 -2.6075 -1.2485 -1.2485 19.8125 22.4545 23.5295
110 -6.7145 -2.6685 -2.6165 -2.6165 -1.2445 -1.2445 19.8125 22.6895 23.5265
111 -6.7375 -2.6615 -2.6245 -2.6245 -1.2415 -1.2415 19.8105 22.9095 23.5245
112 -6.7565 -2.6545 -2.6315 -2.6315 -1.2385 -1.2385 19.8065 23.1075 23.5225
113 -6.7715 -2.6495 -2.6365 -2.6365 -1.2365 -1.2365 19.8035 23.2765 23.5205
114 -6.7825 -2.6465 -2.6405 -2.6405 -1.2345 -1.2345 19.8005 23.4065 23.5195
115 -6.7885 -2.6445 -2.6425 -2.6425 -1.2335 -1.2335 19.7985 23.4895 23.5185
116 -6.7905 -2.6435 -2.6435 -2.6435 -1.2335 -1.2335 19.7975 23.5185 23.5185
117 -6.7885 -2.6445 -2.6425 -2.6425 -1.2345 -1.2325 19.7985 23.5035 23.5115
118 -6.7825 -2.6475 -2.6395 -2.6395 -1.2375 -1.2315 19.8005 23.4605 23.4915
119 -6.7715 -2.6535 -2.6355 -2.6355 -1.2435 -1.2295 19.8035 23.3925 23.4585
120 -6.7565 -2.6615 -2.6285 -2.6285 -1.2515 -1.2265 19.8085 23.3015 23.4125
121 -6.7375 -2.6705 -2.6195 -2.6195 -1.2615 -1.2225 19.8145 23.1935 23.3535
122 -6.7145 -2.6825 -2.6095 -2.6095 -1.2735 -1.2175 19.8215 23.0715 23.2815
123 -6.6865 -2.6965 -2.5975 -2.5975 -1.2875 -1.2115 19.8305 22.9385 23.1985
124 -6.6555 -2.7125 -2.5835 -2.5835 -1.3035 -1.2045 19.8405 22.7985 23.1035
125 -6.6195 -2.7305 -2.5675 -2.5675 -1.3215 -1.1975 19.8505 22.6545 22.9985
126 -6.5805 -2.7505 -2.5495 -2.5495 -1.3415 -1.1885 19.8625 22.5065 22.8825
127 -6.5365 -2.7725 -2.5295 -2.5295 -1.3635 -1.1795 19.8755 22.3575 22.7565
128 -6.4895 -2.7965 -2.5085 -2.5085 -1.3875 -1.1695 19.8895 22.2075 22.6215
129 -6.4375 -2.8215 -2.4855 -2.4855 -1.4125 -1.1585 19.9045 22.0585 22.4785
130 -6.3825 -2.8485 -2.4605 -2.4605 -1.4385 -1.1465 19.9205 21.9115 22.3275
131 -6.3245 -2.8775 -2.4335 -2.4335 -1.4665 -1.1345 19.9365 21.7655 22.1695
132 -6.2625 -2.9075 -2.4045 -2.4045 -1.4945 -1.1215 19.9545 21.6225 22.0055
133 -6.1965 -2.9395 -2.3745 -2.3745 -1.5245 -1.1075 19.9715 21.4815 21.8345
134 -6.1275 -2.9735 -2.3425 -2.3425 -1.5545 -1.0925 19.9905 21.3435 21.6595
135 -6.0565 -3.0075 -2.3085 -2.3085 -1.5855 -1.0775 20.0095 21.2085 21.4785
136 -5.9815 -3.0435 -2.2725 -2.2725 -1.6165 -1.0615 20.0285 21.0765 21.2945
137 -5.9045 -3.0805 -2.2355 -2.2355 -1.6465 -1.0445 20.0485 20.9465 21.1055
138 -5.8255 -3.1185 -2.1975 -2.1975 -1.6775 -1.0275 20.0685 20.8205 20.9145
139 -5.7445 -3.1575 -2.1565 -2.1565 -1.7065 -1.0095 20.0895 20.6955 20.7195
140 -5.6605 -3.1975 -2.1155 -2.1155 -1.7355 -0.9915 20.1095 20.5235 20.5235
141 -5.5765 -3.2385 -2.0715 -2.0715 -1.7615 -0.9725 20.1305 20.3245 20.3245
142 -5.4915 -3.2805 -2.0265 -2.0265 -1.7865 -0.9525 20.1245 20.1245 20.1515
143 -5.4055 -3.3225 -1.9805 -1.9805 -1.8075 -0.9335 19.9235 19.9235 20.1725
144 -5.3195 -3.3655 -1.9335 -1.9335 -1.8265 -0.9125 19.7215 19.7215 20.0955
145 -5.2355 -3.4085 -1.8845 -1.8845 -1.8405 -0.8925 19.5185 19.5185 19.9745
146 -5.1515 -3.4525 -1.8505 -1.8335 -1.8335 -0.8715 19.3155 19.3155 19.8515
147 -5.0705 -3.4965 -1.8545 -1.7825 -1.7825 -0.8495 19.1125 19.1125 19.7245
148 -4.9925 -3.5405 -1.8515 -1.7295 -1.7295 -0.8285 18.9095 18.9095 19.5925
149 -4.9185 -3.5845 -1.8425 -1.6755 -1.6755 -0.8065 18.7075 18.7075 19.4535
150 -4.8485 -3.6295 -1.8245 -1.6205 -1.6205 -0.7845 18.5065 18.5065 19.3065
151 -4.7845 -3.6735 -1.7975 -1.5655 -1.5655 -0.7615 18.3055 18.3055 19.1475
152 -4.7265 -3.7175 -1.7605 -1.5085 -1.5085 -0.7395 18.1065 18.1065 18.9765
153 -4.6755 -3.7615 -1.7125 -1.4505 -1.4505 -0.7175 17.9085 17.9085 18.7925
154 -4.6315 -3.8055 -1.6545 -1.3925 -1.3925 -0.6945 17.7125 17.7125 18.5925
155 -4.5945 -3.8485 -1.5855 -1.3335 -1.3335 -0.6715 17.5185 17.5185 18.3775
156 -4.5655 -3.8915 -1.5045 -1.2735 -1.2735 -0.6495 17.3265 17.3265 18.1475
157 -4.5445 -3.9345 -1.4125 -1.2135 -1.2135 -0.6265 17.1375 17.1375 17.9025
158 -4.5295 -3.9765 -1.3095 -1.1525 -1.1525 -0.6045 16.9505 16.9505 17.6445
159 -4.5215 -4.0175 -1.1965 -1.0915 -1.0915 -0.5825 16.7665 16.7665 17.3755
160 -4.5195 -4.0585 -1.0725 -1.0305 -1.0305 -0.5605 16.5845 16.5845 17.0975
161 -4.5225 -4.0975 -0.9685 -0.9685 -0.9405 -0.5385 16.4065 16.4065 16.8105
162 -4.5305 -4.1375 -0.9075 -0.9075 -0.7995 -0.5175 16.2315 16.2315 16.5175
163 -4.5435 -4.1755 -0.8465 -0.8465 -0.6515 -0.4955 16.0595 16.0595 16.2205
164 -4.5585 -4.2125 -0.7855 -0.7855 -0.4955 -0.4755 15.8925 15.8925 15.9185
165 -4.5775 -4.2485 -0.7255 -0.7255 -0.4545 -0.3335 15.6155 15.7285 15.7285
166 -4.5985 -4.2845 -0.6655 -0.6655 -0.4345 -0.1655 15.3105 15.5685 15.5685
167 -4.6215 -4.3185 -0.6065 -0.6065 -0.4155 0.0075 15.0055 15.4135 15.4135
168 -4.6455 -4.3515 -0.5485 -0.5485 -0.3965 0.1845 14.7015 15.2625 15.2625
169 -4.6705 -4.3835 -0.4905 -0.4905 -0.3775 0.3655 14.3985 15.1165 15.1165
170 -4.6965 -4.4145 -0.4345 -0.4345 -0.3595 0.5505 14.0975 14.9755 14.9755
171 -4.7225 -4.4435 -0.3795 -0.3795 -0.3425 0.7375 13.7995 14.8395 14.8395
172 -4.7495 -4.4715 -0.3265 -0.3265 -0.3255 0.9265 13.5055 14.7095 14.7095
173 -4.7755 -4.4985 -0.3105 -0.2745 -0.2745 1.1165 13.2155 14.5845 14.5845
174 -4.8005 -4.5245 -0.2945 -0.2245 -0.2245 1.3075 12.9305 14.4655 14.4655
175 -4.8255 -4.5485 -0.2805 -0.1765 -0.1765 1.4975 12.6515 14.3525 14.3525
176 -4.8495 -4.5715 -0.2665 -0.1305 -0.1305 1.6875 12.3795 14.2455 14.2455
177 -4.8725 -4.5925 -0.2535 -0.0865 -0.0865 1.8745 12.1155 14.1445 14.1445
178 -4.8945 -4.6125 -0.2415 -0.0455 -0.0455 2.0585 11.8605 14.0505 14.0505
179 -4.9145 -4.6305 -0.2305 -0.0075 -0.0075 2.2385 11.6145 13.9635 13.9635
180 -4.9345 -4.6475 -0.2205 0.0285 0.0285 2.4115 11.3815 13.8825 13.8825
181 -4.9515 -4.6625 -0.2115 0.0615 0.0615 2.5785 11.1605 13.8095 13.8095
182 -4.9675 -4.6765 -0.2025 0.0915 0.0915 2.7355 10.9545 13.7435 13.7435
183 -4.9815 -4.6885 -0.1955 0.1185 0.1185 2.8825 10.7655 13.6845 13.6845
184 -4.9945 -4.6995 -0.1885 0.1415 0.1415 3.0155 10.5955 13.6335 13.6335
185 -5.0045 -4.7085 -0.1835 0.1615 0.1615 3.1335 10.4455 13.5905 13.5905
186 -5.0135 -4.7155 -0.1785 0.1775 0.1775 3.2345 10.3195 13.5545 13.5545
187 -5.0205 -4.7215 -0.1755 0.1905 0.1905 3.3155 10.2185 13.5265 13.5265
188 -5.0255 -4.7255 -0.1725 0.1995 0.1995 3.3745 10.1445 13.5065 13.5065
189 -5.0285 -4.7275 -0.1715 0.2055 0.2055 3.4105 10.0995 13.4945 13.4945
190 -5.0295 -4.7285 -0.1705 0.2075 0.2075 3.4235 10.0845 13.4905 13.4905
191 -5.0275 -4.7275 -0.1725 0.1995 0.2075 3.4315 10.0845 13.4845 13.4845
192 -5.0235 -4.7235 -0.1765 0.1785 0.2075 3.4585 10.0845 13.4655 13.4665
193 -5.0175 -4.7175 -0.1845 0.1425 0.2075 3.5005 10.0845 13.4345 13.4365
194 -5.0075 -4.7095 -0.1955 0.0945 0.2075 3.5595 10.0845 13.3915 13.3945
195 -4.9955 -4.6985 -0.2085 0.0355 0.2075 3.6315 10.0845 13.3385 13.3415
196 -4.9805 -4.6855 -0.2255 -0.0345 0.2075 3.7175 10.0845 13.2765 13.2775
197 -4.9635 -4.6705 -0.2445 -0.1125 0.2075 3.8145 10.0845 13.2035 13.2055
198 -4.9435 -4.6525 -0.2675 -0.1975 0.2075 3.9215 10.0845 13.1195 13.1265
199 -4.9215 -4.6325 -0.2925 -0.2885 0.2075 4.0375 10.0845 13.0275 13.0425
200 -4.8975 -4.6095 -0.3845 -0.3195 0.2075 4.1605 10.0845 12.9265 12.9535
201 -4.8705 -4.5845 -0.4845 -0.3505 0.2075 4.2915 10.0855 12.8175 12.8615
202 -4.8415 -4.5575 -0.5875 -0.3825 0.2075 4.4275 10.0855 12.7015 12.7655
203 -4.8105 -4.5275 -0.6925 -0.4175 0.2075 4.5695 10.0865 12.5795 12.6685
204 -4.7775 -4.4955 -0.8005 -0.4555 0.2075 4.7155 10.0875 12.4505 12.5705
205 -4.7425 -4.4615 -0.9085 -0.4945 0.2075 4.8665 10.0885 12.3165 12.4725
206 -4.7065 -4.4245 -1.0185 -0.5355 0.2075 5.0205 10.0895 12.1785 12.3755
207 -4.6685 -4.3855 -1.1285 -0.5785 0.2075 5.1775 10.0915 12.0345 12.2785
208 -4.6285 -4.3445 -1.2385 -0.6225 0.2075 5.3375 10.0935 11.8875 12.1845
209 -4.5885 -4.3015 -1.3485 -0.6675 0.2085 5.5005 10.0955 11.7355 12.0915
210 -4.5475 -4.2555 -1.4575 -0.7145 0.2085 5.6655 10.0985 11.5815 12.0025
211 -4.5055 -4.2065 -1.5665 -0.7615 0.2085 5.8325 10.1015 11.4235 11.9155
212 -4.4635 -4.1565 -1.6745 -0.8085 0.2085 6.0015 10.1045 11.2625 11.8315
213 -4.4215 -4.1035 -1.7825 -0.8555 0.2085 6.1715 10.1085 11.0995 11.7525
214 -4.3795 -4.0485 -1.8885 -0.9025 0.2085 6.3445 10.1125 10.9345 11.6765
215 -4.3375 -3.9915 -1.9935 -0.9485 0.2085 6.5175 10.1175 10.7665 11.6055
216 -4.2975 -3.9315 -2.0975 -0.9935 0.2085 6.6925 10.1215 10.5975 11.5385
217 -4.2585 -3.8695 -2.1995 -1.0365 0.2085 6.8675 10.1265 10.4255 11.4755
218 -4.2215 -3.8055 -2.3005 -1.0775 0.2085 7.0445 10.1315 10.2535 11.4185
219 -4.1865 -3.7395 -2.4005 -1.1165 0.2085 7.2215 10.0795 10.1375 11.3665
220 -4.1545 -3.6715 -2.4985 -1.1525 0.2085 7.3995 9.9045 10.1425 11.3195
221 -4.1255 -3.6005 -2.5945 -1.1845 0.2085 7.5785 9.7285 10.1475 11.2785
222 -4.0995 -3.5285 -2.6885 -1.2125 0.2085 7.7575 9.5505 10.1515 11.2425
223 -4.0785 -3.4535 -2.7815 -1.2365 0.2085 7.9375 9.3735 10.1555 11.2135
224 -4.0605 -3.3765 -2.8725 -1.2555 0.2085 8.1175 9.1945 10.1585 11.1905
225 -4.0485 -3.2975 -2.9615 -1.2685 0.2085 8.2965 9.0155 10.1615 11.1735
226 -4.0405 -3.2165 -3.0485 -1.2775 0.2085 8.4765 8.8365 10.1625 11.1635
227 -4.0385 -3.1335 -3.1335 -1.2805 0.2085 8.6565 8.6565 10.1635 11.1605
228 -4.0385 -3.1885 -3.0775 -1.2785 0.2075 8.5395 8.7585 10.1725 11.1705
229 -4.0405 -3.2435 -3.0205 -1.2755 0.2055 8.4255 8.8265 10.1995 11.2035
230 -4.0445 -3.2975 -2.9625 -1.2695 0.2005 8.3145 8.8605 10.2375 11.2655
231 -4.0485 -3.3505 -2.9045 -1.2615 0.1945 8.2075 8.8655 10.2765 11.3585
232 -4.0555 -3.4015 -2.8455 -1.2515 0.1865 8.1035 8.8505 10.3105 11.4845
233 -4.0625 -3.4505 -2.7865 -1.2405 0.1765 8.0035 8.8185 10.3365 11.6385
234 -4.0725 -3.4975 -2.7265 -1.2275 0.1655 7.9075 8.7765 10.3535 11.8185
235 -4.0835 -3.5415 -2.6665 -1.2135 0.1525 7.8145 8.7275 10.3635 12.0165
236 -4.0975 -3.5835 -2.6065 -1.1975 0.1375 7.7265 8.6735 10.3685 12.2285
237 -4.1125 -3.6215 -2.5475 -1.1815 0.1215 7.6415 8.6175 10.3705 12.4515
238 -4.1295 -3.6565 -2.4885 -1.1645 0.1035 7.5605 8.5605 10.3695 12.6815
239 -4.1475 -3.6875 -2.4295 -1.1475 0.0845 7.4845 8.5045 10.3665 12.9175
240 -4.1675 -3.7155 -2.3715 -1.1305 0.0645 7.4115 8.4475 10.3625 13.1565
241 -4.1885 -3.7405 -2.3145 -1.1125 0.0435 7.3435 8.3935 10.3585 13.3985
242 -4.2105 -3.7615 -2.2595 -1.0955 0.0215 7.2805 8.3405 10.3545 13.6405
243 -4.2325 -3.7805 -2.2055 -1.0785 -0.000500000000001 7.2205 8.2905 10.3505 13.8815
244 -4.2545 -3.7965 -2.1535 -1.0625 -0.0235 7.1665 8.2435 10.3465 14.1215
245 -4.2765 -3.8105 -2.1045 -1.0465 -0.0465 7.1165 8.1995 10.3425 14.3565
246 -4.2965 -3.8225 -2.0575 -1.0325 -0.0685 7.0705 8.1595 10.3385 14.5875
247 -4.3155 -3.8335 -2.0135 -1.0185 -0.0905 7.0295 8.1225 10.3355 14.8095
248 -4.3335 -3.8415 -1.9735 -1.0065 -0.1115 6.9935 8.0895 10.3325 15.0215
249 -4.3495 -3.8485 -1.9375 -0.9955 -0.1305 6.9625 8.0605 10.3305 15.2205
250 -4.3625 -3.8545 -1.9065 -0.9865 -0.1475 6.9355 8.0355 10.3275 15.4025
251 -4.3735 -3.8595 -1.8795 -0.9785 -0.1625 6.9135 8.0155 10.3265 15.5615
252 -4.3825 -3.8635 -1.8585 -0.9715 -0.1745 6.8965 7.9995 10.3245 15.6935
253 -4.3895 -3.8655 -1.8425 -0.9675 -0.1825 6.8845 7.9875 10.3235 15.7935
254 -4.3935 -3.8675 -1.8335 -0.9645 -0.1885 6.8775 7.9805 10.3235 15.8555
255 -4.3945 -3.8675 -1.8305 -0.9635 -0.1905 6.8745 7.9785 10.3235 15.8765
