1 -11.092636 -2.737396 -2.7373860000000003 -1.2998760000000003 21.869844 21.872644 22.014904 22.014904 22.048844
2 -11.093176 -2.740926 -2.734896 -1.2964760000000002 21.869834 21.872594 22.014644 22.015114 22.048764
3 -11.094796 -2.7514160000000003 -2.727436 -1.286406 21.869784 21.872474 22.013863999999998 22.015714 22.048504
4 -11.097476 -2.768526 -2.7150160000000003 -1.2699760000000002 21.869704 21.872294 22.012574 22.016714 22.048054
5 -11.101196 -2.791766 -2.697686 -1.2476859999999999 21.869574 21.872054 22.010794 22.018074 22.047404
6 -11.105946 -2.820526 -2.675476 -1.2201560000000002 21.869364 21.871804 22.008574 22.019773999999998 22.046524
7 -11.111686 -2.854136 -2.648476 -1.188046 21.869074 21.871564 22.005934 22.021774 22.045404
8 -11.118386000000001 -2.891916 -2.616746 -1.1520260000000002 21.868694 21.871354 22.002914 22.024024 22.044024
9 -11.126006 -2.9332160000000003 -2.5803760000000002 -1.112746 21.868204 21.871194 21.999544 22.026484 22.042364
10 -11.134486 -2.977446 -2.539476 -1.0708060000000001 21.867644 21.871064 21.995864 22.029104 22.040414
11 -11.143786 -3.024036 -2.4941660000000003 -1.0267460000000002 21.867034 21.870974 21.991894 22.031824 22.038174
12 -11.153856 -3.0725260000000003 -2.444566 -0.9810360000000001 21.866374 21.870904 21.987684 22.034584 22.035624
13 -11.164626 -3.1224760000000003 -2.390826 -0.9341160000000001 21.865694 21.870854 21.983244 22.032774 22.037334
14 -11.176036 -3.1735160000000002 -2.3331060000000003 -0.8863360000000001 21.865014 21.870814 21.978614 22.029614 22.039994
15 -11.188026 -3.2253260000000004 -2.271566 -0.8380360000000001 21.864324 21.870784 21.973824 22.026164 22.042524
16 -11.200536 -3.277596 -2.206376 -0.789476 21.863654 21.870754 21.968894 22.022424 22.044854
17 -11.213496000000001 -3.330096 -2.137746 -0.7408960000000001 21.862994 21.870734 21.963843999999998 22.018404 22.046914
18 -11.226846 -3.382596 -2.065866 -0.6925260000000001 21.862354 21.870714 21.958714 22.014124 22.048664
19 -11.240516 -3.434896 -1.9909560000000002 -0.644546 21.861734 21.870694 21.953514 22.009594 22.050044
20 -11.254436 -3.486826 -1.913236 -0.597106 21.861144 21.870674 21.948274 22.004834 22.050994
21 -11.268546 -3.538226 -1.8329560000000003 -0.550366 21.860574 21.870654 21.943014 21.999854 22.051474
22 -11.282786 -3.5889560000000005 -1.750346 -0.504436 21.860034 21.870644 21.937753999999998 21.994684 22.051434
23 -11.297096 -3.638896 -1.665696 -0.45943600000000007 21.859524 21.870624 21.932514 21.989344 22.050834
24 -11.311406 -3.6879160000000004 -1.579256 -0.415466 21.859034 21.870614 21.927304 21.983854 22.049644
25 -11.325666 -3.735926 -1.4913159999999999 -0.372606 21.858564 21.870594 21.922154 21.978234 22.047833999999998
26 -11.339826 -3.782826 -1.4021759999999999 -0.330936 21.858124 21.870584 21.917074 21.972514 22.045393999999998
27 -11.353826 -3.8285359999999997 -1.3121459999999998 -0.29052600000000006 21.857694 21.870563999999998 21.912084 21.966724 22.042304
28 -11.367616 -3.8729560000000003 -1.221536 -0.251436 21.857284 21.870544 21.907204 21.960884 22.038574
29 -11.381156 -3.916036 -1.1306760000000002 -0.21371600000000002 21.856894 21.870524 21.902434 21.955014 22.034204
30 -11.394396 -3.957686 -1.0399060000000002 -0.17740600000000006 21.856504 21.870504 21.897794 21.949154 22.029224
31 -11.407296 -3.997866 -0.9495760000000001 -0.14254600000000006 21.856124 21.870484 21.893294 21.943314 22.023644
32 -11.419816 -4.036506 -0.8600360000000001 -0.109186 21.855754 21.870454 21.888954 21.937544 22.017523999999998
33 -11.431926 -4.073556 -0.771656 -0.07734600000000003 21.855374 21.870424 21.884764 21.931843999999998 22.010904
34 -11.443586 -4.108966000000001 -0.6847960000000001 -0.04704600000000003 21.854994 21.870394 21.880754 21.926264 22.003844
35 -11.454756 -4.142696 -0.5998359999999999 -0.018316 21.854594 21.870354 21.876924 21.920814 21.996424
36 -11.465426 -4.174696 -0.5171560000000001 0.008823999999999943 21.854174 21.870314 21.873283999999998 21.915524 21.988713999999998
37 -11.475566 -4.204936 -0.437106 0.03436399999999995 21.853734 21.869834 21.870274 21.910424 21.980814
38 -11.485146 -4.233376 -0.360086 0.05828399999999995 21.853264 21.866584 21.870224 21.905534 21.972814
39 -11.494146 -4.2599860000000005 -0.286446 0.08058399999999999 21.852744 21.863534 21.870164 21.900864 21.964824
40 -11.502546 -4.2847360000000005 -0.21655600000000008 0.10125399999999996 21.852184 21.860704 21.870104 21.896454 21.956954
41 -11.510326000000001 -4.307596 -0.15077600000000002 0.12027399999999999 21.851564 21.858084 21.870044 21.892324 21.949314
42 -11.517486 -4.328546 -0.089426 0.13765399999999994 21.850884 21.855674 21.869964 21.888484 21.942014
43 -11.523996 -4.3475660000000005 -0.03284600000000004 0.15338399999999996 21.850134 21.853494 21.869884 21.884944 21.935154
44 -11.529856 -4.364636 0.01867399999999997 0.16746399999999995 21.849324 21.851534 21.869804 21.881744 21.928854
45 -11.535046 -4.379736 0.06484399999999996 0.179884 21.848464 21.849794 21.869714 21.878874 21.923184
46 -11.539556 -4.392856 0.10540399999999994 0.190654 21.847584 21.848294 21.869623999999998 21.876364 21.918214
47 -11.543396 -4.403976 0.14013399999999998 0.19976399999999994 21.846704 21.847014 21.869534 21.874223999999998 21.913994
48 -11.546536 -4.413086 0.16882399999999997 0.20721399999999995 21.845874 21.845964 21.869454 21.872454 21.910554
49 -11.548986 -4.4201760000000005 0.191324 0.21301399999999998 21.845144 21.845154 21.869384 21.871074 21.907894
50 -11.550736 -4.425256 0.20748399999999995 0.21715399999999996 21.844564 21.844584 21.869334 21.870084 21.906004
51 -11.551796 -4.4282960000000005 0.21721399999999996 0.21964399999999995 21.844214 21.844224 21.869294 21.869484 21.904884
52 -11.552146 -4.429316 0.220464 0.22047399999999995 21.844104 21.844104 21.869284 21.869284 21.904514
53 -11.553356 -4.4262060000000005 0.22085399999999994 0.22085399999999994 21.844114 21.844114 21.869314 21.869314 21.904594
54 -11.556996 -4.416886 0.22200399999999998 0.222014 21.844154 21.844154 21.869394 21.869394 21.904854
55 -11.563036 -4.4013860000000005 0.22393399999999997 0.22393399999999997 21.844234 21.844234 21.869544 21.869544 21.905283999999998
56 -11.571436 -4.379766 0.22661399999999998 0.226624 21.844334 21.844334 21.869734 21.869734 21.905884
57 -11.582136 -4.352076 0.230064 0.230064 21.844454 21.844454 21.869984 21.869984 21.906644
58 -11.595056 -4.318416 0.23426399999999997 0.23426399999999997 21.844594 21.844594 21.870284 21.870284 21.907564
59 -11.610126 -4.278886 0.23920399999999997 0.23920399999999997 21.844764 21.844764 21.870644 21.870644 21.908624
60 -11.627246 -4.233606 0.244884 0.244884 21.844934 21.844934 21.871044 21.871044 21.909824
61 -11.646296 -4.1827060000000005 0.25128399999999995 0.25129399999999996 21.845124 21.845124 21.871494 21.871494 21.911144
62 -11.667176 -4.126346 0.25840399999999997 0.258414 21.845324 21.845324 21.871984 21.871984 21.912584
63 -11.689756000000001 -4.064666 0.26622399999999996 0.26623399999999997 21.845524 21.845524 21.872514 21.872514 21.914114
64 -11.713916 -3.997846 0.27472399999999997 0.274734 21.845714 21.845714 21.873064 21.873064 21.915734
65 -11.739506 -3.9260460000000004 0.28390399999999993 0.283914 21.845914 21.845914 21.873654 21.873654 21.917414
66 -11.766416 -3.849456 0.293724 0.29373399999999994 21.846104 21.846104 21.874254 21.874254 21.919154
67 -11.794496 -3.7682660000000006 0.30418399999999995 0.30419399999999996 21.846294 21.846294 21.874864 21.874864 21.920924
68 -11.823616 -3.682666 0.315264 0.315264 21.846464 21.846464 21.875474 21.875474 21.922704
69 -11.853646 -3.5928560000000003 0.326924 0.32693399999999995 21.846633999999998 21.846633999999998 21.876074 21.876074 21.924474
70 -11.884446 -3.4990360000000003 0.33915399999999996 0.33916399999999997 21.846784 21.846784 21.876654 21.876654 21.926213999999998
71 -11.915906 -3.401406 0.35193399999999997 0.35193399999999997 21.846934 21.846934 21.877214 21.877214 21.927914
72 -11.947876 -3.300176 0.365224 0.36523399999999995 21.847064 21.847064 21.877734 21.877734 21.929544
73 -11.980266 -3.1955560000000003 0.379004 0.37901399999999996 21.847184 21.847184 21.878214 21.878214 21.931074
74 -12.012946 -3.087746 0.393254 0.39326399999999995 21.847294 21.847294 21.878633999999998 21.878633999999998 21.932494
75 -12.045806 -2.976976 0.40793399999999996 0.407944 21.847383999999998 21.847383999999998 21.878984 21.878984 21.933784
76 -12.078746 -2.863446 0.42301399999999995 0.42302399999999996 21.847474 21.847474 21.879264 21.879264 21.934924
77 -12.111676000000001 -2.747396 0.43846399999999996 0.438474 21.847544 21.847544 21.879454 21.879454 21.935874
78 -12.144486 -2.629036 0.454244 0.45425399999999994 21.847614 21.847614 21.879564 21.879564 21.936634
79 -12.177096 -2.508586 0.470334 0.470344 21.847663999999998 21.847663999999998 21.879573999999998 21.879573999999998 21.937184
80 -12.209426 -2.386296 0.48668399999999995 0.48669399999999996 21.847704 21.847704 21.879484 21.879484 21.937504
81 -12.241406 -2.262376 0.503274 0.503274 21.847744 21.847744 21.879284 21.879284 21.937564
82 -12.272956 -2.137076 0.520044 0.520054 21.847764 21.847764 21.878974 21.878974 21.937364
83 -12.304016 -2.010656 0.536974 0.536974 21.847784 21.847784 21.878544 21.878544 21.936894
84 -12.334516 -1.883346 0.554014 0.554014 21.847794 21.847794 21.878004 21.878004 21.936124
85 -12.364416 -1.7553960000000002 0.571124 0.571124 21.847794 21.847794 21.877354 21.877354 21.935064
86 -12.393646 -1.627106 0.588264 0.588274 21.847784 21.847784 21.876584 21.876584 21.933694
87 -12.422176 -1.4987060000000003 0.605394 0.6054039999999999 21.847774 21.847774 21.875704 21.875714 21.932024
88 -12.449956 -1.3704960000000002 0.6224839999999999 0.6224839999999999 21.847754 21.847754 21.874724 21.874724 21.930034
89 -12.476956 -1.2427359999999998 0.639464 0.639474 21.847724 21.847724 21.873634 21.873634 21.927744
90 -12.503126 -1.115726 0.656314 0.6563239999999999 21.847684 21.847684 21.872444 21.872444 21.925154
91 -12.528446 -0.9897760000000001 0.672984 0.672994 21.847634 21.847634 21.871174 21.871174 21.922264
92 -12.552886 -0.8651559999999999 0.689434 0.689444 21.847574 21.847574 21.869824 21.869824 21.919094
93 -12.576426 -0.742206 0.705614 0.705624 21.847514 21.847514 21.868394 21.868394 21.915664
94 -12.599036 -0.621236 0.721484 0.721494 21.847434 21.847434 21.866914 21.866914 21.911974
95 -12.620706 -0.502546 0.737004 0.737014 21.847334 21.847334 21.865394 21.865394 21.908064
96 -12.641416 -0.38647600000000004 0.752134 0.7521439999999999 21.847214 21.847214 21.863834 21.863834 21.903954
97 -12.661146 -0.273336 0.766824 0.766834 21.847074 21.847074 21.862274 21.862274 21.899664
98 -12.679906 -0.16345600000000005 0.781044 0.7810539999999999 21.846904 21.846904 21.860714 21.860714 21.895243999999998
99 -12.697666 -0.057176000000000005 0.7947439999999999 0.794754 21.846694 21.846694 21.859184 21.859184 21.890724
100 -12.714426 0.045183999999999946 0.8078939999999999 0.807904 21.846434 21.846434 21.857704 21.857704 21.886124
101 -12.730176 0.14331399999999994 0.820454 0.820464 21.846114 21.846114 21.856314 21.856314 21.881514
102 -12.744916 0.23686399999999996 0.832384 0.832394 21.845704 21.845704 21.855044 21.855044 21.876904
103 -12.758636000000001 0.32555399999999995 0.843664 0.843664 21.845194 21.845194 21.853904 21.853904 21.872364
104 -12.771346 0.409064 0.8542339999999999 0.854244 21.844574 21.844574 21.852944 21.852944 21.867924
105 -12.783036000000001 0.487104 0.864084 0.8640939999999999 21.843854 21.843854 21.852154 21.852154 21.863634
106 -12.793706 0.559404 0.873184 0.873194 21.843054 21.843054 21.851524 21.851524 21.859534
107 -12.803356 0.625674 0.881504 0.881504 21.842214 21.842214 21.851043999999998 21.851043999999998 21.855674
108 -12.811986000000001 0.685694 0.889014 0.889014 21.841364 21.841364 21.850664 21.850664 21.852094
109 -12.819596 0.7392139999999999 0.895694 0.895694 21.840533999999998 21.840533999999998 21.848824 21.850384 21.850384
110 -12.826196 0.7860339999999999 0.901524 0.901524 21.839774 21.839774 21.845914 21.850174 21.850174
111 -12.831776 0.8259839999999999 0.906484 0.9064939999999999 21.839094 21.839094 21.843384 21.850014 21.850014
112 -12.836336 0.858884 0.910574 0.910574 21.838514 21.838514 21.841283999999998 21.849884 21.849884
113 -12.839876 0.884624 0.913764 0.913764 21.838054 21.838054 21.839614 21.849804 21.849804
114 -12.842416 0.9030739999999999 0.916044 0.9160539999999999 21.837714 21.837714 21.838414 21.849744 21.849744
115 -12.843936 0.914174 0.917414 0.917424 21.837504 21.837504 21.837684 21.849704 21.849704
116 -12.844436 0.917874 0.9178839999999999 0.9178839999999999 21.837444 21.837444 21.837444 21.849694 21.849694
117 -12.843936 0.915414 0.916804 0.916814 21.837444 21.837634 21.837634 21.849704 21.849714
118 -12.842416 0.908034 0.913584 0.913594 21.837444 21.838204 21.838204 21.849724 21.849754
119 -12.839896 0.8957539999999999 0.908234 0.9082439999999999 21.837434 21.839144 21.839144 21.849764 21.849823999999998
120 -12.836356 0.8786039999999999 0.9007639999999999 0.900774 21.837434 21.840454 21.840454 21.849823999999998 21.849924
121 -12.831806 0.856654 0.891184 0.8912039999999999 21.837434 21.842124 21.842124 21.849894 21.850054
122 -12.826246 0.829944 0.879544 0.879554 21.837434 21.844134 21.844134 21.849984 21.850204
123 -12.819666 0.7985639999999999 0.865864 0.865874 21.837434 21.846474 21.846474 21.850084 21.850384
124 -12.812076 0.762604 0.850174 0.8501939999999999 21.837434 21.849114 21.849114 21.850194 21.850594
125 -12.803466 0.722164 0.8325339999999999 0.832554 21.837434 21.850334 21.850824 21.852054 21.852054
126 -12.793846 0.677364 0.8129839999999999 0.813004 21.837434 21.850474 21.851074 21.855244 21.855244
127 -12.783206 0.628304 0.791574 0.7915939999999999 21.837424 21.850634 21.851354 21.858684 21.858684
128 -12.771546 0.575144 0.7683739999999999 0.768394 21.837424 21.850814 21.851654 21.862334 21.862334
129 -12.758866 0.518014 0.7434339999999999 0.743454 21.837424 21.851004 21.851984 21.866164 21.866164
130 -12.745166 0.45705399999999996 0.716814 0.716834 21.837424 21.851204 21.852324 21.870154 21.870154
131 -12.730456 0.39244399999999996 0.688604 0.6886239999999999 21.837414 21.851414 21.852684 21.874274 21.874274
132 -12.714716000000001 0.32432399999999995 0.658864 0.658884 21.837414 21.851644 21.853064 21.878484 21.878484
133 -12.697966000000001 0.252864 0.627674 0.627694 21.837414 21.851884 21.853464 21.882754 21.882754
134 -12.680206 0.17825399999999997 0.595104 0.595124 21.837414 21.852134 21.853874 21.887054 21.887054
135 -12.661426 0.10064399999999996 0.561244 0.5612739999999999 21.837404 21.852404 21.854304 21.891364 21.891364
136 -12.641646 0.020233999999999974 0.5261739999999999 0.526204 21.837404 21.852674 21.854754 21.895634 21.895634
137 -12.620866 -0.06280600000000003 0.489984 0.49000399999999994 21.837404 21.852954 21.855204 21.899854 21.899854
138 -12.599086 -0.14829599999999998 0.452744 0.45276399999999994 21.837394 21.853254 21.855674 21.903984 21.903984
139 -12.576316 -0.2360460000000001 0.414554 0.414574 21.837394 21.853554 21.856154 21.907994 21.907994
140 -12.552576 -0.325886 0.37550399999999995 0.37552399999999997 21.837384 21.853874 21.856644 21.911853999999998 21.911853999999998
141 -12.527856 -0.41762600000000005 0.33566399999999996 0.335684 21.837384 21.854194 21.857154 21.915554 21.915554
142 -12.502196 -0.511106 0.295134 0.29515399999999997 21.837384 21.854524 21.857664 21.919064 21.919064
143 -12.475586 -0.606126 0.25400399999999995 0.25402399999999997 21.837374 21.854854 21.858184 21.922363999999998 21.922363999999998
144 -12.448046 -0.7025260000000001 0.21236399999999994 0.21237399999999995 21.837374 21.855194 21.858704 21.925434 21.925434
145 -12.419606 -0.800126 0.170284 0.17029399999999995 21.837364 21.855544 21.859244 21.928244 21.928244
146 -12.390276 -0.898756 0.12786399999999998 0.127874 21.837364 21.855904 21.859784 21.930794 21.930794
147 -12.360086 -0.9982460000000001 0.08518399999999998 0.08519399999999999 21.837364 21.856264 21.860333999999998 21.933074 21.933074
148 -12.329056 -1.098436 0.04232399999999997 0.04233399999999998 21.837354 21.856624 21.860884 21.935054 21.935054
149 -12.297216 -1.1991559999999999 -0.0006160000000000609 -0.0006059999999999954 21.837354 21.856984 21.861444 21.936754 21.936754
150 -12.264606 -1.3002660000000001 -0.04357600000000006 -0.043565999999999994 21.837343999999998 21.857354 21.862004 21.938134 21.938134
151 -12.231236 -1.401596 -0.08646600000000004 -0.08646600000000004 21.837343999999998 21.857724 21.862564 21.939224 21.939224
152 -12.197166 -1.502996 -0.129216 -0.129216 21.837334 21.858094 21.863134 21.939994 21.939994
153 -12.162436 -1.6043060000000002 -0.17174600000000007 -0.17174600000000007 21.837334 21.858474 21.863704 21.940464 21.940464
154 -12.127066000000001 -1.7053960000000004 -0.213986 -0.21397600000000006 21.837324 21.858844 21.864273999999998 21.940624 21.940624
155 -12.091126000000001 -1.8061060000000002 -0.2558560000000001 -0.255846 21.837324 21.859214 21.864844 21.940494 21.940494
156 -12.054666000000001 -1.9062860000000001 -0.297296 -0.29728600000000005 21.837314 21.859583999999998 21.865414 21.940064 21.940064
157 -12.017726 -2.0058160000000003 -0.338226 -0.33821600000000007 21.837314 21.859954 21.865984 21.939354 21.939354
158 -11.980376 -2.104536 -0.37859600000000004 -0.378586 21.837314 21.860314 21.866554 21.938374 21.938374
159 -11.942666000000001 -2.202306 -0.41833600000000004 -0.4183260000000001 21.837304 21.860684 21.867124 21.937144 21.937144
160 -11.904676 -2.2989960000000003 -0.45738600000000007 -0.457376 21.837304 21.861034 21.867694 21.935654 21.935654
161 -11.866466 -2.394476 -0.49568599999999996 -0.4956760000000001 21.837294 21.861394 21.868254 21.933944 21.933944
162 -11.828126000000001 -2.488586 -0.533186 -0.533176 21.837294 21.861744 21.868804 21.932014 21.932014
163 -11.789716 -2.5812060000000003 -0.569826 -0.569816 21.837284 21.862084 21.869364 21.929894 21.929894
164 -11.751326 -2.672196 -0.6055560000000001 -0.605546 21.837284 21.862424 21.869904 21.927594 21.927594
165 -11.713046 -2.761416 -0.6403260000000001 -0.640316 21.837284 21.862744 21.870444 21.925144 21.925144
166 -11.674966 -2.848726 -0.6740960000000001 -0.674076 21.837274 21.863074 21.870964 21.922553999999998 21.922553999999998
167 -11.637176 -2.933986 -0.7068059999999999 -0.7067960000000001 21.837274 21.863384 21.871484 21.919854 21.919854
168 -11.599796 -3.017056 -0.7384260000000001 -0.7384160000000001 21.837264 21.863684 21.871994 21.917054 21.917054
169 -11.562916 -3.097796 -0.768916 -0.7688960000000001 21.837264 21.863984 21.872484 21.914194 21.914194
170 -11.526636 -3.176076 -0.7982360000000001 -0.7982159999999999 21.837264 21.864264 21.872964 21.911274 21.911274
171 -11.491076 -3.251736 -0.8263360000000001 -0.8263159999999999 21.837254 21.864544 21.873434 21.908334 21.908334
172 -11.456356 -3.324656 -0.853206 -0.8531860000000001 21.837254 21.864804 21.873884 21.905394 21.905394
173 -11.422586 -3.394676 -0.878786 -0.878766 21.837254 21.865054 21.874314 21.902464 21.902464
174 -11.389886 -3.461666 -0.903066 -0.903056 21.837244 21.865294 21.874734 21.899574 21.899574
175 -11.358366 -3.5254659999999998 -0.9260160000000001 -0.926006 21.837244 21.865524 21.875134 21.896743999999998 21.896743999999998
176 -11.328166 -3.585966 -0.9476060000000001 -0.9475859999999999 21.837244 21.865734 21.875514 21.893984 21.893984
177 -11.299386 -3.6430059999999997 -0.967806 -0.967796 21.837244 21.865944 21.875864 21.891334 21.891334
178 -11.272166 -3.6964560000000004 -0.986606 -0.9865860000000001 21.837234 21.866124 21.876204 21.888794 21.888794
179 -11.246606 -3.746186 -1.0039760000000002 -1.003956 21.837234 21.866304 21.876514 21.886394 21.886394
180 -11.222826 -3.792076 -1.019886 -1.019876 21.837234 21.866464 21.876804 21.884144 21.884144
181 -11.200936 -3.833996 -1.0343460000000002 -1.0343360000000001 21.837234 21.866614 21.877064 21.882054 21.882054
182 -11.181046 -3.8718460000000006 -1.047316 -1.0473059999999998 21.837234 21.866744 21.877304 21.880154 21.880154
183 -11.163236 -3.905506 -1.058796 -1.058786 21.837234 21.866854 21.877514 21.878444 21.878444
184 -11.147616 -3.9348860000000005 -1.0687760000000002 -1.068766 21.837224 21.866964 21.876934 21.876934 21.877704
185 -11.134246000000001 -3.9598960000000005 -1.077236 -1.077226 21.837224 21.867044 21.875634 21.875634 21.877864
186 -11.123216 -3.980466 -1.0841660000000002 -1.0841560000000001 21.837224 21.867114 21.874564 21.874564 21.877994
187 -11.114576 -3.996536 -1.089566 -1.089556 21.837224 21.867174 21.873734 21.873734 21.878094
188 -11.108366 -4.008046 -1.093426 -1.093416 21.837224 21.867214 21.873124 21.873124 21.878163999999998
189 -11.104626 -4.014966 -1.095736 -1.095736 21.837224 21.867234 21.872764 21.872764 21.878204
190 -11.103376 -4.017276 -1.0965159999999998 -1.0965060000000002 21.837224 21.867244 21.872644 21.872644 21.878224
191 -11.103356 -4.016246 -1.0982060000000002 -1.096876 21.837584 21.867324 21.872644 21.872874 21.878464
192 -11.103296 -4.013156 -1.1032959999999998 -1.0979860000000001 21.838674 21.867534 21.872644 21.873554 21.879194
193 -11.103206 -4.007996 -1.1117560000000002 -1.0998260000000002 21.840474 21.867824 21.872644 21.874693999999998 21.880474
194 -11.103076 -4.000786 -1.1235560000000002 -1.102376 21.842973999999998 21.868144 21.872644 21.876284 21.882324
195 -11.102906 -3.9915260000000004 -1.1386660000000002 -1.105626 21.846144 21.868444 21.872644 21.878314 21.884804
196 -11.102706 -3.9802160000000004 -1.157016 -1.109546 21.849964 21.868704 21.872644 21.880764 21.887884
197 -11.102466 -3.9668660000000004 -1.178566 -1.114116 21.854394 21.868924 21.872644 21.883624 21.891564
198 -11.102196 -3.951486 -1.203236 -1.1192860000000002 21.859393999999998 21.869094 21.872644 21.886884 21.895814
199 -11.101896 -3.9340960000000003 -1.2309360000000003 -1.1250360000000001 21.864924 21.869224 21.872644 21.890514 21.900584
200 -11.101576 -3.914696 -1.2615760000000003 -1.131306 21.869334 21.870934 21.872644 21.894504 21.905824
201 -11.101226 -3.8933160000000004 -1.2950659999999998 -1.1380660000000002 21.869424 21.872644 21.877374 21.898824 21.911504
202 -11.100846 -3.8699460000000006 -1.331286 -1.1452559999999998 21.869494 21.872644 21.884184 21.903434 21.917574
203 -11.100456 -3.8446360000000004 -1.370136 -1.1528360000000002 21.869544 21.872644 21.891303999999998 21.908334 21.923974
204 -11.100036 -3.8173760000000003 -1.411486 -1.160726 21.869594 21.872644 21.898684 21.913464 21.930664
205 -11.099616 -3.7882160000000002 -1.455216 -1.1688960000000002 21.869634 21.872644 21.906254 21.918814 21.937584
206 -11.099176 -3.757156 -1.5011860000000001 -1.177266 21.869664 21.872644 21.913954 21.924344 21.944684
207 -11.098726000000001 -3.724226 -1.5492760000000003 -1.1857860000000002 21.869694 21.872644 21.921724 21.930024 21.951923999999998
208 -11.098266 -3.6894660000000004 -1.599326 -1.1943960000000002 21.869714 21.872644 21.929504 21.935804 21.959234
209 -11.097816 -3.652896 -1.6512160000000002 -1.203026 21.869734 21.872644 21.937234 21.941654 21.966563999999998
210 -11.097356 -3.6145560000000003 -1.7047860000000004 -1.2116160000000002 21.869754 21.872644 21.944844 21.947534 21.973864
211 -11.096906 -3.5744759999999998 -1.759906 -1.220116 21.869764 21.872644 21.952284 21.953404 21.981084
212 -11.096466 -3.5326960000000005 -1.8164160000000003 -1.228446 21.869784 21.872644 21.959234 21.959504 21.988164
213 -11.096036 -3.489256 -1.8741860000000004 -1.2365560000000002 21.869794 21.872644 21.964974 21.966444 21.995054
214 -11.095616 -3.4442060000000003 -1.933056 -1.244386 21.869804 21.872644 21.970584 21.973064 22.001704
215 -11.095216 -3.397586 -1.992896 -1.2518859999999998 21.869804 21.872644 21.976024 21.979314 22.008074
216 -11.094836 -3.349446 -2.053566 -1.2589960000000002 21.869813999999998 21.872644 21.981264 21.985154 22.014124
217 -11.094476 -3.299836 -2.114916 -1.265666 21.869824 21.872644 21.986254 21.990544 22.019784
218 -11.094146 -3.248816 -2.176806 -1.271856 21.869824 21.872644 21.990954 21.995454 22.025044
219 -11.093846000000001 -3.1964460000000003 -2.239116 -1.2775060000000003 21.869834 21.872644 21.995334 21.999854 22.029854
220 -11.093566000000001 -3.142796 -2.3017060000000003 -1.282606 21.869834 21.872644 21.999354 22.003724 22.034174
221 -11.093326 -3.087926 -2.364446 -1.287086 21.869844 21.872644 22.002984 22.007044 22.037984
222 -11.093126 -3.031906 -2.427216 -1.2909359999999999 21.869844 21.872644 22.006194 22.009804 22.041254
223 -11.092946 -2.974826 -2.4898860000000003 -1.2941259999999999 21.869844 21.872644 22.008944 22.011983999999998 22.043964
224 -11.092816000000001 -2.9167460000000003 -2.552356 -1.2966259999999998 21.869844 21.872644 22.011214 22.013584 22.046094
225 -11.092716 -2.857746 -2.614496 -1.298426 21.869844 21.872644 22.012974 22.014604 22.047624
226 -11.092656 -2.797936 -2.676216 -1.2995160000000001 21.869844 21.872644 22.014214 22.015044 22.048544
227 -11.092636 -2.737396 -2.7373860000000003 -1.2998760000000003 21.869844 21.872644 22.014904 22.014904 22.048844
228 -11.092866 -2.777056 -2.697946 -1.298266 21.869844 21.872624 22.014594 22.014944 22.048694
229 -11.093506 -2.815586 -2.660326 -1.293326 21.869824 21.872574 22.014194 22.014454 22.048274
230 -11.094526 -2.852946 -2.624906 -1.2848760000000001 21.869794 21.872494 22.013374 22.013734 22.047684
231 -11.095866000000001 -2.889106 -2.592006 -1.2728160000000002 21.869744 21.872374 22.011614 22.013194 22.047024
232 -11.097496 -2.924026 -2.561896 -1.257126 21.869674 21.872234 22.009124 22.012614 22.046374
233 -11.099366 -2.957676 -2.534736 -1.237866 21.869584 21.872063999999998 22.005884 22.011974 22.045794
234 -11.101436 -2.9900360000000004 -2.5106360000000003 -1.215186 21.869484 21.871874 22.001914 22.011304 22.045324
235 -11.103666 -3.0210660000000003 -2.489586 -1.1893259999999999 21.869354 21.871664 21.997264 22.010604 22.044974
236 -11.106026 -3.050746 -2.471506 -1.1606260000000002 21.869194 21.871424 21.992004 22.009874 22.044714
237 -11.108476 -3.079056 -2.456246 -1.129496 21.869014 21.871174 21.986234 22.009144 22.044544
238 -11.110976 -3.105966 -2.4435960000000003 -1.0963859999999999 21.868784 21.870914 21.980044 22.008394 22.044424
239 -11.113496 -3.131446 -2.433316 -1.0618159999999999 21.868524 21.870634 21.973544 22.007654 22.044364
240 -11.116016 -3.1554960000000003 -2.425136 -1.0262959999999999 21.868224 21.870354 21.966824 22.006914 22.044324
241 -11.118496 -3.1780760000000003 -2.4187860000000003 -0.9903560000000001 21.867864 21.870074 21.960014 22.006204 22.044304
242 -11.120916 -3.199176 -2.414006 -0.954506 21.867444 21.869784 21.953214 22.005504 22.044304
243 -11.123256 -3.218776 -2.410526 -0.919236 21.866964 21.869504 21.946514 22.004834 22.044304
244 -11.125486 -3.236876 -2.408126 -0.885026 21.866394 21.869224 21.940044 22.004194 22.044304
245 -11.127586 -3.2534460000000003 -2.4065860000000003 -0.8523060000000001 21.865754 21.868954 21.933884 22.003604 22.044304
246 -11.129546 -3.268466 -2.405726 -0.8214660000000001 21.865024 21.868704 21.928144 22.003054 22.044304
247 -11.131336000000001 -3.281946 -2.405376 -0.7928959999999999 21.864214 21.868464 21.922904 22.002544 22.044304
248 -11.132956 -3.293866 -2.405376 -0.766906 21.863344 21.868244 21.918233999999998 22.002094 22.044294
249 -11.134386000000001 -3.304206 -2.405616 -0.743796 21.862424 21.868054 21.914184 22.001684 22.044294
250 -11.135606000000001 -3.3129760000000004 -2.405986 -0.7238160000000001 21.861494 21.867884 21.910774 22.001344 22.044284
251 -11.136626 -3.3201560000000003 -2.406396 -0.7071760000000001 21.860613999999998 21.867744 21.908024 22.001064 22.044274
252 -11.137426 -3.325746 -2.4067860000000003 -0.694046 21.859844 21.867634 21.905924 22.000834 22.044264
253 -11.137996 -3.329746 -2.407106 -0.684576 21.859244 21.867554 21.904444 22.000674 22.044264
254 -11.138346 -3.3321460000000003 -2.407306 -0.678856 21.858864 21.867504 21.903564 22.000584 22.044264
255 -11.138456 -3.332946 -2.407376 -0.6769360000000001 21.858734 21.867484 21.903274 22.000554 22.044264
