1 -9.5492 -2.8632 -2.8632 -1.2362 9.1108 10.8028 10.8028
2 -9.5512 -2.8712 -2.8592 -1.2262 9.1018 10.7818 10.8148
3 -9.5562 -2.8952 -2.8462 -1.1962 9.0748 10.7298 10.8488
4 -9.5652 -2.9332 -2.8242 -1.1492 9.0318 10.6638 10.9038
5 -9.5762 -2.9832 -2.7932 -1.0872 8.9758 10.5928 10.9758
6 -9.5912 -3.0432 -2.7542 -1.0112 8.9098 10.5198 11.0638
7 -9.6092 -3.1102 -2.7072 -0.9252 8.8368 10.4468 11.1628
8 -9.6302 -3.1822 -2.6512 -0.8292 8.7578 10.3738 11.2728
9 -9.6542 -3.2592 -2.5872 -0.7262 8.6758 10.3018 11.3908
10 -9.6802 -3.3382 -2.5162 -0.6172 8.5908 10.2308 11.5158
11 -9.7082 -3.4192 -2.4372 -0.5032 8.5058 10.1608 11.6468
12 -9.7382 -3.5012 -2.3512 -0.3842 8.4208 10.0928 11.7828
13 -9.7702 -3.5832 -2.2582 -0.2622 8.3358 10.0258 11.9228
14 -9.8042 -3.6652 -2.1572 -0.1372 8.2518 9.9598 12.0658
15 -9.8402 -3.7472 -2.0512 -0.0092 8.1708 9.8948 12.2128
16 -9.8762 -3.8282 -1.9382 0.1208 8.0908 9.8318 12.3628
17 -9.9132 -3.9082 -1.8192 0.2528 8.0138 9.7698 12.5148
18 -9.9522 -3.9862 -1.6942 0.3858 7.9388 9.7098 12.6688
19 -9.9902 -4.0642 -1.5642 0.5198 7.8678 9.6498 12.8248
20 -10.0302 -4.1392 -1.4282 0.6548 7.7998 9.5918 12.9678
21 -10.0692 -4.2132 -1.2872 0.7908 7.7358 9.5338 13.0898
22 -10.1082 -4.2852 -1.1422 0.9268 7.6748 9.4768 13.2138
23 -10.1482 -4.3562 -0.9922 1.0628 7.6188 9.4218 13.3378
24 -10.1872 -4.4242 -0.8372 1.1988 7.5678 9.3658 13.4638
25 -10.2262 -4.4912 -0.6782 1.3338 7.5208 9.3118 13.5878
26 -10.2642 -4.5552 -0.5162 1.4678 7.4798 9.2568 13.6878
27 -10.3012 -4.6172 -0.3502 1.6008 7.4428 9.2028 13.5118
28 -10.3382 -4.6772 -0.1802 1.7318 7.4128 9.1488 13.2568
29 -10.3742 -4.7352 -0.0082 1.8608 7.3888 9.0938 13.0018
30 -10.4092 -4.7902 0.1678 1.9878 7.3708 9.0378 12.7488
31 -10.4432 -4.8442 0.3458 2.1108 7.3588 8.9808 12.4998
32 -10.4762 -4.8942 0.5268 2.2318 7.3548 8.9218 12.2558
33 -10.5072 -4.9432 0.7088 2.3478 7.3588 8.8608 12.0188
34 -10.5372 -4.9892 0.8928 2.4598 7.3698 8.7968 11.7888
35 -10.5662 -5.0332 1.0788 2.5678 7.3888 8.7298 11.5668
36 -10.5942 -5.0742 1.2648 2.6708 7.4158 8.6578 11.3538
37 -10.6202 -5.1132 1.4508 2.7678 7.4528 8.5808 11.1528
38 -10.6452 -5.1502 1.6378 2.8588 7.4968 8.4968 10.9628
39 -10.6682 -5.1842 1.8228 2.9438 7.5508 8.4078 10.7868
40 -10.6902 -5.2162 2.0058 3.0228 7.6138 8.3108 10.6258
41 -10.7102 -5.2452 2.1868 3.0958 7.6838 8.2078 10.4798
42 -10.7282 -5.2712 2.3638 3.1618 7.7638 8.0978 10.3498
43 -10.7452 -5.2962 2.5358 3.2208 7.8508 7.9838 10.2358
44 -10.7602 -5.3172 2.7008 3.2728 7.8668 7.9448 10.1368
45 -10.7732 -5.3362 2.8568 3.3188 7.7508 8.0448 10.0528
46 -10.7842 -5.3532 3.0008 3.3588 7.6368 8.1488 9.9828
47 -10.7942 -5.3672 3.1318 3.3918 7.5308 8.2548 9.9258
48 -10.8022 -5.3782 3.2458 3.4188 7.4358 8.3598 9.8798
49 -10.8082 -5.3872 3.3388 3.4398 7.3558 8.4588 9.8458
50 -10.8132 -5.3942 3.4078 3.4538 7.2958 8.5428 9.8218
51 -10.8162 -5.3972 3.4518 3.4628 7.2578 8.6018 9.8078
52 -10.8162 -5.3992 3.4658 3.4658 7.2448 8.6228 9.8028
53 -10.8202 -5.3932 3.4668 3.4668 7.2448 8.6248 9.8048
54 -10.8312 -5.3752 3.4688 3.4688 7.2438 8.6318 9.8078
55 -10.8482 -5.3452 3.4728 3.4728 7.2428 8.6428 9.8138
56 -10.8732 -5.3042 3.4778 3.4778 7.2408 8.6578 9.8218
57 -10.9032 -5.2512 3.4848 3.4848 7.2388 8.6768 9.8328
58 -10.9402 -5.1882 3.4928 3.4928 7.2368 8.7008 9.8458
59 -10.9822 -5.1152 3.5028 3.5028 7.2338 8.7288 9.8608
60 -11.0292 -5.0312 3.5138 3.5138 7.2318 8.7598 9.8788
61 -11.0812 -4.9382 3.5258 3.5258 7.2288 8.7958 9.8988
62 -11.1372 -4.8372 3.5398 3.5398 7.2268 8.8348 9.9208
63 -11.1972 -4.7262 3.5558 3.5558 7.2248 8.8768 9.9458
64 -11.2602 -4.6082 3.5728 3.5728 7.2238 8.9228 9.9728
65 -11.3252 -4.4832 3.5908 3.5908 7.2238 8.9718 10.0018
66 -11.3932 -4.3502 3.6098 3.6098 7.2238 9.0248 10.0328
67 -11.4632 -4.2112 3.6308 3.6308 7.2248 9.0798 10.0668
68 -11.5342 -4.0652 3.6528 3.6528 7.2268 9.1388 10.1028
69 -11.6062 -3.9142 3.6768 3.6768 7.2288 9.1998 10.1418
70 -11.6792 -3.7572 3.7018 3.7018 7.2328 9.2638 10.1818
71 -11.7532 -3.5952 3.7268 3.7268 7.2378 9.3308 10.2248
72 -11.8272 -3.4282 3.7548 3.7548 7.2448 9.4008 10.2698
73 -11.9012 -3.2572 3.7828 3.7828 7.2528 9.4728 10.3168
74 -11.9752 -3.0812 3.8118 3.8118 7.2618 9.5468 10.3658
75 -12.0492 -2.9002 3.8428 3.8428 7.2718 9.6248 10.4168
76 -12.1222 -2.7162 3.8738 3.8738 7.2838 9.7038 10.4708
77 -12.1952 -2.5282 3.9058 3.9058 7.2978 9.7858 10.5258
78 -12.2662 -2.3362 3.9398 3.9398 7.3128 9.8698 10.5828
79 -12.3372 -2.1412 3.9738 3.9738 7.3298 9.9568 10.6418
80 -12.4072 -1.9432 4.0088 4.0088 7.3478 10.0458 10.7018
81 -12.4762 -1.7412 4.0448 4.0448 7.3678 10.1358 10.7638
82 -12.5432 -1.5362 4.0808 4.0808 7.3898 10.2288 10.8278
83 -12.6092 -1.3292 4.1188 4.1188 7.4138 10.3238 10.8918
84 -12.6742 -1.1192 4.1558 4.1558 7.4388 10.4208 10.9578
85 -12.7372 -0.9062 4.1948 4.1948 7.4658 10.5188 11.0248
86 -12.7982 -0.6912 4.2328 4.2328 7.4958 10.6188 11.0918
87 -12.8582 -0.4742 4.2718 4.2718 7.5268 10.7198 11.1578
88 -12.9162 -0.2542 4.3118 4.3118 7.5598 10.8218 11.2238
89 -12.9732 -0.0332 4.3508 4.3508 7.5948 10.9248 11.2888
90 -13.0282 0.1898 4.3908 4.3908 7.6318 11.0248 11.3498
91 -13.0802 0.4148 4.4298 4.4298 7.6708 11.1188 11.4078
92 -13.1322 0.6408 4.4698 4.4698 7.7128 11.1878 11.4588
93 -13.1812 0.8688 4.5088 4.5088 7.7558 11.1788 11.4968
94 -13.2282 1.0968 4.5478 4.5478 7.8008 11.0808 11.5318
95 -13.2732 1.3268 4.5868 4.5868 7.8488 10.9508 11.5498
96 -13.3172 1.5568 4.6248 4.6248 7.8988 10.8128 11.5518
97 -13.3582 1.7868 4.6628 4.6628 7.9508 10.6718 11.5388
98 -13.3972 2.0168 4.6988 4.6988 8.0048 10.5298 11.5138
99 -13.4352 2.2468 4.7348 4.7348 8.0608 10.3888 11.4788
100 -13.4702 2.4758 4.7698 4.7698 8.1198 10.2478 11.4368
101 -13.5032 2.7028 4.8038 4.8038 8.1808 10.1088 11.3908
102 -13.5342 2.9278 4.8358 4.8358 8.2438 9.9698 11.3418
103 -13.5632 3.1508 4.8668 4.8668 8.3078 9.8328 11.2938
104 -13.5902 3.3708 4.8958 4.8958 8.3748 9.6968 11.2458
105 -13.6152 3.5848 4.9238 4.9238 8.4418 9.5638 11.1988
106 -13.6382 3.7938 4.9498 4.9498 8.5108 9.4328 11.1558
107 -13.6582 3.9958 4.9728 4.9728 8.5798 9.3068 11.1138
108 -13.6772 4.1888 4.9948 4.9948 8.6468 9.1858 11.0768
109 -13.6932 4.3708 5.0138 5.0138 8.7088 9.0758 11.0428
110 -13.7072 4.5398 5.0308 5.0308 8.7528 8.9878 11.0128
111 -13.7192 4.6918 5.0458 5.0458 8.7488 8.9548 10.9868
112 -13.7292 4.8238 5.0578 5.0578 8.6948 8.9788 10.9658
113 -13.7372 4.9318 5.0678 5.0678 8.6318 9.0178 10.9488
114 -13.7422 5.0128 5.0738 5.0738 8.5798 9.0538 10.9368
115 -13.7452 5.0628 5.0788 5.0788 8.5458 9.0778 10.9298
116 -13.7462 5.0798 5.0798 5.0798 8.5348 9.0868 10.9268
117 -13.7452 5.0698 5.0748 5.0748 8.5458 9.0778 10.9328
118 -13.7422 5.0388 5.0618 5.0618 8.5808 9.0528 10.9508
119 -13.7372 4.9878 5.0388 5.0388 8.6368 9.0128 10.9808
120 -13.7292 4.9198 5.0068 5.0068 8.7118 8.9608 11.0218
121 -13.7192 4.8368 4.9678 4.9678 8.8048 8.8978 11.0748
122 -13.7072 4.7398 4.9198 4.9198 8.8258 8.9128 11.1378
123 -13.6932 4.6318 4.8648 4.8648 8.7478 9.0328 11.2108
124 -13.6772 4.5138 4.8038 4.8038 8.6648 9.1638 11.2928
125 -13.6592 4.3878 4.7358 4.7358 8.5788 9.3018 11.3838
126 -13.6382 4.2558 4.6628 4.6628 8.4898 9.4458 11.4828
127 -13.6152 4.1178 4.5848 4.5848 8.3998 9.5918 11.5898
128 -13.5912 3.9758 4.5028 4.5028 8.3078 9.7348 11.7038
129 -13.5642 3.8298 4.4158 4.4158 8.2158 9.8698 11.5768
130 -13.5352 3.6818 4.3268 4.3268 8.1238 9.9848 11.4228
131 -13.5032 3.5298 4.2338 4.2338 8.0318 10.0618 11.3108
132 -13.4702 3.3768 4.1388 4.1388 7.9398 10.0798 11.2638
133 -13.4352 3.2218 4.0418 4.0418 7.8488 10.0268 11.2918
134 -13.3972 3.0648 3.9438 3.9438 7.7588 9.9148 11.3848
135 -13.3572 2.9068 3.8438 3.8438 7.6698 9.7638 11.5208
136 -13.3162 2.7488 3.7428 3.7428 7.5818 9.5918 11.6828
137 -13.2722 2.5888 3.6418 3.6418 7.4948 9.4078 11.8628
138 -13.2262 2.4278 3.5398 3.5398 7.4088 9.2178 12.0528
139 -13.1782 2.2668 3.4378 3.4378 7.3248 9.0248 12.2498
140 -13.1292 2.1048 3.3358 3.3358 7.2418 8.8318 12.4528
141 -13.0772 1.9428 3.2348 3.2348 7.1598 8.6388 12.6588
142 -13.0232 1.7798 3.1328 3.1328 7.0798 8.4478 12.8678
143 -12.9672 1.6158 3.0328 3.0328 7.0008 8.2598 13.0788
144 -12.9092 1.4518 2.9328 2.9328 6.9238 8.0738 13.2908
145 -12.8502 1.2878 2.8338 2.8338 6.8488 7.8908 13.5038
146 -12.7882 1.1228 2.7358 2.7358 6.7748 7.7108 13.7158
147 -12.7252 0.9578 2.6388 2.6388 6.7018 7.5358 13.9288
148 -12.6592 0.7928 2.5438 2.5438 6.6308 7.3638 14.1398
149 -12.5922 0.6278 2.4488 2.4488 6.5618 7.1948 14.3488
150 -12.5232 0.4618 2.3568 2.3568 6.4938 7.0308 14.5558
151 -12.4532 0.2958 2.2648 2.2648 6.4278 6.8718 14.7598
152 -12.3802 0.1298 2.1758 2.1758 6.3638 6.7158 14.9658
153 -12.3062 -0.0362 2.0878 2.0878 6.3008 6.5648 15.0728
154 -12.2312 -0.2022 2.0018 2.0018 6.2398 6.4178 15.1798
155 -12.1542 -0.3682 1.9168 1.9168 6.1808 6.2748 15.2848
156 -12.0752 -0.5342 1.8348 1.8348 6.1228 6.1368 15.3908
157 -11.9952 -0.6992 1.7538 1.7538 6.0038 6.0668 15.4958
158 -11.9132 -0.8642 1.6748 1.6748 5.8748 6.0128 15.6018
159 -11.8302 -1.0292 1.5988 1.5988 5.7498 5.9598 15.7088
160 -11.7462 -1.1932 1.5238 1.5238 5.6298 5.9088 15.8148
161 -11.6612 -1.3562 1.4518 1.4518 5.5138 5.8598 15.9228
162 -11.5752 -1.5182 1.3818 1.3818 5.4028 5.8118 16.0298
163 -11.4872 -1.6802 1.3128 1.3128 5.2958 5.7658 16.1388
164 -11.3992 -1.8402 1.2478 1.2478 5.1928 5.7218 16.2468
165 -11.3112 -1.9982 1.1838 1.1838 5.0948 5.6788 16.3558
166 -11.2212 -2.1552 1.1228 1.1228 5.0008 5.6378 16.4648
167 -11.1312 -2.3112 1.0638 1.0638 4.9118 5.5988 16.5738
168 -11.0412 -2.4642 1.0068 1.0068 4.8258 5.5608 16.6828
169 -10.9512 -2.6152 0.9528 0.9528 4.7448 5.5248 16.7918
170 -10.8612 -2.7632 0.9008 0.9008 4.6678 5.4908 16.8998
171 -10.7722 -2.9092 0.8508 0.8508 4.5948 5.4588 16.9388
172 -10.6832 -3.0512 0.8038 0.8038 4.5258 5.4278 16.9438
173 -10.5942 -3.1902 0.7588 0.7588 4.4608 5.3988 16.9488
174 -10.5082 -3.3262 0.7168 0.7168 4.3998 5.3708 16.9538
175 -10.4222 -3.4562 0.6768 0.6768 4.3428 5.3448 16.9588
176 -10.3392 -3.5832 0.6398 0.6398 4.2888 5.3208 16.9628
177 -10.2582 -3.7042 0.6058 0.6058 4.2398 5.2978 16.9678
178 -10.1792 -3.8202 0.5728 0.5728 4.1948 5.2778 16.9718
179 -10.1042 -3.9292 0.5438 0.5438 4.1528 5.2578 16.9758
180 -10.0332 -4.0322 0.5168 0.5168 4.1148 5.2408 16.9788
181 -9.9662 -4.1282 0.4918 0.4918 4.0798 5.2248 16.9818
182 -9.9042 -4.2152 0.4698 0.4698 4.0498 5.2108 16.9848
183 -9.8482 -4.2952 0.4508 0.4508 4.0228 5.1978 16.9878
184 -9.7972 -4.3652 0.4338 0.4338 3.9988 5.1878 16.9898
185 -9.7532 -4.4262 0.4188 0.4188 3.9798 5.1778 16.9918
186 -9.7172 -4.4762 0.4078 0.4078 3.9638 5.1708 16.9938
187 -9.6872 -4.5162 0.3988 0.3988 3.9508 5.1648 16.9948
188 -9.6662 -4.5452 0.3918 0.3918 3.9418 5.1608 16.9958
189 -9.6532 -4.5622 0.3878 0.3878 3.9368 5.1578 16.9968
190 -9.6492 -4.5682 0.3868 0.3868 3.9348 5.1578 16.9968
191 -9.6492 -4.5672 0.3808 0.3818 3.9428 5.1648 16.9918
192 -9.6482 -4.5632 0.3638 0.3668 3.9678 5.1878 16.9778
193 -9.6482 -4.5572 0.3358 0.3428 4.0078 5.2248 16.9528
194 -9.6462 -4.5482 0.2968 0.3098 4.0628 5.2758 16.9168
195 -9.6452 -4.5362 0.2478 0.2688 4.1318 5.3408 16.8678
196 -9.6432 -4.5222 0.1898 0.2208 4.2148 5.4178 16.8048
197 -9.6412 -4.5052 0.1238 0.1668 4.3098 5.5078 16.7258
198 -9.6382 -4.4862 0.0508 0.1088 4.4158 5.6078 16.6308
199 -9.6362 -4.4642 -0.0302 0.0468 4.5318 5.7178 16.5188
200 -9.6332 -4.4402 -0.1152 -0.0192 4.6578 5.8368 16.3908
201 -9.6302 -4.4132 -0.2062 -0.0862 4.7908 5.9648 16.2468
202 -9.6262 -4.3832 -0.3012 -0.1552 4.9328 6.1008 16.0898
203 -9.6222 -4.3512 -0.3992 -0.2242 5.0808 6.2428 15.9208
204 -9.6192 -4.3172 -0.5002 -0.2942 5.2358 6.3918 15.7408
205 -9.6152 -4.2802 -0.6032 -0.3632 5.3968 6.5468 15.5528
206 -9.6112 -4.2402 -0.7082 -0.4322 5.5628 6.7068 15.3578
207 -9.6072 -4.1982 -0.8152 -0.4992 5.7338 6.8718 15.1578
208 -9.6022 -4.1542 -0.9232 -0.5642 5.9088 7.0408 14.9518
209 -9.5982 -4.1072 -1.0312 -0.6282 6.0878 7.2148 14.7428
210 -9.5942 -4.0572 -1.1402 -0.6892 6.2708 7.3928 14.5298
211 -9.5902 -4.0062 -1.2482 -0.7482 6.4578 7.5738 14.2858
212 -9.5862 -3.9512 -1.3572 -0.8042 6.6468 7.7578 14.0358
213 -9.5822 -3.8952 -1.4652 -0.8572 6.8388 7.9448 13.7878
214 -9.5782 -3.8362 -1.5732 -0.9072 7.0328 8.1358 13.5398
215 -9.5742 -3.7742 -1.6802 -0.9552 7.2288 8.3288 13.2948
216 -9.5702 -3.7112 -1.7862 -0.9982 7.4258 8.5238 13.0528
217 -9.5672 -3.6452 -1.8912 -1.0392 7.6238 8.7218 12.8138
218 -9.5642 -3.5762 -1.9952 -1.0762 7.8208 8.9218 12.5788
219 -9.5612 -3.5062 -2.0982 -1.1092 8.0168 9.1238 12.3488
220 -9.5582 -3.4332 -2.1992 -1.1382 8.2088 9.3288 12.1268
221 -9.5562 -3.3582 -2.2992 -1.1642 8.3968 9.5338 11.9128
222 -9.5542 -3.2812 -2.3972 -1.1862 8.5758 9.7418 11.7118
223 -9.5522 -3.2012 -2.4942 -1.2042 8.7418 9.9518 11.5278
224 -9.5512 -3.1202 -2.5892 -1.2182 8.8888 10.1618 11.3678
225 -9.5502 -3.0362 -2.6822 -1.2282 9.0058 10.3748 11.2358
226 -9.5502 -2.9512 -2.7742 -1.2342 9.0838 10.5878 11.0188
227 -9.5492 -2.8632 -2.8632 -1.2362 9.1108 10.8028 10.8028
228 -9.5502 -2.9212 -2.8072 -1.2302 9.0948 10.6618 10.9458
229 -9.5522 -2.9762 -2.7552 -1.2142 9.0418 10.5348 11.0908
230 -9.5562 -3.0302 -2.7092 -1.1862 8.9528 10.4288 11.2358
231 -9.5602 -3.0812 -2.6702 -1.1442 8.8308 10.3438 11.3378
232 -9.5662 -3.1312 -2.6392 -1.0902 8.6808 10.2768 11.4358
233 -9.5722 -3.1782 -2.6142 -1.0232 8.5108 10.2228 11.5478
234 -9.5792 -3.2242 -2.5972 -0.9442 8.3248 10.1778 11.6698
235 -9.5862 -3.2672 -2.5862 -0.8542 8.1298 10.1398 11.8018
236 -9.5942 -3.3092 -2.5812 -0.7552 7.9288 10.1058 11.9428
237 -9.6022 -3.3482 -2.5802 -0.6472 7.7238 10.0748 12.0898
238 -9.6102 -3.3852 -2.5822 -0.5312 7.5168 10.0468 12.2428
239 -9.6192 -3.4212 -2.5882 -0.4102 7.3098 10.0208 12.4008
240 -9.6272 -3.4542 -2.5952 -0.2852 7.1048 9.9968 12.5628
241 -9.6352 -3.4852 -2.6042 -0.1552 6.9018 9.9738 12.7298
242 -9.6432 -3.5142 -2.6132 -0.0242 6.7018 9.9528 12.8988
243 -9.6502 -3.5402 -2.6232 0.1088 6.5068 9.9338 13.0718
244 -9.6572 -3.5652 -2.6332 0.2408 6.3168 9.9158 13.2478
245 -9.6642 -3.5882 -2.6432 0.3718 6.1338 9.8988 13.4248
246 -9.6702 -3.6082 -2.6532 0.5008 5.9588 9.8838 13.6048
247 -9.6762 -3.6262 -2.6622 0.6238 5.7938 9.8708 13.7868
248 -9.6812 -3.6422 -2.6702 0.7418 5.6398 9.8588 13.9698
249 -9.6862 -3.6562 -2.6782 0.8508 5.4998 9.8488 14.1538
250 -9.6902 -3.6682 -2.6842 0.9488 5.3748 9.8398 14.3378
251 -9.6932 -3.6782 -2.6892 1.0348 5.2678 9.8328 14.5088
252 -9.6962 -3.6862 -2.6942 1.1048 5.1818 9.8268 14.6658
253 -9.6972 -3.6912 -2.6972 1.1568 5.1178 9.8228 14.8178
254 -9.6992 -3.6942 -2.6992 1.1888 5.0788 9.8208 14.9528
255 -9.6992 -3.6952 -2.6992 1.1988 5.0648 9.8198 15.0198
