1 -8.695039000000001 -8.695018999999998 -3.4359390000000003 -3.435829 4.690491 4.690631 5.322171 5.322611 12.024611 12.025441 14.810510999999998 14.810541 21.597001000000002 21.598821 25.632491 25.633821 28.732621 28.732791000000002
2 -8.754839 -8.635249000000002 -3.4780490000000004 -3.391159 4.6230009999999995 4.744721 5.278321 5.3829709999999995 11.880400999999999 12.155511 14.675611 14.961811 21.437301 21.753951 25.362851 25.893491 28.621011 28.855251
3 -8.814559 -8.575599 -3.5175090000000004 -3.3440190000000003 4.5479709999999995 4.776930999999999 5.2594009999999995 5.454021 11.722731 12.271291000000002 14.556280999999998 15.129681000000001 21.272111000000002 21.905501 25.088031 26.135231 28.528231 28.983811
4 -8.874079000000002 -8.516219 -3.554099 -3.294639 4.468851 4.780561 5.272341 5.531981 11.553571 12.372340999999999 14.451321 15.313761 21.102431 22.052711000000002 24.812181 26.345071 28.467221000000002 29.115591000000002
5 -8.933309000000001 -8.457229000000002 -3.587649 -3.2431590000000003 4.387541 4.7579009999999995 5.314931 5.614791 11.374751 12.459150999999999 14.359251 15.513091 20.928461000000002 22.195731000000002 24.537651 26.504781 28.455801 29.249031000000002
6 -8.992149000000001 -8.398769000000001 -3.618009 -3.189719 4.305101 4.717810999999999 5.378361 5.701161 11.188201 12.532611 14.278451 15.726291 20.750521 22.334811000000002 24.265981 26.595961 28.512131 29.383401
7 -9.050529000000001 -8.340979 -3.645009 -3.134469 4.222181 4.668371 5.454571 5.790171 10.995930999999999 12.593781 14.207341 15.951560999999998 20.569121 22.470141 23.998371000000002 26.610481 28.644101 29.518441
8 -9.108349 -8.283999000000001 -3.6684790000000005 -3.0775490000000003 4.139161 4.614650999999999 5.538561 5.881050999999999 10.799871 12.643871 14.144441 16.186781 20.385011000000002 22.601921 23.735741 26.556171 28.843821000000002 29.654231
9 -9.165548999999999 -8.227989 -3.6882590000000004 -3.0191090000000003 4.056291 4.559451 5.627511 5.973131 10.601901 12.684041 14.088451 16.429531 20.199241 22.730301 23.478871 26.449441 29.094871 29.791111
10 -9.222049000000002 -8.173089000000001 -3.7041890000000004 -2.959289 3.973721 4.504391 5.719841 6.065690999999999 10.403811000000001 12.715411 14.038221 16.676901 20.013321 22.855371 23.228551 26.305961 29.381771 29.929571
11 -9.277788999999999 -8.119449 -3.716089 -2.8982290000000006 3.8915409999999997 4.450411 5.814601 6.157901 10.207391 12.738951 13.992801 16.925271 19.829491 22.977051 22.985621000000002 26.137231 29.693351 30.070221
12 -9.332688999999998 -8.067219000000001 -3.7238190000000007 -2.8360890000000003 3.8098009999999998 4.398130999999999 5.911191 6.248780999999999 10.014501 12.755520999999998 13.951381000000001 17.169601 19.651271 22.751171 23.095071 25.951211 30.022231 30.213751000000002
13 -9.386728999999999 -8.016549000000001 -3.727209 -2.773009 3.7285109999999997 4.347911 6.009221 6.337101 9.827051 12.765871 13.913301 17.402411 19.484381 22.526561 23.208801 25.753651 30.360921 30.363681
14 -9.439829 -7.967579 -3.726139 -2.7091190000000003 3.647661 4.300051 6.108390999999999 6.421291 9.647281 12.770630999999998 13.878031 17.611581 19.338671 22.313811 23.316961 25.549391 30.512541000000002 30.714421
15 -9.491949000000002 -7.920439000000001 -3.720459 -2.6445790000000002 3.567211 4.254751 6.208470999999999 6.499340999999999 9.477771 12.770311 13.845120999999999 17.777571 19.230531 22.115891 23.417171 25.343441000000002 30.669441 31.072181
16 -9.543049 -7.875239 -3.7100490000000006 -2.5795390000000005 3.4871109999999996 4.2121509999999995 6.309260999999999 6.568690999999999 9.321541 12.765381000000001 13.814231 17.874121 19.181711 21.937201 23.504941000000002 25.142281 30.832451 31.435271
17 -9.593079 -7.832109 -3.694819 -2.514139 3.407301 4.172381 6.410601 6.626201 9.182191 12.756201 13.785060999999999 17.882811 19.203881 21.784401 23.572011 24.955811 31.002431 31.802321
18 -9.641999000000002 -7.791129000000001 -3.6746690000000006 -2.4485590000000004 3.3276909999999997 4.135541 6.512311 6.668181 9.063791 12.743101 13.757401000000002 17.812291 19.278681 21.667161 23.604031 24.799741 31.180251000000002 32.172171
19 -9.689779000000001 -7.752379 -3.6495490000000004 -2.382929 3.2481609999999996 4.101700999999999 6.614250999999999 6.690780999999999 8.970551 12.726371 13.731071 17.688771 19.367091 21.598261 23.581271 24.694971 31.366751 32.543861
20 -9.736379 -7.715919 -3.6193990000000005 -2.3174090000000005 3.168601 4.070931 6.690621 6.716260999999999 8.906181 12.706250999999998 13.705911 17.535080999999998 19.432681 21.591211 23.490041 24.656221000000002 31.562791 32.916461
21 -9.781779 -7.681769 -3.5842090000000004 -2.252159 3.0888709999999997 4.043271 6.665671 6.818161 8.873011 12.682991000000001 13.681840999999999 17.365301 19.452961 21.654391 23.336461 24.678251 31.769161 33.289111
22 -9.825949000000001 -7.649969 -3.543979 -2.1873390000000006 3.0088109999999997 4.018771 6.615990999999999 6.919771 8.871300999999999 12.656811000000001 13.658750999999999 17.187421 19.422151 21.785471 23.139341 24.743051 31.986641000000002 33.660951
23 -9.868849 -7.620499 -3.4987390000000005 -2.1231090000000004 2.928261 3.997461 6.543751 7.020891 8.899141 12.627960999999999 13.636581 17.006101 19.347151 21.972751000000002 22.915421000000002 24.834611000000002 32.215961 34.031141
24 -9.910468999999999 -7.593349000000001 -3.4485390000000002 -2.059629 2.847041 3.979361 6.452591 7.121301 8.953151 12.596681 13.615300999999999 16.824181 19.239651 22.201481 22.675321 24.942931 32.457751 34.398861
25 -9.950779 -7.568459 -3.3934690000000005 -1.9970590000000001 2.764941 3.964461 6.346811 7.220770999999999 9.029301 12.563261 13.594860999999998 16.643551 19.110440999999998 22.425261 22.458761 25.062301 32.712581 34.763241
26 -9.989759 -7.545769000000001 -3.333609 -1.935549 2.681771 3.952771 6.230511 7.319031 9.123721 12.528001 13.575240999999998 16.465450999999998 18.967651 22.168981000000002 22.734891 25.189461 32.980900999999996 35.123471
27 -10.027389 -7.525208999999999 -3.2690790000000005 -1.8752589999999998 2.597301 3.944261 6.107310999999999 7.415811 9.233021 12.491261000000002 13.556431 16.290751 18.816921 21.908821 23.022981 25.322411 33.263031 35.478691
28 -10.063659000000001 -7.506679000000001 -3.200019 -1.8163490000000007 2.5113209999999997 3.938881 5.980200999999999 7.510790999999999 9.354420999999999 12.453481 13.538421 16.120081 18.662151 21.646411 23.318081 25.459821 33.559091 35.828041
29 -10.098549000000002 -7.490089 -3.126589 -1.758959 2.423621 3.9366009999999996 5.851591 7.603611 9.485691 12.415130999999999 13.521201000000001 15.953831000000001 18.506061 21.382921 23.616591 25.600751 33.869021 36.170651
30 -10.132038999999999 -7.475309 -3.0489490000000004 -1.703239 2.3339909999999997 3.937321 5.723371 7.693921 9.625071 12.376771000000002 13.504781000000001 15.792241 18.350591 21.119261 23.915781 25.744411 34.192510999999996 36.505641
31 -10.164119 -7.462238999999999 -2.9672990000000006 -1.6493190000000002 2.242241 3.9409609999999997 5.597071 7.781301 9.771151 12.339011 13.489170999999999 15.635411000000001 18.197211 20.856171 24.213521 25.890131 34.529001 36.832150999999996
32 -10.194769 -7.450749000000001 -2.8818390000000003 -1.5973290000000002 2.148231 3.9474009999999997 5.473901 7.865341 9.922751 12.302571 13.474371000000001 15.483350999999999 18.047041 20.594321 24.508021 26.037251 34.877570999999996 37.149311
33 -10.223989 -7.4407190000000005 -2.792769 -1.5473990000000004 2.051811 3.9564809999999997 5.354791 7.945601 10.078941 12.268180999999998 13.460401000000001 15.335911 17.900980999999998 20.334241000000002 24.797901 26.185151 35.237121 37.456311
34 -10.251769 -7.432009 -2.700309 -1.4996290000000005 1.9528909999999997 3.968041 5.240520999999999 8.021621 10.238851 12.236650999999998 13.447251000000001 15.192900999999999 17.759781 20.076521 25.081861 26.333141 35.606080999999996 37.752311
35 -10.278089000000001 -7.424519000000001 -2.6047090000000006 -1.4541190000000004 1.8514609999999998 3.981871 5.131671 8.092981 10.401691 12.208831 13.434971 15.054091 17.624091 19.821711 25.358791 26.480521 35.982580999999996 38.036521
36 -10.302938999999999 -7.418119 -2.5062290000000003 -1.4109690000000006 1.7475309999999997 3.9977609999999997 5.0287109999999995 8.159261 10.566711 12.185541 13.423551 14.919180999999998 17.494471 19.570361 25.627691000000002 26.626521 36.364380999999995 38.308170999999994
37 -10.326329000000001 -7.412699000000001 -2.405139 -1.3702490000000003 1.6412109999999998 4.0154309999999995 4.931971 8.220071 10.733151 12.167590999999998 13.413041 14.787861 17.371391 19.323081 25.887601 26.770351 36.748901 38.566540999999994
38 -10.348229 -7.408149000000001 -2.301749 -1.332039 1.5326709999999997 4.034591 4.841691 8.275131 10.900241 12.155731 13.403451 14.659841 17.255261 19.080521 26.137601 26.911171 37.133241 38.810950999999996
39 -10.368649000000001 -7.404359 -2.196409 -1.2963890000000005 1.4221809999999997 4.054931 4.758020999999999 8.324221 11.067081 12.150590999999999 13.394811 14.534870999999999 17.146471 18.843441 26.376761000000002 27.048061 37.514151 39.040771
40 -10.387569 -7.401229 -2.089479 -1.2633390000000002 1.3100709999999998 4.076111 4.681020999999999 8.367261 11.232761 12.152660999999998 13.387180999999998 14.412731 17.045261 18.612631 26.604211 27.180131 37.888231 39.255471
41 -10.404999 -7.398689 -1.9814189999999998 -1.2329189999999999 1.1968009999999998 4.097741 4.610701 8.404281000000001 11.396161 12.162251000000001 13.380600999999999 14.293330999999998 16.951901 18.389101 26.818961 27.306411 38.251780999999994 39.454511
42 -10.420929000000001 -7.3966389999999995 -1.872769 -1.205159 1.082951 4.119431 4.547021 8.435461 11.556011 12.179441 13.375131 14.176690999999998 16.866561 18.174001 27.020041 27.425931000000002 38.600991 39.637451
43 -10.435348999999999 -7.395009000000001 -1.764189 -1.1800690000000005 0.969271 4.140781 4.489910999999999 8.461120999999999 11.710840999999999 12.204070999999999 13.370840999999999 14.062971000000001 16.789351 17.968701 27.206421000000002 27.537731 38.931971 39.803900999999996
44 -10.448269 -7.3937289999999996 -1.656529 -1.1576490000000002 0.856671 4.161360999999999 4.439271 8.481711 11.858910999999999 12.235671 13.367791 13.952561 16.720361 17.774801 27.377061 27.640841 39.240860999999995 39.953531
45 -10.459669000000002 -7.392748999999999 -1.5508890000000006 -1.1379090000000005 0.7463409999999997 4.1807609999999995 4.394971 8.497771 11.998211000000001 12.273440999999998 13.366041 13.846091000000001 16.659610999999998 17.594231 27.530881 27.734351 39.523871 40.086071
46 -10.469549 -7.391999000000001 -1.4487290000000002 -1.1208290000000005 0.6398809999999999 4.198561 4.356901 8.509920999999999 12.126441 12.316171 13.365611000000001 13.744540999999998 16.607101 17.429221 27.666841 27.817381 39.777381 40.201291
47 -10.477919 -7.391439000000001 -1.3520390000000004 -1.1064090000000002 0.5393409999999998 4.214391 4.324921 8.518801 12.241111 12.362171 13.366440999999998 13.649370999999999 16.562791 17.282301 27.783921 27.889141000000002 39.998121 40.299031
48 -10.484769 -7.391039 -1.2635190000000005 -1.094639 0.44754099999999974 4.227881 4.298931 8.525051 12.339561 12.409011 13.368331000000001 13.562731 16.526641 17.156281 27.881191 27.948901 40.183080999999994 40.379160999999996
49 -10.490099 -7.390759 -1.1867990000000006 -1.085489 0.3681709999999998 4.238721 4.278831 8.529231 12.419231 12.453391 13.370891 13.487680999999998 16.498601 17.054121 27.957781 27.996051 40.329721 40.441570999999996
50 -10.493898999999999 -7.390569 -1.1264090000000007 -1.0789689999999998 0.3058409999999996 4.246661 4.264531 8.531841 12.477861 12.490960999999999 13.373511 13.428370999999999 16.478611 16.978631 28.013031 28.030091000000002 40.435981 40.486191
51 -10.496189000000001 -7.390469 -1.087339 -1.075069 0.2655909999999997 4.251500999999999 4.255971 8.533251 12.513731 12.516621 13.375491 13.389731000000001 16.466641 16.932251 28.046391 28.050661 40.500350999999995 40.512971
52 -10.496949 -7.390439 -1.073759 -1.073759 0.2516109999999996 4.253121 4.253131 8.533701 12.525801000000001 12.525801000000001 13.376231 13.376231 16.462651 16.916591 28.057541 28.057541 40.521910999999996 40.521910999999996
53 -10.499448999999998 -7.386489 -1.0732990000000004 -1.0732990000000004 0.25253099999999984 4.2533009999999996 4.2533009999999996 8.532281 12.489901 12.489930999999999 13.415211 13.415230999999999 16.354931 17.029721 28.040321000000002 28.040431 40.537971 40.538200999999994
54 -10.506929 -7.374699000000001 -1.071929 -1.071929 0.2552709999999996 4.253831 4.253831 8.528030999999999 12.397110999999999 12.397161 13.517261000000001 13.517301 16.152101 17.248811 27.989211 27.989431 40.585901 40.586341
55 -10.519248999999999 -7.355169000000001 -1.069629 -1.069629 0.25984099999999977 4.254701 4.254701 8.520881 12.272511000000002 12.272571 13.657301 13.657350999999998 15.931891 17.496171 27.905581 27.905891 40.664190999999995 40.664840999999996
56 -10.536228999999999 -7.328119 -1.0664189999999998 -1.0664189999999998 0.2662209999999998 4.255871 4.255881 8.510750999999999 12.132651 12.132721 13.818711 13.818781000000001 15.710201000000001 17.756011 27.791571 27.791971 40.770481 40.771341
57 -10.557618999999999 -7.293779 -1.0622990000000003 -1.0622990000000003 0.2744009999999997 4.257341 4.257341 8.497520999999999 11.986061 11.986141 13.992930999999999 13.993001 15.491371000000001 18.024151 27.649881 27.650371 40.901771 40.902820999999996
58 -10.583109 -7.2524690000000005 -1.0572590000000002 -1.0572590000000002 0.28436099999999964 4.259041 4.2590509999999995 8.481031 11.837121 11.837211 14.175470999999998 14.175550999999999 15.277151 18.298991 27.483721 27.484281 41.054531 41.055761
59 -10.612359000000001 -7.204529 -1.0513089999999998 -1.0513089999999998 0.296071 4.260941 4.2609509999999995 8.461101 11.688251000000001 11.688351 14.363800999999999 14.363890999999999 15.068501000000001 18.579791 27.296531 27.297161 41.224940999999994 41.226330999999995
60 -10.645019000000001 -7.150309000000001 -1.0444589999999998 -1.0444490000000002 0.30951099999999965 4.262981 4.262981 8.437511 11.540811 11.540921 14.556411 14.556511 14.865960999999999 18.866281 27.091811 27.092491 41.409130999999995 41.410681
61 -10.680738999999999 -7.090179 -1.0366990000000005 -1.036689 0.32464099999999974 4.2650809999999995 4.2650809999999995 8.410031 11.395721 11.395851 14.670030999999998 14.752181 14.752291 19.158231 26.873101000000002 26.873831 41.603221 41.604921
62 -10.719128999999999 -7.024519000000001 -1.0280390000000006 -1.028029 0.3414309999999996 4.267170999999999 4.267170999999999 8.378401 11.253620999999999 11.253761 14.481110999999999 14.950201 14.950320999999999 19.455511 26.643871 26.644631 41.803501 41.805321
63 -10.759858999999999 -6.953679 -1.0184790000000001 -1.0184790000000001 0.35984099999999986 4.2691609999999995 4.2691609999999995 8.342321 11.114920999999999 11.115071 14.299541000000001 15.149740999999999 15.149871000000001 19.758181 26.407341000000002 26.408141 42.006541 42.008480999999996
64 -10.802589000000001 -6.877999 -1.0080290000000005 -1.0080290000000005 0.37982099999999974 4.270961 4.270961 8.301531 10.980001 10.980151 14.125671 15.349991 15.350131000000001 20.066181 26.166711 26.167541 42.209151 42.211200999999996
65 -10.846979000000001 -6.797809 -0.9966889999999999 -0.9966889999999999 0.4013209999999998 4.272461 4.272461 8.255731 10.849160999999999 10.849321 13.959841 15.550080999999999 15.550231 20.379531 25.925001 25.925851 42.408471 42.410610999999996
66 -10.892769000000001 -6.7134089999999995 -0.9844689999999998 -0.9844689999999998 0.42429099999999975 4.273550999999999 4.273550999999999 8.204640999999999 10.722611 10.722791 13.802321 15.749140999999998 15.749300999999999 20.698341 25.685071 25.685941 42.602021 42.604251
67 -10.939679000000002 -6.625079 -0.9713790000000007 -0.9713790000000007 0.4486509999999999 4.2741109999999995 4.2741109999999995 8.147991000000001 10.600611 10.600801 13.653381 15.946071 15.946251 21.022651 25.449771000000002 25.450671 42.787640999999994 42.789941
68 -10.987439000000002 -6.533079 -0.9574090000000002 -0.9574090000000002 0.4743609999999996 4.274011 4.274011 8.085550999999999 10.483371 10.483561 13.513290999999999 16.139611 16.139791 21.352511 25.221951 25.222871 42.963460999999995 42.965830999999994
69 -11.035848999999999 -6.437629 -0.9425790000000003 -0.9425790000000003 0.501331 4.273130999999999 4.273130999999999 8.017121 10.371041 10.371251 13.382190999999999 16.328321 16.328521 21.688091 25.004411 25.005341 43.128031 43.130461
70 -11.084689000000001 -6.338969 -0.9268990000000006 -0.9268990000000006 0.5294909999999997 4.271311 4.2713209999999995 7.942540999999999 10.263811 10.264031 13.260231000000001 16.510471 16.510680999999998 22.029451 24.800101 24.801041 43.280151 43.282630999999995
71 -11.133779 -6.237289 -0.9103690000000002 -0.9103590000000006 0.5587609999999996 4.268431 4.268441 7.861721 10.161871 10.162101 13.147490999999999 16.684041 16.684261 22.376691 24.612101 24.613061000000002 43.418901 43.421431
72 -11.182949 -6.132749 -0.892989 -0.892989 0.5890609999999996 4.264341 4.264351 7.774630999999999 10.065351 10.065591 13.043961 16.846791 16.847031 22.729991000000002 24.443591 24.444561 43.543701 43.546260999999994
73 -11.232049 -6.025519 -0.8747889999999998 -0.8747889999999998 0.6202809999999999 4.2589109999999994 4.2589109999999994 7.6813009999999995 9.974401 9.974651 12.949570999999999 16.996161 16.996411 23.089441 24.297941 24.298931 43.654140999999996 43.656741
74 -11.280949 -5.915759 -0.8557690000000004 -0.8557690000000004 0.6523309999999998 4.251990999999999 4.251990999999999 7.581841 9.889161 9.889420999999999 12.864211000000001 17.129381 17.129651 23.455141 24.178631 24.179641 43.750080999999994 43.752700999999995
75 -11.329519000000001 -5.803589 -0.8359390000000007 -0.8359390000000007 0.6851209999999996 4.243450999999999 4.243450999999999 7.476400999999999 9.809750999999999 9.810020999999999 12.787641 17.243691 17.243980999999998 23.827301000000002 24.089081 24.090101 43.831581 43.834221
76 -11.377669000000001 -5.689139 -0.8153190000000006 -0.8153190000000006 0.7185109999999999 4.233171 4.233171 7.365221 9.736270999999999 9.736550999999999 12.719621 17.336371 17.336661 24.032551 24.033581 24.206001 43.898851 43.901500999999996
77 -11.425269 -5.572519000000001 -0.7939189999999998 -0.7939189999999998 0.7524009999999999 4.221031 4.221041 7.248590999999999 9.668831 9.669121 12.659811000000001 17.405071 17.405371 24.011861 24.012911 24.591371000000002 43.952251 43.954910999999996
78 -11.472259000000001 -5.453838999999999 -0.7717590000000003 -0.7717590000000003 0.7866609999999996 4.206951 4.206961 7.126841 9.607501 9.607800999999998 12.607861 17.448051 17.448381 24.029181 24.030241 24.983471 43.992270999999995 43.994941
79 -11.518549 -5.333179 -0.7488590000000004 -0.7488489999999999 0.8211709999999997 4.190830999999999 4.190841 7.000330999999999 9.552330999999999 9.552641 12.563361 17.464431 17.464761 24.085811 24.086871000000002 25.382491 44.019510999999994 44.022180999999996
80 -11.564069 -5.210629 -0.7252290000000006 -0.7252190000000001 0.8557709999999998 4.172601 4.172611 6.869441 9.503371 9.503691 12.525870999999999 17.454221 17.454560999999998 24.182051 24.183111 25.788471 44.034611 44.037281
81 -11.608749 -5.086289 -0.7008990000000006 -0.7008990000000006 0.8903309999999998 4.152241 4.152251 6.734631 9.460640999999999 9.460961000000001 12.494951 17.418361 17.418711 24.317231 24.318301 26.201421 44.038281 44.040951
82 -11.652539 -4.960209 -0.6758890000000006 -0.6758890000000006 0.9246909999999997 4.1297109999999995 4.129721 6.596271 9.424131 9.424451 12.470151000000001 17.358560999999998 17.358911 24.489951 24.491021 26.621471 44.031261 44.033921
83 -11.695388999999999 -4.832469000000001 -0.650239 -0.6502290000000004 0.9586809999999999 4.105011 4.105021 6.454821 9.393811 9.394141 12.451001000000002 17.277081 17.277431 24.698141 24.699211000000002 27.048571 44.014291 44.016931
84 -11.737238999999999 -4.703149000000001 -0.6239690000000007 -0.6239590000000002 0.9921309999999997 4.078170999999999 4.078181 6.310731 9.369631 9.369971 12.437081 17.176481 17.176831 24.939401 24.940471000000002 27.482621 43.988101 43.990741
85 -11.778058999999999 -4.5722890000000005 -0.5971090000000006 -0.5971090000000006 1.024851 4.049231 4.049251 6.164381 9.351541000000001 9.351880999999999 12.427921000000001 17.059391 17.059741 25.211291 25.212361 27.923631 43.953421 43.956030999999996
86 -11.817809 -4.439959000000001 -0.569699 -0.569699 1.056641 4.018281 4.018291 6.016230999999999 9.339421 9.339770999999999 12.423110999999999 16.928371 16.928721 25.511331000000002 25.512411 28.371401000000002 43.910911 43.913511
87 -11.856449000000001 -4.306239000000001 -0.5417990000000001 -0.5417890000000005 1.0872909999999996 3.985401 3.9854109999999996 5.866721 9.333191 9.333541 12.422241 16.785830999999998 16.786181 25.837181 25.838261 28.825651 43.861211 43.863800999999995
88 -11.893949 -4.171139 -0.5134189999999998 -0.5134189999999998 1.1165809999999996 3.9507009999999996 3.9507109999999996 5.716231 9.332701 9.333051000000001 12.424910999999998 16.633861 16.634211 26.186781 26.187871 29.286191000000002 43.804891 43.807451
89 -11.930289000000002 -4.034749000000001 -0.4846390000000005 -0.484629 1.1442509999999997 3.9143209999999997 3.914341 5.565201 9.337821 9.338170999999999 12.430741000000001 16.474361 16.474721 26.558181 26.559281000000002 29.752581 43.742450999999996 43.744991
90 -11.965439 -3.8971290000000005 -0.45549900000000054 -0.45548900000000003 1.1700409999999999 3.8764309999999997 3.876451 5.414061 9.348381 9.348731 12.439391 16.309010999999998 16.309361 26.949611 26.950711000000002 30.224281 43.674321 43.676840999999996
91 -11.999379000000001 -3.7583090000000006 -0.4260489999999999 -0.4260489999999999 1.1936609999999996 3.8371809999999997 3.837201 5.263221 9.364221 9.364571 12.450501 16.139171 16.139521 27.359571 27.360681 30.700811 43.600840999999996 43.603341
92 -12.032089 -3.6183490000000003 -0.3963790000000005 -0.39636899999999997 1.214791 3.7967709999999997 3.7967809999999997 5.113141 9.385151 9.385501 12.463771000000001 15.966080999999999 15.966431 27.786571000000002 27.787701000000002 31.181381000000002 43.522281 43.524750999999995
93 -12.063538999999999 -3.477329 -0.3665390000000004 -0.3665390000000004 1.2330809999999999 3.755391 3.755401 4.964301 9.410971 9.411321000000001 12.478860999999998 15.790821000000001 15.791170999999999 28.229191 28.230341 31.665091 43.438831 43.441271
94 -12.093729 -3.335279 -0.3366189999999998 -0.33660900000000016 1.2481609999999996 3.7132409999999996 3.7132609999999997 4.817131 9.441500999999999 9.441841 12.495511 15.614260999999999 15.614611 28.686221 28.687381000000002 32.151061 43.350541 43.352961
95 -12.122639 -3.192259 -0.30668900000000043 -0.30667900000000037 1.259601 3.6705409999999996 3.6705609999999997 4.672191 9.476521 9.476851 12.513421000000001 15.437231 15.437570999999998 29.156301 29.157481 32.638061 43.257411 43.259811
96 -12.150248999999999 -3.0483590000000005 -0.2768390000000003 -0.2768390000000003 1.2669309999999996 3.627531 3.627551 4.530031 9.515801 9.516131 12.532321 15.260461 15.260791000000001 29.638051 29.639251 33.124721 43.159361 43.161721
97 -12.176569 -2.903619 -0.24717900000000004 -0.24717900000000004 1.2696609999999997 3.584421 3.584441 4.391221 9.559121000000001 9.559441 12.551981000000001 15.084541000000002 15.084861 30.130231000000002 30.131451000000002 33.609671 43.056141 43.058471
98 -12.201559 -2.7581290000000003 -0.21780900000000036 -0.2177990000000003 1.2672309999999998 3.541461 3.5414709999999996 4.256411 9.606241 9.606551 12.572150999999998 14.910091000000001 14.910401 30.631351000000002 30.632601 34.091170999999996 42.947461 42.949780999999994
99 -12.225239000000002 -2.611969 -0.1888390000000002 -0.18882900000000014 1.259051 3.498881 3.4989009999999996 4.126271 9.656880999999998 9.657181 12.592600999999998 14.737680999999998 14.737970999999998 31.139861 31.141131 34.567321 42.832950999999994 42.835240999999996
100 -12.247579000000002 -2.465199 -0.16037900000000027 -0.16037900000000027 1.2445109999999997 3.456921 3.4569409999999996 4.001491 9.710791 9.711081 12.613101 14.567801 14.568090999999999 31.654281 31.655581 35.036201 42.712081 42.714341
101 -12.268588999999999 -2.317939 -0.13257900000000022 -0.13256900000000016 1.2229709999999998 3.415831 3.415841 3.8828009999999997 9.767651 9.767921 12.633461 14.401011 14.401281 32.172851 32.174171 35.495571 42.584281 42.586510999999994
102 -12.288259 -2.170299 -0.10554900000000034 -0.10554900000000034 1.193851 3.3758609999999996 3.3758709999999996 3.770921 9.827110999999999 9.827361 12.653481 14.237860999999999 14.238121 32.693721 32.695071 35.943031 42.448881 42.451091
103 -12.306588999999999 -2.022379 -0.07943900000000026 -0.07943900000000026 1.156561 3.3372409999999997 3.3372509999999997 3.666501 9.888781 9.889021 12.672971 14.078890999999999 14.079131 33.215111 33.216491 36.376171 42.305091 42.307271
104 -12.323559 -1.8743290000000004 -0.054399000000000086 -0.054399000000000086 1.110671 3.3002209999999996 3.3002409999999998 3.5701409999999996 9.952221 9.952441 12.691751 13.924710999999999 13.924931 33.734991 33.736391 36.792341 42.152080999999995 42.154230999999996
105 -12.339189000000001 -1.7263090000000005 -0.03058900000000042 -0.030579000000000356 1.0558509999999997 3.2650509999999997 3.265071 3.4822909999999996 10.016901 10.017101 12.709671 13.776001 13.776211 34.251301 34.252741 37.188851 41.988951 41.991071
106 -12.353459 -1.5785290000000005 -0.00813900000000034 -0.00813900000000034 0.9920109999999998 3.2319709999999997 3.2319809999999998 3.403281 10.082191 10.082371 12.726561 13.633541000000001 13.633721000000001 34.761891 34.763360999999996 37.562901 41.814771 41.816871
107 -12.366368999999999 -1.4311790000000002 0.012770999999999866 0.012780999999999931 0.9192209999999998 3.2012009999999997 3.201211 3.333201 10.147351 10.147511 12.742280999999998 13.498161 13.498311000000001 35.264761 35.266261 37.911811 41.628521 41.630581
108 -12.377928999999998 -1.284579 0.03201099999999979 0.03201099999999979 0.8378409999999996 3.1729709999999995 3.1729709999999995 3.272001 10.211501 10.211641 12.756720999999999 13.370871000000001 13.371001 35.757711 35.759240999999996 38.232831 41.429241 41.431270999999995
109 -12.388129 -1.1391290000000005 0.049400999999999584 0.049400999999999584 0.7484909999999996 3.1474909999999996 3.1474909999999996 3.219471 10.273561 10.273681 12.769731 13.252841 13.252951 36.238571 36.240131 38.523281 41.216030999999994 41.218041
110 -12.396958999999999 -0.9953090000000007 0.06481099999999973 0.0648209999999998 0.652021 3.124961 3.124961 3.1752309999999997 10.332311 10.332401 12.781241000000001 13.145401 13.145491 36.705351 36.706941 38.780750999999995 40.988060999999995 40.990030999999995
111 -12.404439 -0.8539190000000003 0.07811099999999982 0.07812099999999988 0.5496409999999998 3.105561 3.105561 3.138851 10.386281 10.386341 12.791131 13.050090999999998 13.050161 37.155790999999994 37.157401 39.002880999999995 40.744811 40.746741
112 -12.410559 -0.7162690000000005 0.08918099999999995 0.08918099999999995 0.4431109999999996 3.0894509999999995 3.089461 3.1098809999999997 10.433851 10.433900999999999 12.799330999999999 12.968601 12.968640999999998 37.587360999999994 37.588991 39.187611 40.486371 40.488260999999994
113 -12.415319 -0.5847190000000007 0.0979009999999998 0.0979009999999998 0.3352609999999996 3.076771 3.0767809999999995 3.087871 10.473320999999999 10.473351000000001 12.805771 12.902681000000001 12.902711 37.996680999999995 37.998310999999994 39.333220999999995 40.214071 40.215900999999995
114 -12.418728999999999 -0.4645590000000004 0.1041909999999997 0.1041909999999997 0.23174099999999997 3.0676409999999996 3.0676409999999996 3.0724409999999995 10.503021 10.503031 12.810420999999998 12.854061000000002 12.854071000000001 38.376580999999995 38.378150999999995 39.438271 39.933370999999994 39.935081
115 -12.420769 -0.36913900000000055 0.10799099999999973 0.10799099999999973 0.14617099999999983 3.062131 3.062131 3.0633109999999997 10.521501 10.521501 12.813210999999999 12.824221000000001 12.824221000000001 38.703700999999995 38.704991 39.501720999999996 39.666551 39.667901
116 -12.421448999999999 -0.3289690000000003 0.10926099999999961 0.10926099999999961 0.10926099999999961 3.060281 3.060281 3.060281 10.527771 10.527771 12.814150999999999 12.814150999999999 12.814150999999999 38.868680999999995 38.868700999999994 39.522951 39.522951 39.522971
117 -12.420769 -0.3688090000000006 0.10623099999999974 0.10623099999999974 0.14938099999999999 3.0591609999999996 3.0641809999999996 3.0641809999999996 10.514471 10.528590999999999 12.816780999999999 12.816780999999999 12.828011 38.613681 38.823471 39.514230999999995 39.514230999999995 39.779470999999994
118 -12.418728999999999 -0.46208900000000064 0.09719099999999958 0.09719099999999958 0.24349099999999968 3.0558009999999998 3.0758409999999996 3.0758409999999996 10.475551 10.531030999999999 12.824670999999999 12.824670999999999 12.868621000000001 38.180350999999995 38.688961 39.488091 39.488091 40.217261
119 -12.415339 -0.5775490000000003 0.08230099999999974 0.08230099999999974 0.3602909999999997 3.050211 3.095091 3.095091 10.413651 10.535091 12.837810999999999 12.837820999999998 12.933350999999998 37.720271 38.468740999999994 39.444630999999994 39.444630999999994 40.684650999999995
120 -12.410588999999998 -0.7020390000000001 0.06179099999999993 0.06179099999999993 0.48660099999999984 3.042401 3.1216909999999998 3.121701 10.332381 10.540790999999999 12.856181 12.856181 13.018671000000001 37.254341 38.168471 39.383970999999995 39.383970999999995 41.160531
121 -12.404488999999998 -0.8306089999999999 0.0359809999999996 0.03599099999999966 0.6174109999999997 3.0323909999999996 3.155341 3.1553509999999996 10.235551000000001 10.548110999999999 12.879750999999999 12.879760999999998 13.120830999999999 36.787820999999994 37.795531 39.306301 39.306301 41.639371
122 -12.397029 -0.9611689999999999 0.005240999999999829 0.005250999999999895 0.7505309999999996 3.020181 3.195651 3.195671 10.126701 10.557061000000001 12.908491000000001 12.908491000000001 13.236401 36.322711 37.358540999999995 39.211850999999996 39.211850999999996 42.118810999999994
123 -12.388209 -1.0926590000000003 -0.03001900000000024 -0.02999900000000011 0.8848109999999996 3.0058209999999996 3.242221 3.242241 10.008871 10.567641 12.942350999999999 12.942350999999999 13.362441 35.860091 36.867011 39.100941 39.100941 42.597300999999995
124 -12.378038999999998 -1.2245290000000004 -0.06936900000000001 -0.06934900000000033 1.0195709999999996 2.989321 3.2946109999999997 3.294631 9.884601 10.579841 12.981281 12.981281 13.496571 35.400580999999995 36.330681 38.973890999999995 38.973890999999995 43.073681
125 -12.366509 -1.3564790000000002 -0.11236900000000016 -0.11234900000000003 1.1543509999999997 2.9707109999999997 3.352391 3.3524209999999997 9.755941 10.593681 13.025220999999998 13.025220999999998 13.636931 34.944601 35.759181 38.831111 38.831111 43.546851
126 -12.353628999999998 -1.4882590000000002 -0.15859900000000016 -0.15857900000000003 1.288741 2.9500409999999997 3.4151309999999997 3.415161 9.624581 10.609151 13.074091 13.074100999999999 13.782011 34.492581 35.161761 38.673061 38.673061 44.015631
127 -12.339379000000001 -1.6197689999999998 -0.20765900000000004 -0.20761900000000022 1.4224109999999999 2.9273409999999997 3.482411 3.4824509999999997 9.491941 10.626251 13.127821 13.127831 13.930661 34.044791 34.546870999999996 38.500231 38.500231 44.478851
128 -12.323789000000001 -1.750889 -0.25913900000000023 -0.25910900000000003 1.5550009999999999 2.9026609999999997 3.553851 3.5538909999999997 9.359211 10.644981 13.186321 13.186321 14.081971 33.601490999999996 33.922070999999995 38.313171 38.313171 44.935230999999995
129 -12.306829 -1.8815689999999998 -0.31270900000000035 -0.312659 1.6862009999999998 2.876051 3.629091 3.6291409999999997 9.227421 10.665341 13.249481 13.249481 14.235221 33.162891 33.293921 38.112471 38.112471 45.383401
130 -12.288519 -2.011749 -0.3680089999999998 -0.3679589999999999 1.8156109999999999 2.8475509999999997 3.707791 3.7078409999999997 9.097541 10.687341 13.317181000000001 13.317181000000001 14.389831000000001 32.668061 32.729281 37.898801 37.898810999999995 45.821780999999994
131 -12.268849 -2.141399 -0.42474900000000027 -0.4246990000000004 1.9428509999999999 2.8172409999999997 3.7896409999999996 3.789701 8.970431 10.710971 13.389311 13.389311 14.545341 32.049031 32.300841 37.672841 37.672850999999994 46.248720999999996
132 -12.247829 -2.2705090000000006 -0.48266900000000046 -0.48260900000000007 2.067481 2.7851609999999996 3.8743809999999996 3.8744409999999996 8.846941000000001 10.736251 13.465710999999999 13.465720999999998 14.701401 31.440441 31.877741 37.435311 37.435320999999995 46.662451
133 -12.225439000000001 -2.3990290000000005 -0.541499 -0.5414390000000004 2.1889909999999997 2.751381 3.9617509999999996 3.961811 8.727910999999999 10.763161 13.546240999999998 13.546240999999998 14.857710999999998 30.845221000000002 31.460231 37.187031 37.187040999999994 47.060950999999996
134 -12.201699000000001 -2.5269590000000006 -0.601019 -0.6009590000000005 2.3068809999999997 2.7159809999999998 4.051521 4.051591 8.614161 10.791711 13.630721000000001 13.630721000000001 15.014031 30.265401 31.048471 36.928801 36.928821 47.442121
135 -12.176609 -2.6542890000000003 -0.6610290000000001 -0.6609690000000006 2.420541 2.6790309999999997 4.143501 4.143581 8.506551 10.821901 13.718961 13.718971 15.170190999999999 29.702451 30.642631 36.661480999999995 36.661500999999994 47.803720999999996
136 -12.150148999999999 -2.781029 -0.7213690000000001 -0.7212990000000001 2.5293509999999997 2.640611 4.237511 4.237591 8.405930999999999 10.853741 13.810770999999999 13.810780999999999 15.326080999999999 29.157271 30.242871 36.385951 36.385971 48.143361
137 -12.122329 -2.9071490000000004 -0.7818390000000006 -0.7817690000000006 2.6008009999999997 2.6326009999999997 4.333381 4.333461 8.313220999999999 10.887231 13.905901 13.905911 15.481551 28.630441 29.849391 36.103181 36.103210999999995 48.458490999999995
138 -12.093149 -3.0326690000000003 -0.8423189999999998 -0.8422489999999998 2.559681 2.729561 4.4309709999999995 4.431051 8.229331 10.922360999999999 14.004110999999998 14.004131000000001 15.636571 28.122091 29.462331 35.814111 35.814150999999995 48.746541
139 -12.062619000000002 -3.1575890000000006 -0.902679 -0.902609 2.5173509999999997 2.8194609999999996 4.530151 4.530241 8.155190999999999 10.959140999999999 14.105141 14.105170999999999 15.791111 27.632061 29.081801000000002 35.519721 35.519771 49.004861
140 -12.030719000000001 -3.2818890000000005 -0.9627990000000004 -0.9627189999999999 2.473921 2.901521 4.630811 4.630901 8.091731 10.997581 14.208670999999999 14.208711000000001 15.945131 27.160091 28.707991 35.221081 35.221131 49.230751
141 -11.997449 -3.4055990000000005 -1.0225590000000002 -1.0224790000000006 2.4294709999999995 2.9749909999999997 4.732841 4.732931 8.039850999999999 11.037681 14.314401 14.314440999999999 16.098681 26.705681000000002 28.340981 34.919211 34.919271 49.421580999999996
142 -11.962829 -3.528709 -1.0818789999999998 -1.0817990000000002 2.384111 3.039141 4.836151 4.836240999999999 8.000401 11.079431 14.421971 14.422021 16.251781 26.268221 27.980861 34.615171 34.615241 49.574800999999994
143 -11.926839000000001 -3.651229 -1.140669 -1.1405789999999998 2.337941 3.093371 4.940671 4.940771 7.974101 11.122851 14.531001 14.531061000000001 16.404521 25.847031 27.627691000000002 34.310051 34.310131 49.688030999999995
144 -11.889479000000001 -3.773169 -1.198849 -1.198759 2.2910909999999998 3.137161 5.046310999999999 5.046411 7.961571 11.167931 14.641061 14.641141000000001 16.556971 25.441441 27.281561 34.004991 34.005081 49.759071
145 -11.850759 -3.8945290000000004 -1.2563490000000002 -1.256259 2.243671 3.1702009999999996 5.153010999999999 5.153111 7.9632309999999995 11.214680999999999 14.751721 14.751801 16.709231 25.050691 26.942481 33.701081 33.701191 49.786051
146 -11.810669 -4.015309 -1.3130990000000002 -1.3130190000000006 2.195791 3.192341 5.260721 5.260821 7.979311 11.263100999999999 14.862480999999999 14.862580999999999 16.861441 24.674031 26.610431000000002 33.399481 33.399601 49.767410999999996
147 -11.769219 -4.1355390000000005 -1.369059 -1.3689790000000004 2.1475609999999996 3.203661 5.369391 5.369491 8.009820999999999 11.313201 14.972840999999999 14.972961000000002 17.013771 24.310691000000002 26.285361 33.101301 33.101441 49.702020999999995
148 -11.726399 -4.255199 -1.424169 -1.4240789999999999 2.099121 3.2044309999999996 5.4789509999999995 5.479051 8.054571 11.364981 15.082221 15.082351 17.166341 23.960021 25.967241 32.807731 32.807881 49.589191
149 -11.682209 -4.374308999999999 -1.4783689999999998 -1.4782890000000002 2.050591 3.195121 5.589371 5.589480999999999 8.113140999999999 11.418441 15.190031000000001 15.190190999999999 17.319371 23.621281 25.655941000000002 32.519901 32.520071 49.428720999999996
150 -11.636659000000002 -4.492878999999999 -1.5316390000000002 -1.531549 2.002071 3.1763709999999996 5.700621 5.700730999999999 8.184991 11.473600999999999 15.295660999999999 15.295831 17.473050999999998 23.293791000000002 25.351301 32.238941 32.239131 49.220910999999994
151 -11.589739000000002 -4.610899000000001 -1.5839090000000002 -1.5838290000000006 1.9537009999999997 3.1489209999999996 5.812640999999999 5.812751 8.269411 11.530451 15.398420999999999 15.398620999999999 17.627601 22.976951 25.053191 31.966031 31.966251 48.966581
152 -11.541469 -4.7283990000000005 -1.6351690000000003 -1.6350790000000002 1.9055909999999998 3.1136209999999997 5.925411 5.925521 8.365631 11.589001 15.497630999999998 15.497851 17.783251 22.670141 24.761391 31.702271 31.702521 48.667061
153 -11.491829 -4.845359000000001 -1.6853690000000006 -1.685289 1.8578709999999998 3.0713209999999997 6.038881 6.038990999999999 8.472821 11.649251 15.592571 15.592811000000001 17.940271 22.372791 24.475641 31.448781 31.449041 48.324110999999995
154 -11.440839 -4.961809 -1.734489 -1.7343989999999998 1.8106309999999999 3.0229109999999997 6.153041 6.153150999999999 8.590161 11.711220999999998 15.682510999999998 15.682780999999999 18.098911 22.084361 24.195671 31.206581 31.206881 47.939901
155 -11.388499 -5.077719000000001 -1.782489 -1.7824090000000004 1.7640009999999997 2.969251 6.267821 6.267931 8.716821 11.774901 15.766701000000001 15.766991 18.259451 21.804381 23.921231000000002 30.976761 30.977081000000002 47.517050999999995
156 -11.334809 -5.193129 -1.8293490000000006 -1.829269 1.7180909999999998 2.911161 6.383210999999999 6.383311 8.852011000000001 11.840301 15.844411000000001 15.844721 18.422181 21.532381 23.651991000000002 30.760261 30.760601 47.058400999999996
157 -11.279779000000001 -5.308029 -1.8750490000000006 -1.874969 1.6729809999999998 2.849391 6.499161 6.499261 8.995011 11.907440999999999 15.914911 15.915251000000001 18.587431 21.267891000000002 23.387591 30.557961000000002 30.558331 46.567001
158 -11.223409 -5.4223989999999995 -1.9195590000000005 -1.919479 1.6287909999999997 2.784671 6.6156109999999995 6.615710999999999 9.145121 11.976310999999999 15.977501 15.977871 18.755481 21.010561 23.127741 30.370701 30.371091 46.046150999999995
159 -11.165719 -5.536269 -1.962859 -1.962789 1.5856209999999997 2.7176409999999995 6.732531 6.732631 9.301721 12.046921000000001 16.031551 16.031941 18.926671 20.759991 22.872061000000002 30.199171 30.199601 45.499140999999995
160 -11.106708999999999 -5.649629 -2.0049390000000002 -2.0048690000000002 1.5435409999999998 2.6488609999999997 6.849871 6.849971 9.464251 12.119291 16.076481 16.076901 19.101331 20.515831000000002 22.620221 30.043971 30.044411 44.929311
161 -11.046379000000002 -5.762479 -2.0457790000000005 -2.0457090000000004 1.5026509999999997 2.5788709999999995 6.967561 6.967661 9.632211 12.193421 16.111801 16.112241 19.279821 20.277761 22.371851 29.905511 29.905991 44.339901
162 -10.984749 -5.874819 -2.085349 -2.085279 1.463021 2.5081309999999997 7.085531 7.085621 9.805131 12.269310999999998 16.137121 16.137591 19.462461 20.045491000000002 22.126631 29.784121 29.784621 43.734201
163 -10.921828999999999 -5.986638999999999 -2.1236490000000003 -2.1235790000000003 1.4247409999999996 2.437051 7.203701 7.203791 9.982591 12.346991 16.152171 16.152661 19.649621 19.818751 21.884211 29.679911 29.680421 43.115221
164 -10.857609 -6.097949000000001 -2.160659 -2.1605990000000004 1.3878809999999997 2.3659909999999997 7.321991 7.322091 10.164241 12.426451 16.156811 16.157311 19.597261 19.841671 21.644271 29.592801 29.593331 42.485800999999995
165 -10.792129 -6.208729000000001 -2.196369 -2.196299 1.3525009999999997 2.295301 7.440291 7.440381 10.349741 12.507711 16.151031 16.151551 19.380811 20.038931 21.406531 29.522571 29.523121 41.848741
166 -10.725379 -6.318979 -2.230759 -2.2306990000000004 1.3186809999999998 2.2252409999999996 7.558491 7.558581 10.538781 12.590781 16.134971 16.135511 19.169171 20.241791 21.170681000000002 29.468781 29.469341 41.206471
167 -10.657369 -6.428688999999999 -2.263819 -2.2637590000000003 1.2864809999999998 2.1560809999999995 7.676451 7.676531 10.731110999999999 12.675660999999998 16.108931 16.109481 18.962141 20.450611000000002 20.936461 29.430821 29.431391 40.561280999999994
168 -10.588118999999999 -6.537869 -2.2955490000000003 -2.295489 1.2559509999999996 2.088031 7.7940309999999995 7.794111 10.926490999999999 12.762391000000001 16.073311 16.073871 18.759521 20.665751 20.703611000000002 29.407901 29.408471000000002 39.915191
169 -10.517648999999999 -6.6464989999999995 -2.3259290000000004 -2.325869 1.2271609999999997 2.021301 7.911041 7.911111 11.124680999999999 12.850950999999998 16.028691 16.029251 18.561151 20.471931 20.887551000000002 29.399081 29.399661000000002 39.270131
170 -10.445948999999999 -6.7545589999999995 -2.3549490000000004 -2.3548990000000005 1.2001609999999996 1.9560509999999998 8.027291 8.027360999999999 11.325491 12.941361 15.975721 15.976281 18.366861 20.241211 21.116381 29.403281 29.403861 38.627711
171 -10.373038999999999 -6.8620589999999995 -2.3826090000000004 -2.3825590000000005 1.175001 1.8924409999999998 8.142571 8.142641 11.528751 13.033660999999999 15.915181 15.915731000000001 18.176501 20.011241000000002 21.352601 29.419301 29.419881 37.989351
172 -10.298949 -6.968979 -2.4088890000000003 -2.4088390000000004 1.1517309999999998 1.8306109999999998 8.256601 8.256661 11.734261 13.127831 15.847940999999999 15.848491 17.989940999999998 19.781901 21.596521 29.445851 29.446411 37.356431
173 -10.223679 -7.075299 -2.433789 -2.4337490000000006 1.130391 1.7706709999999999 8.369111 8.369161 11.941880999999999 13.223901000000001 15.774961000000001 15.775500999999998 17.807040999999998 19.553041 21.848501000000002 29.481551 29.482101 36.730020999999994
174 -10.147229 -7.181019 -2.4573090000000004 -2.457269 1.1110509999999998 1.7127209999999997 8.479761 8.479811 12.151471 13.321891 15.697220999999999 15.697751 17.627681 19.324531 22.108861 29.524991 29.525531 36.111090999999995
175 -10.069638999999999 -7.286119 -2.4794290000000005 -2.4793890000000003 1.0937309999999996 1.6568609999999997 8.588211 8.588251 12.362911 13.421810999999998 15.615801000000001 15.616311 17.451741 19.096271 22.377951 29.574741 29.575261 35.500451
176 -9.990898999999999 -7.390588999999999 -2.5001490000000004 -2.500109 1.0784809999999996 1.603151 8.694011 8.694051 12.576031 13.523681 15.531780999999999 15.532271000000001 17.279141 18.868191 22.656021 29.629341 29.629831 34.898901
177 -9.911049000000002 -7.494409 -2.5194590000000003 -2.5194290000000006 1.0653509999999997 1.5516809999999999 8.796731 8.796771 12.790741 13.627510999999998 15.446290999999999 15.446760999999999 17.109771 18.640221 22.943411 29.687351 29.687831 34.307010999999996
178 -9.830079000000001 -7.5975790000000005 -2.5373590000000004 -2.5373290000000006 1.0543609999999997 1.5024909999999996 8.895861 8.895890999999999 13.006930999999998 13.733341 15.360461 15.360911000000002 16.943511 18.412301 23.240421 29.747401 29.747851 33.725260999999996
179 -9.748019 -7.700069 -2.5538490000000005 -2.553819 1.0455709999999998 1.455631 8.990831 8.990851 13.224471000000001 13.841171 15.275490999999999 15.275911 16.780321 18.184421 23.547281 29.808131 29.808541 33.154171
180 -9.664878999999999 -7.801858999999999 -2.568919 -2.5688890000000004 1.0389909999999998 1.4111609999999999 9.081031 9.081050999999999 13.443261 13.951031 15.192521 15.192910999999999 16.620101 17.956541 23.864281000000002 29.868241 29.868631 32.594060999999996
181 -9.580679 -7.902939000000001 -2.582559 -2.582529 1.034681 1.3690909999999996 9.165801 9.165821000000001 13.663221 14.062940999999999 15.112751 15.113101 16.462771 17.728651 24.191661 29.926541 29.926891 32.045221
182 -9.495429000000001 -8.003288999999999 -2.5947690000000003 -2.594749 1.032651 1.3294709999999998 9.244451 9.244471 13.884260999999999 14.176931 15.037320999999999 15.037641 16.308260999999998 17.500741 24.529681 29.981891 29.982211 31.507871
183 -9.409158999999999 -8.102899 -2.6055590000000004 -2.6055390000000003 1.0329409999999997 1.2923109999999998 9.316251 9.316261 14.106251 14.293021 14.967391 14.967680999999999 16.156521 17.272861 24.878511 30.033261 30.033541 30.982271
184 -9.321869 -8.201749 -2.614909 -2.614889 1.0355809999999996 1.257631 9.380451 9.380451 14.329131 14.411231 14.904081000000001 14.904340999999999 16.007481 17.045001 25.238381 30.079711 30.079971 30.468521
185 -9.233578999999999 -8.299819 -2.6228290000000003 -2.622809 1.0405909999999996 1.2254409999999996 9.436321 9.436321 14.531600999999998 14.552820999999998 14.848431000000001 14.848651 15.861061 16.817191 25.609501 29.966681 30.120491 30.120671
186 -9.144309 -8.397089000000001 -2.629309 -2.6292990000000005 1.0480009999999997 1.1957509999999996 9.483160999999999 9.483160999999999 14.654150999999999 14.777221 14.801421000000001 14.801590999999998 15.717241000000001 16.589481 25.991991000000002 29.476951 30.154781 30.154941
187 -9.054089000000001 -8.493539000000002 -2.6343490000000003 -2.6343390000000007 1.0578309999999997 1.1685709999999996 9.520330999999999 9.520330999999999 14.763891000000001 14.764021 14.778911 15.002261 15.575961 16.361901 26.386041000000002 28.999301 30.182081 30.182211000000002
188 -8.962919 -8.589158999999999 -2.637949 -2.637949 1.0701009999999997 1.143891 9.547301000000001 9.547301000000001 14.736550999999999 14.736640999999999 14.905921 15.227851000000001 15.437161 16.134511 26.791771 28.533731 30.201921000000002 30.202001
189 -8.870819000000001 -8.683919 -2.640109 -2.640109 1.0848309999999999 1.121711 9.563661 9.563661 14.719940999999999 14.719981 15.035221 15.300791 15.453961 15.907340999999999 27.209341000000002 28.080221 30.213961 30.214011
190 -8.777819000000001 -8.777809000000001 -2.640829 -2.640829 1.1018809999999997 1.1021709999999998 9.569141 9.569141 14.714381 14.714381 15.166820999999999 15.166830999999998 15.679271 15.681671000000001 27.637731000000002 27.639841 30.218011 30.218011
191 -8.777669 -8.777659 -2.6427690000000004 -2.642759 1.1060409999999998 1.106331 9.564991 9.564991 14.659931 14.660011 15.189150999999999 15.189160999999999 15.716541 15.718851 27.609331 27.611421 30.241461 30.241481
192 -8.777229000000002 -8.777218999999999 -2.6485390000000004 -2.648529 1.1184809999999996 1.1187709999999997 9.552501 9.552501 14.532651000000001 14.532861 15.225521 15.225621 15.822900999999998 15.824991 27.527651000000002 27.529681 30.308231 30.308311
193 -8.776479000000002 -8.776468999999999 -2.658049 -2.6580390000000005 1.1391009999999997 1.1393909999999998 9.531631 9.531641 14.376231 14.376551 15.249490999999999 15.249721000000001 15.981161 15.982990999999998 27.401611 27.403541 30.409311000000002 30.409471
194 -8.775449000000002 -8.775438999999999 -2.671139 -2.671139 1.1677709999999997 1.1680609999999998 9.502281 9.502291 14.210341 14.210740999999999 15.260811 15.261161000000001 16.171931 16.173541 27.241921 27.243761 30.533821 30.534051
195 -8.774139000000002 -8.774128999999999 -2.687609 -2.687609 1.2042609999999998 1.204551 9.464351 9.464361 14.043330999999998 14.043800999999998 15.264040999999999 15.264461 16.382391 16.383841 27.058551 27.060291 30.671591 30.671891000000002
196 -8.772559000000001 -8.772549000000001 -2.7072090000000006 -2.707199 1.248351 1.2486309999999996 9.417691 9.417711 13.879271 13.879791 15.262191000000001 15.262650999999998 16.605521 16.606841 26.859591 26.861241 30.814271 30.814631000000002
197 -8.770709 -8.770709 -2.729659 -2.7296390000000006 1.2997409999999996 1.3000209999999996 9.362210999999999 9.362231 13.720451 13.721021 15.256891 15.257371 16.837411 16.838631 26.651381 26.652951 30.955281 30.955701
198 -8.768619000000001 -8.768619000000001 -2.7546290000000004 -2.754619 1.3581309999999998 1.3584109999999998 9.297801 9.297830999999999 13.568290999999999 13.568891 15.249011 15.249500999999999 17.075781 17.076921 26.438731 26.440211 31.089581 31.090041
199 -8.766299 -8.766299 -2.781829 -2.781809 1.4232209999999998 1.4234909999999998 9.224431 9.224461 13.423711 13.424330999999999 15.239041 15.239541 17.319121 17.320180999999998 26.225351 26.226761 31.213271000000002 31.213751000000002
200 -8.763769 -8.763769 -2.810899 -2.810879 1.4946709999999999 1.4949309999999998 9.142111 9.142140999999999 13.287330999999998 13.287970999999999 15.227311 15.227801 17.566281 17.567270999999998 26.014211 26.015551000000002 31.323261000000002 31.323771
201 -8.761039 -8.761029 -2.8415290000000004 -2.8414990000000007 1.572161 1.5724209999999998 9.050930999999999 9.050971 13.159531000000001 13.160191000000001 15.214020999999999 15.214500999999998 17.816371 17.817291 25.807681000000002 25.808941 31.417201000000002 31.417721
202 -8.758129 -8.758129 -2.8733890000000004 -2.8733590000000007 1.6553909999999998 1.6556409999999997 8.951080999999999 8.951131 13.040510999999999 13.041180999999998 15.199331 15.199801 18.068581 18.069421 25.607741 25.608921000000002 31.493221000000002 31.493751
203 -8.755068999999999 -8.755059 -2.906179 -2.9061390000000005 1.7440509999999998 1.7443009999999999 8.842831 8.842891 12.930301 12.930981 15.183391 15.183851 18.322121 18.322891 25.416051 25.417161 31.549931 31.550471
204 -8.751869 -8.751869 -2.939589 -2.9395490000000004 1.8378409999999998 1.8380809999999999 8.726571 8.726631 12.828810999999998 12.829501 15.166321 15.166761000000001 18.576131 18.576811 25.234171 25.235201 31.586321 31.586851
205 -8.748559 -8.748559 -2.973349 -2.973299 1.9364909999999997 1.9367309999999998 8.602741 8.602810999999999 12.735810999999998 12.736511 15.148240999999999 15.148661 18.829721 18.830311 25.063471 25.064401 31.601711 31.602241
206 -8.745169 -8.745159000000001 -3.0071890000000003 -3.0071390000000005 2.039751 2.039981 8.471871 8.471941000000001 12.650960999999999 12.651681 15.129290999999998 15.129691000000001 19.081881 19.082380999999998 24.905271 24.906121000000002 31.595771 31.596281
207 -8.741719 -8.741709 -3.040869 -3.0408090000000003 2.1473709999999997 2.147591 8.334541 8.334620999999999 12.573901 12.574621 15.109590999999998 15.109970999999998 19.331401 19.331791 24.760981 24.761721 31.568431 31.568931
208 -8.738219 -8.738209000000001 -3.0741490000000002 -3.074089 2.259111 2.2593309999999995 8.191381 8.191461 12.504161 12.504891 15.089291 15.089651 19.576891 19.577171 24.631991 24.632621 31.519911 31.520391
209 -8.734719000000002 -8.734698999999999 -3.106839 -3.106769 2.374771 2.3749709999999995 8.043001 8.043091 12.441271 12.442011 15.068551 15.068881000000001 19.816711 19.816861 24.519871000000002 24.520381 31.450661 31.451121
210 -8.731219 -8.731209 -3.1387290000000005 -3.1386590000000005 2.494141 2.4943409999999995 7.890041 7.890141 12.384730999999999 12.385470999999999 15.047521 15.047820999999999 20.048931 20.048941 24.426331 24.426701 31.361381 31.361811
211 -8.727758999999999 -8.727749 -3.169639 -3.169569 2.617031 2.617231 7.733150999999999 7.733261 12.334060999999998 12.334810999999998 15.026361000000001 15.026641000000001 20.271121 20.271281000000002 24.353291000000002 24.353521 31.252981000000002 31.253401
212 -8.724369 -8.724349 -3.199419 -3.199339 2.743251 2.743441 7.572931 7.573041 12.288771 12.289531 15.005261 15.005510999999998 20.480911 20.481231 24.302811000000002 24.302881 31.126591 31.126981
213 -8.721059 -8.721039000000001 -3.227919 -3.2278390000000003 2.872641 2.8728209999999996 7.4099509999999995 7.410071 12.248421 12.249191 14.984380999999999 14.984611000000001 20.675591 20.676101 24.276901000000002 24.277011 30.983511 30.983871
214 -8.717849000000001 -8.717829000000002 -3.2549990000000006 -3.2549090000000005 3.0049909999999995 3.0051609999999997 7.244801 7.244930999999999 12.212591 12.213360999999999 14.963911 14.964130999999998 20.852471 20.853171 24.277511 24.277801 30.825271 30.825601
215 -8.714789 -8.714769 -3.280519 -3.280429 3.140141 3.140301 7.077991 7.078120999999999 12.180890999999999 12.181660999999998 14.944040999999999 14.944230999999998 21.009241 21.010141 24.306121 24.306581 30.653561 30.653871000000002
216 -8.711869 -8.711849 -3.304399 -3.3042990000000003 3.277881 3.278031 6.910041 6.910181 12.152940999999998 12.153731 14.924951 14.925121 21.144351 21.145431000000002 24.363171 24.363811000000002 30.470331 30.470611
217 -8.709139 -8.709109000000002 -3.3265190000000002 -3.3264190000000005 3.418011 3.418151 6.741441 6.741591 12.128450999999998 12.129241 14.906811000000001 14.906960999999999 21.257301000000002 21.258561 24.447771 24.448561 30.277751000000002 30.278001
218 -8.706589000000001 -8.706569000000002 -3.3467890000000002 -3.3466890000000005 3.5602509999999996 3.5603809999999996 6.572721 6.572881 12.107101 12.107900999999998 14.889810999999998 14.889931 21.348841 21.350251 24.557431 24.558351000000002 30.078351 30.078581
219 -8.704269 -8.704239000000001 -3.365139 -3.365029 3.7043109999999997 3.7044309999999996 6.404411 6.404591 12.088660999999998 12.089471 14.874091 14.874201 21.420831 21.422351 24.688151 24.689181 29.875061000000002 29.875261000000002
220 -8.702169000000001 -8.702148999999999 -3.381489 -3.381379 3.849761 3.8498609999999998 6.237131 6.237321 12.072890999999998 12.073701 14.859831 14.859921 21.475831 21.477441 24.834561 24.835671 29.671331000000002 29.671521000000002
221 -8.700319 -8.700299000000001 -3.395779 -3.395669 3.9959909999999996 3.9960809999999998 6.071661 6.071871 12.059611 12.060420999999998 14.847161 14.847231 21.516741 21.518431 24.990191 24.991361 29.471411 29.471581
222 -8.698739 -8.698709000000001 -3.407959 -3.4078490000000006 4.142011 4.142081 5.909121 5.9093409999999995 12.048641 12.049461 14.836200999999999 14.836271 21.546391 21.548121000000002 25.147511 25.148731 29.280571000000002 29.280731
223 -8.697419 -8.697389000000001 -3.417979 -3.417879 4.286151 4.286201 5.751310999999999 5.751561 12.039841 12.040671 14.827091 14.827141000000001 21.567261000000002 21.569021 25.297991 25.299241000000002 29.105341 29.105501
224 -8.696389 -8.696359000000001 -3.4258190000000006 -3.4257090000000003 4.425161 4.425161 5.601571 5.6018609999999995 12.033121000000001 12.033940999999999 14.819890999999998 14.819941 21.581421000000002 21.583211000000002 25.431941000000002 25.433231 28.953771 28.953931
225 -8.695639 -8.695619 -3.4314290000000005 -3.4313190000000002 4.551951 4.551991 5.467021 5.4673609999999995 12.028371 12.029201 14.814701 14.814741000000001 21.590441000000002 21.592241 25.538831000000002 25.540131000000002 28.835151 28.835321
226 -8.695189 -8.695169 -3.4348090000000004 -3.434699 4.650511 4.650621 5.363741 5.364141 12.025551 12.026381 14.811561000000001 14.811601 21.595421 21.597231 25.608331 25.609651 28.758951 28.759121
227 -8.695039000000001 -8.695018999999998 -3.4359390000000003 -3.435829 4.690491 4.690631 5.322171 5.322611 12.024611 12.025441 14.810510999999998 14.810541 21.597001000000002 21.598821 25.632491 25.633821 28.732621 28.732791000000002
228 -8.732879 -8.657329 -3.463469 -3.4062590000000004 4.616821 4.723910999999999 5.323171 5.364661 11.934190999999998 12.110530999999998 14.723581 14.905431 21.494741 21.697801000000002 25.459571 25.780891 28.660191 28.833181
229 -8.769379 -8.621269000000002 -3.490209 -3.373419 4.4927209999999995 4.744541 5.377501 5.421831 11.839571 12.188001 14.648591 15.005481 21.389611000000002 21.793041000000002 25.281821 25.881341 28.594731 28.981741
230 -8.804528999999999 -8.586879 -3.5160990000000005 -3.337439 4.343241 4.7543809999999995 5.460531 5.491921 11.741731000000001 12.254770999999998 14.588180999999999 15.110091 21.283091000000002 21.882841 25.099681 25.938771 28.536081 29.173751
231 -8.838329000000002 -8.554169000000002 -3.541099 -3.2984290000000005 4.1826609999999995 4.755971 5.558090999999999 5.5723009999999995 11.641211 12.307970999999998 14.545190999999999 15.218720999999999 21.175721 21.966291000000002 24.913231 25.960951 28.483971 29.401011
232 -8.870778999999999 -8.523129 -3.5652090000000003 -3.256489 4.017671 4.7516609999999995 5.660531 5.663591 11.538431 12.344901 14.522320999999998 15.330921 21.067891 22.042431 24.722651 25.956901000000002 28.438011 29.654131
233 -8.901859000000002 -8.493759 -3.5883890000000003 -3.211759 3.8516009999999996 4.7433309999999995 5.754661 5.773731 11.433791 12.363461000000001 14.521711 15.446231000000001 20.959961 22.110191 24.528411000000002 25.935181 28.397771000000002 29.924131
234 -8.931579 -8.466059000000001 -3.6106490000000004 -3.164409 3.686231 4.732341 5.853201 5.886791 11.327611000000001 12.362611000000001 14.544431 15.564271000000002 20.852171000000002 22.168551 24.331041 25.903011 28.362781000000002 30.203351
235 -8.959949000000002 -8.439989 -3.631969 -3.1146190000000002 3.5226909999999996 4.719711 5.955061 6.001690999999999 11.220171 12.342590999999999 14.590291 15.684660999999998 20.744621000000002 22.216471000000002 24.131261000000002 25.866231 28.332531 30.485521000000002
236 -8.986939 -8.415548999999999 -3.6523190000000003 -3.062609 3.361751 4.706080999999999 6.059431 6.117691 11.111781 12.304870999999999 14.657920999999998 15.806981 20.637391 22.252991 23.929901 25.829321 28.306581 30.765581
237 -9.012569 -8.392689 -3.671709 -3.0086190000000004 3.203991 4.691981 6.165661 6.234211 11.002661 12.251750999999999 14.745121000000001 15.930851 20.530371000000002 22.277361 23.727901 25.795731 28.284411000000002 31.039491
238 -9.036829000000001 -8.371389 -3.690119 -2.952929 3.049911 4.677740999999999 6.273261 6.350761 10.893101 12.185890999999998 14.849331 16.055831 20.423431 22.289041 23.526331 25.767891000000002 28.265641000000002 31.303981
239 -9.059719000000001 -8.351609 -3.707529 -2.8958590000000006 2.899961 4.663660999999999 6.381731 6.466881 10.783331 12.109981000000001 14.967991000000001 16.181491 20.316261 22.287861 23.326331 25.747471 28.249791000000002 31.556421
240 -9.081229 -8.333309 -3.7239390000000006 -2.837759 2.754581 4.649901 6.490701 6.582101 10.673631 12.026511 15.098751 16.307311 20.208501000000002 22.274001000000002 23.129171 25.735351 28.236541 31.794701
241 -9.101369000000002 -8.316448999999999 -3.739339 -2.779019 2.6142309999999997 4.636641 6.599741 6.6959409999999995 10.564291 11.937691000000001 15.239581000000001 16.432731 20.099651 22.248101000000002 22.936201 25.731811 28.225491 32.017231
242 -9.120128999999999 -8.300989000000001 -3.7537190000000002 -2.720079 2.479351 4.623981 6.708430999999999 6.807881 10.455651 11.845451 15.388691000000001 16.557121 19.989181000000002 22.211141 22.748871 25.736501 28.216381000000002 32.222771
243 -9.137509000000001 -8.286878999999999 -3.767079 -2.6614190000000004 2.3504709999999998 4.6120209999999995 6.816291 6.917320999999999 10.348081 11.751511 15.544571000000001 16.679771 19.876481000000002 22.164521 22.568681 25.748691 28.208871000000002 32.410541
244 -9.153499 -8.274079 -3.779389 -2.603599 2.2281109999999997 4.600821 6.922841 7.023621 10.242061 11.657411 15.705841 16.799831 19.760931 22.109881 22.397211000000002 25.767251 28.202781 32.580090999999996
245 -9.168119 -8.262559 -3.7906690000000003 -2.547199 2.112881 4.5904609999999995 7.027421 7.126021 10.138110999999999 11.564571 15.871210999999999 16.916391 19.642021 22.049151000000002 22.236011 25.790871 28.197831 32.731351
246 -9.181339000000001 -8.252258999999999 -3.8008890000000006 -2.492869 2.0053909999999995 4.580960999999999 7.129351 7.223731 10.036951 11.474391 16.039381 17.028351 19.519401 21.984341 22.086571 25.818081 28.193891 32.864531
247 -9.193189 -8.243158999999999 -3.810059 -2.4413090000000004 1.9063309999999998 4.572401 7.227691 7.315771 9.939401 11.388221 16.208981 17.134541 19.393031 21.917661 21.950261 25.847391000000002 28.190731 32.980140999999996
248 -9.203629 -8.235209000000001 -3.818169 -2.3932590000000005 1.8164309999999997 4.564761 7.321370999999999 7.401151 9.846530999999999 11.307431 16.378351 17.233591 19.263371 21.828221 21.851361 25.877311000000002 28.188281 33.078871
249 -9.212699 -8.228399 -3.825209 -2.349469 1.7364209999999998 4.558111 7.409020999999999 7.478711 9.759651 11.233411 16.545431 17.324061 19.131601 21.721461 21.787661 25.906431 28.186351000000002 33.161640999999996
250 -9.220369000000002 -8.222679 -3.831169 -2.310739 1.667061 4.552441 7.488981 7.547271 9.680411 11.167561 16.707401 17.404361 18.999890999999998 21.630591 21.728841 25.933471 28.184901 33.229381
251 -9.226638999999999 -8.218029000000001 -3.8360590000000006 -2.2777890000000003 1.6090909999999998 4.547791 7.559251 7.605581 9.610751 11.111270999999999 16.860181 17.472941 18.871980999999998 21.556041 21.677091 25.957271000000002 28.183791 33.283121
252 -9.231518999999999 -8.214438999999999 -3.8398590000000006 -2.2513390000000006 1.5631909999999998 4.544150999999999 7.617590999999999 7.652471 9.552951 11.065850999999999 16.997681 17.528221 18.753781 21.498031 21.634381 25.976851 28.183021 33.323761
253 -9.235009000000002 -8.211889 -3.8425790000000006 -2.2319690000000003 1.529941 4.541561 7.661581 7.686840999999999 9.509331 11.032461 17.110861 17.568861 18.654331 21.456611000000002 21.602491 25.991421 28.182481 33.352171
254 -9.237109 -8.210359 -3.844209 -2.220149 1.5097909999999999 4.539991 7.689051 7.707851 9.482121 11.012031 17.187461 17.593721 18.585921 21.431811 21.582751000000002 26.000411 28.182181 33.368921
255 -9.237798999999999 -8.209849000000002 -3.844759 -2.2161790000000003 1.5030509999999997 4.539480999999999 7.698391 7.714911 9.472861 11.005141 17.214971 17.602101 18.561131 21.423551 21.576061 26.003461 28.182051 33.374461
