1 -14.6331 -14.5791 -14.5791 -14.4481 -14.3271 -1.7991 -0.0121 -0.0121 1.5069 12.9039 14.0009
2 -14.6341 -14.5801 -14.5801 -14.4481 -14.3281 -1.8081 -0.0241 -9.99999999998e-05 1.5199 12.8849 13.9969
3 -14.6351 -14.5811 -14.5791 -14.4481 -14.3281 -1.8331 -0.0571 0.0349 1.5599 12.8319 13.9859
4 -14.6351 -14.5811 -14.5781 -14.4491 -14.3291 -1.8751 -0.1101 0.0909 1.6229 12.7529 13.9669
5 -14.6361 -14.5821 -14.5761 -14.4491 -14.3301 -1.9281 -0.1781 0.1649 1.7059 12.6579 13.9419
6 -14.6371 -14.5831 -14.5731 -14.4491 -14.3321 -1.9921 -0.2571 0.2549 1.8029 12.5519 13.9109
7 -14.6381 -14.5841 -14.5701 -14.4491 -14.3341 -2.0631 -0.3441 0.3589 1.9129 12.4399 13.8759
8 -14.6391 -14.5861 -14.5661 -14.4501 -14.3361 -2.1401 -0.4361 0.4739 2.0329 12.3249 13.8369
9 -14.6391 -14.5871 -14.5621 -14.4501 -14.3381 -2.2211 -0.5321 0.5979 2.1599 12.2079 13.7959
10 -14.6391 -14.5881 -14.5571 -14.4501 -14.3401 -2.3031 -0.6311 0.7309 2.2939 12.0909 13.7529
11 -14.6401 -14.5901 -14.5531 -14.4511 -14.3431 -2.3881 -0.7311 0.8709 2.4329 11.9749 13.7079
12 -14.6401 -14.5921 -14.5481 -14.4521 -14.3451 -2.4721 -0.8311 1.0159 2.5769 11.8589 13.6629
13 -14.6421 -14.5941 -14.5431 -14.4541 -14.3481 -2.5571 -0.9311 1.1679 2.7239 11.7449 13.6169
14 -14.6421 -14.5961 -14.5371 -14.4561 -14.3511 -2.6411 -1.0311 1.3239 2.8759 11.6329 13.5709
15 -14.6431 -14.5981 -14.5321 -14.4581 -14.3531 -2.7241 -1.1301 1.4849 3.0299 11.5229 13.5249
16 -14.6431 -14.6001 -14.5261 -14.4611 -14.3561 -2.8051 -1.2271 1.6499 3.1869 11.4159 13.4799
17 -14.6431 -14.6031 -14.5201 -14.4631 -14.3581 -2.8851 -1.3231 1.8199 3.3459 11.3109 13.4359
18 -14.6451 -14.6061 -14.5141 -14.4681 -14.3601 -2.9641 -1.4171 1.9919 3.5079 11.2079 13.3919
19 -14.6441 -14.6081 -14.5081 -14.4711 -14.3621 -3.0401 -1.5101 2.1689 3.6709 11.1089 13.3489
20 -14.6431 -14.6101 -14.5021 -14.4761 -14.3621 -3.1151 -1.6011 2.3479 3.8369 11.0119 13.3069
21 -14.6431 -14.6131 -14.4951 -14.4801 -14.3631 -3.1871 -1.6891 2.5309 4.0039 10.9189 13.2659
22 -14.6431 -14.6151 -14.4891 -14.4861 -14.3641 -3.2571 -1.7751 2.7159 4.1729 10.8289 13.2259
23 -14.6411 -14.6171 -14.4911 -14.4821 -14.3651 -3.3251 -1.8601 2.9039 4.3429 10.7419 13.1869
24 -14.6401 -14.6201 -14.4971 -14.4751 -14.3661 -3.3911 -1.9411 3.0949 4.5139 10.6589 13.1489
25 -14.6401 -14.6231 -14.5031 -14.4691 -14.3661 -3.4551 -2.0211 3.2879 4.6859 10.5799 13.1129
26 -14.6391 -14.6251 -14.5101 -14.4631 -14.3661 -3.5161 -2.0981 3.4839 4.8579 10.5039 13.0779
27 -14.6391 -14.6281 -14.5171 -14.4571 -14.3661 -3.5751 -2.1721 3.6819 5.0309 10.4329 13.0439
28 -14.6381 -14.6311 -14.5231 -14.4501 -14.3661 -3.6311 -2.2441 3.8809 5.2049 10.3659 13.0119
29 -14.6361 -14.6331 -14.5301 -14.4441 -14.3661 -3.6861 -2.3141 4.0829 5.3779 10.3029 12.9809
30 -14.6361 -14.6351 -14.5371 -14.4381 -14.3661 -3.7371 -2.3801 4.2859 5.5499 10.2459 12.9509
31 -14.6381 -14.6351 -14.5441 -14.4321 -14.3661 -3.7871 -2.4441 4.4899 5.7219 10.1929 12.9219
32 -14.6411 -14.6331 -14.5491 -14.4261 -14.3651 -3.8341 -2.5061 4.6959 5.8929 10.1459 12.8949
33 -14.6431 -14.6331 -14.5561 -14.4201 -14.3651 -3.8791 -2.5641 4.9019 6.0619 10.1039 12.8689
34 -14.6461 -14.6321 -14.5621 -14.4151 -14.3651 -3.9211 -2.6201 5.1089 6.2279 10.0689 12.8439
35 -14.6481 -14.6311 -14.5681 -14.4091 -14.3641 -3.9611 -2.6731 5.3159 6.3909 10.0409 12.8209
36 -14.6511 -14.6301 -14.5741 -14.4041 -14.3641 -3.9991 -2.7231 5.5229 6.5499 10.0199 12.7989
37 -14.6531 -14.6291 -14.5801 -14.3981 -14.3641 -4.0341 -2.7701 5.7289 6.7049 10.0079 12.7789
38 -14.6561 -14.6281 -14.5851 -14.3941 -14.3631 -4.0671 -2.8141 5.9339 6.8539 10.0039 12.7589
39 -14.6581 -14.6271 -14.5901 -14.3891 -14.3631 -4.0981 -2.8561 6.1369 6.9949 10.0089 12.7409
40 -14.6601 -14.6261 -14.5951 -14.3851 -14.3621 -4.1261 -2.8941 6.3369 7.1289 10.0249 12.7239
41 -14.6621 -14.6261 -14.5991 -14.3811 -14.3621 -4.1521 -2.9301 6.5329 7.2539 10.0509 12.7079
42 -14.6661 -14.6261 -14.6031 -14.3781 -14.3621 -4.1761 -2.9621 6.7239 7.3689 10.0879 12.6939
43 -14.6671 -14.6251 -14.6071 -14.3751 -14.3621 -4.1971 -2.9911 6.9089 7.4729 10.1359 12.6799
44 -14.6691 -14.6241 -14.6101 -14.3711 -14.3611 -4.2171 -3.0181 7.0859 7.5649 10.1939 12.6669
45 -14.6711 -14.6231 -14.6131 -14.3691 -14.3611 -4.2331 -3.0411 7.2519 7.6449 10.2619 12.6549
46 -14.6731 -14.6231 -14.6151 -14.3661 -14.3601 -4.2481 -3.0611 7.4059 7.7139 10.3349 12.6419
47 -14.6741 -14.6231 -14.6181 -14.3641 -14.3611 -4.2611 -3.0781 7.5439 7.7699 10.4129 12.6289
48 -14.6751 -14.6221 -14.6191 -14.3621 -14.3611 -4.2711 -3.0921 7.6629 7.8159 10.4899 12.6109
49 -14.6771 -14.6221 -14.6211 -14.3611 -14.3611 -4.2791 -3.1031 7.7609 7.8499 10.5599 12.5859
50 -14.6781 -14.6231 -14.6211 -14.3611 -14.3611 -4.2841 -3.1111 7.8329 7.8739 10.6179 12.5539
51 -14.6791 -14.6231 -14.6231 -14.3611 -14.3611 -4.2881 -3.1151 7.8779 7.8889 10.6569 12.5259
52 -14.6791 -14.6231 -14.6231 -14.3611 -14.3611 -4.2891 -3.1171 7.8929 7.8929 10.6699 12.5149
53 -14.6791 -14.6231 -14.6231 -14.3611 -14.3611 -4.3111 -3.0921 7.8939 7.8939 10.6699 12.5159
54 -14.6771 -14.6231 -14.6231 -14.3611 -14.3611 -4.3751 -3.0211 7.8969 7.8969 10.6719 12.5189
55 -14.6761 -14.6221 -14.6221 -14.3601 -14.3601 -4.4671 -2.9161 7.9009 7.9009 10.6739 12.5239
56 -14.6761 -14.6221 -14.6221 -14.3611 -14.3611 -4.5781 -2.7861 7.9069 7.9069 10.6759 12.5309
57 -14.6761 -14.6221 -14.6221 -14.3631 -14.3631 -4.7011 -2.6411 7.9149 7.9149 10.6799 12.5399
58 -14.6761 -14.6211 -14.6211 -14.3641 -14.3641 -4.8301 -2.4831 7.9249 7.9249 10.6839 12.5519
59 -14.6751 -14.6211 -14.6211 -14.3661 -14.3661 -4.9631 -2.3171 7.9359 7.9359 10.6889 12.5649
60 -14.6741 -14.6201 -14.6201 -14.3681 -14.3681 -5.0971 -2.1441 7.9489 7.9489 10.6949 12.5799
61 -14.6741 -14.6191 -14.6191 -14.3701 -14.3701 -5.2321 -1.9661 7.9639 7.9639 10.7009 12.5979
62 -14.6731 -14.6191 -14.6191 -14.3721 -14.3721 -5.3671 -1.7831 7.9799 7.9799 10.7079 12.6169
63 -14.6721 -14.6181 -14.6181 -14.3751 -14.3751 -5.5001 -1.5961 7.9979 7.9979 10.7149 12.6389
64 -14.6711 -14.6171 -14.6171 -14.3771 -14.3771 -5.6331 -1.4051 8.0169 8.0169 10.7229 12.6629
65 -14.6701 -14.6161 -14.6161 -14.3801 -14.3801 -5.7631 -1.2101 8.0389 8.0389 10.7309 12.6889
66 -14.6691 -14.6151 -14.6151 -14.3841 -14.3841 -5.8921 -1.0131 8.0609 8.0609 10.7399 12.7179
67 -14.6681 -14.6141 -14.6141 -14.3871 -14.3871 -6.0191 -0.8121 8.0859 8.0859 10.7489 12.7489
68 -14.6661 -14.6111 -14.6111 -14.3901 -14.3901 -6.1431 -0.6081 8.1109 8.1109 10.7589 12.7819
69 -14.6651 -14.6101 -14.6101 -14.3941 -14.3941 -6.2661 -0.4021 8.1389 8.1389 10.7689 12.8179
70 -14.6641 -14.6091 -14.6091 -14.3981 -14.3981 -6.3861 -0.1931 8.1669 8.1669 10.7789 12.8559
71 -14.6621 -14.6071 -14.6071 -14.4021 -14.4021 -6.5041 0.0189 8.1979 8.1979 10.7889 12.8969
72 -14.6611 -14.6061 -14.6061 -14.4061 -14.4061 -6.6191 0.2329 8.2289 8.2289 10.7989 12.9399
73 -14.6601 -14.6051 -14.6051 -14.4101 -14.4101 -6.7321 0.4499 8.2619 8.2619 10.8099 12.9849
74 -14.6591 -14.6041 -14.6041 -14.4141 -14.4141 -6.8421 0.6689 8.2959 8.2959 10.8199 13.0329
75 -14.6571 -14.6031 -14.6031 -14.4191 -14.4191 -6.9501 0.8899 8.3319 8.3319 10.8309 13.0839
76 -14.6561 -14.6021 -14.6021 -14.4231 -14.4231 -7.0551 1.1139 8.3679 8.3679 10.8409 13.1369
77 -14.6531 -14.6011 -14.6011 -14.4271 -14.4271 -7.1581 1.3399 8.4059 8.4059 10.8519 13.1919
78 -14.6501 -14.6001 -14.6001 -14.4311 -14.4311 -7.2581 1.5689 8.4449 8.4449 10.8619 13.2499
79 -14.6491 -14.5991 -14.5991 -14.4351 -14.4351 -7.3561 1.7989 8.4849 8.4849 10.8729 13.3099
80 -14.6471 -14.5981 -14.5981 -14.4391 -14.4391 -7.4501 2.0309 8.5259 8.5259 10.8829 13.3719
81 -14.6471 -14.5971 -14.5971 -14.4441 -14.4441 -7.5431 2.2659 8.5679 8.5679 10.8929 13.4369
82 -14.6461 -14.5961 -14.5961 -14.4481 -14.4481 -7.6321 2.5029 8.6109 8.6109 10.9039 13.5029
83 -14.6451 -14.5961 -14.5961 -14.4521 -14.4521 -7.7191 2.7409 8.6549 8.6549 10.9139 13.5719
84 -14.6431 -14.5941 -14.5941 -14.4551 -14.4551 -7.8041 2.9819 8.6999 8.6999 10.9229 13.6419
85 -14.6421 -14.5941 -14.5941 -14.4591 -14.4591 -7.8851 3.2239 8.7449 8.7449 10.9329 13.7149
86 -14.6411 -14.5941 -14.5941 -14.4631 -14.4631 -7.9641 3.4679 8.7919 8.7919 10.9429 13.7879
87 -14.6401 -14.5941 -14.5941 -14.4671 -14.4671 -8.0411 3.7139 8.8379 8.8379 10.9519 13.8639
88 -14.6391 -14.5941 -14.5941 -14.4701 -14.4701 -8.1141 3.9609 8.8859 8.8859 10.9619 13.9399
89 -14.6381 -14.5941 -14.5941 -14.4721 -14.4721 -8.1851 4.2099 8.9329 8.9329 10.9709 14.0169
90 -14.6371 -14.5951 -14.5951 -14.4751 -14.4751 -8.2541 4.4609 8.9809 8.9809 10.9799 14.0939
91 -14.6371 -14.5961 -14.5961 -14.4781 -14.4781 -8.3201 4.7119 9.0299 9.0299 10.9889 14.1719
92 -14.6361 -14.5961 -14.5961 -14.4801 -14.4801 -8.3831 4.9649 9.0779 9.0779 10.9979 14.2489
93 -14.6361 -14.5971 -14.5971 -14.4821 -14.4821 -8.4431 5.2189 9.1269 9.1269 11.0069 14.3249
94 -14.6361 -14.5991 -14.5991 -14.4841 -14.4841 -8.5011 5.4739 9.1749 9.1749 11.0159 14.3989
95 -14.6361 -14.6001 -14.6001 -14.4851 -14.4851 -8.5561 5.7289 9.2239 9.2239 11.0249 14.4709
96 -14.6351 -14.6021 -14.6021 -14.4861 -14.4861 -8.6091 5.9859 9.2719 9.2719 11.0339 14.5399
97 -14.6351 -14.6041 -14.6041 -14.4871 -14.4871 -8.6591 6.2419 9.3189 9.3189 11.0429 14.6039
98 -14.6341 -14.6051 -14.6051 -14.4871 -14.4871 -8.7061 6.4979 9.3659 9.3659 11.0519 14.6629
99 -14.6341 -14.6081 -14.6081 -14.4871 -14.4871 -8.7511 6.7539 9.4129 9.4129 11.0609 14.7159
100 -14.6331 -14.6101 -14.6101 -14.4881 -14.4881 -8.7931 7.0089 9.4579 9.4579 11.0709 14.7609
101 -14.6331 -14.6121 -14.6121 -14.4881 -14.4881 -8.8331 7.2619 9.5019 9.5019 11.0809 14.7979
102 -14.6331 -14.6141 -14.6141 -14.4881 -14.4881 -8.8701 7.5139 9.5449 9.5449 11.0909 14.8079
103 -14.6321 -14.6161 -14.6161 -14.4881 -14.4881 -8.9041 7.7629 9.5869 9.5869 11.1019 14.7279
104 -14.6321 -14.6171 -14.6171 -14.4881 -14.4881 -8.9361 8.0079 9.6259 9.6259 11.1139 14.6529
105 -14.6311 -14.6191 -14.6191 -14.4871 -14.4871 -8.9651 8.2479 9.6639 9.6639 11.1269 14.5809
106 -14.6311 -14.6201 -14.6201 -14.4871 -14.4871 -8.9921 8.4819 9.6999 9.6999 11.1409 14.5149
107 -14.6301 -14.6211 -14.6211 -14.4881 -14.4881 -9.0161 8.7079 9.7329 9.7329 11.1569 14.4539
108 -14.6301 -14.6231 -14.6231 -14.4871 -14.4871 -9.0371 8.9229 9.7629 9.7629 11.1739 14.3979
109 -14.6291 -14.6241 -14.6241 -14.4871 -14.4871 -9.0561 9.1259 9.7909 9.7909 11.1949 14.3479
110 -14.6281 -14.6261 -14.6261 -14.4881 -14.4881 -9.0731 9.3109 9.8149 9.8149 11.2179 14.3039
111 -14.6281 -14.6271 -14.6271 -14.4881 -14.4881 -9.0871 9.4769 9.8359 9.8359 11.2429 14.2659
112 -14.6291 -14.6281 -14.6281 -14.4881 -14.4881 -9.0981 9.6189 9.8539 9.8539 11.2689 14.2349
113 -14.6291 -14.6281 -14.6281 -14.4881 -14.4881 -9.1071 9.7329 9.8669 9.8669 11.2959 14.2109
114 -14.6291 -14.6291 -14.6291 -14.4881 -14.4881 -9.1131 9.8169 9.8769 9.8769 11.3179 14.1929
115 -14.6291 -14.6291 -14.6291 -14.4881 -14.4881 -9.1171 9.8679 9.8829 9.8829 11.3339 14.1819
116 -14.6291 -14.6291 -14.6291 -14.4881 -14.4881 -9.1181 9.8849 9.8849 9.8849 11.3399 14.1789
117 -14.6291 -14.6291 -14.6291 -14.4881 -14.4881 -9.1171 9.8779 9.8779 9.8799 11.3339 14.1869
118 -14.6291 -14.6291 -14.6291 -14.4881 -14.4881 -9.1131 9.8539 9.8539 9.8639 11.3169 14.2099
119 -14.6301 -14.6281 -14.6281 -14.4891 -14.4881 -9.1071 9.8159 9.8159 9.8369 11.2889 14.2489
120 -14.6301 -14.6271 -14.6271 -14.4891 -14.4871 -9.0981 9.7639 9.7639 9.7999 11.2519 14.3019
121 -14.6311 -14.6261 -14.6261 -14.4881 -14.4871 -9.0871 9.6989 9.6989 9.7539 11.2049 14.3679
122 -14.6321 -14.6231 -14.6231 -14.4891 -14.4861 -9.0731 9.6229 9.6229 9.6989 11.1509 14.4469
123 -14.6331 -14.6221 -14.6221 -14.4901 -14.4851 -9.0571 9.5369 9.5369 9.6349 11.0909 14.5359
124 -14.6341 -14.6191 -14.6191 -14.4921 -14.4841 -9.0381 9.4419 9.4419 9.5639 11.0239 14.6349
125 -14.6351 -14.6171 -14.6171 -14.4941 -14.4831 -9.0161 9.3389 9.3389 9.4869 10.9539 14.7439
126 -14.6371 -14.6161 -14.6161 -14.4951 -14.4821 -8.9921 9.2299 9.2299 9.4029 10.8789 14.7639
127 -14.6391 -14.6141 -14.6141 -14.4991 -14.4811 -8.9661 9.1159 9.1159 9.3129 10.8019 14.5669
128 -14.6401 -14.6111 -14.6111 -14.5011 -14.4801 -8.9361 8.9969 8.9969 9.2189 10.7229 14.3489
129 -14.6421 -14.6081 -14.6081 -14.5031 -14.4791 -8.9051 8.8749 8.8749 9.1199 10.6419 14.1169
130 -14.6441 -14.6061 -14.6061 -14.5051 -14.4791 -8.8711 8.7509 8.7509 9.0169 10.5599 13.8759
131 -14.6461 -14.6031 -14.6031 -14.5071 -14.4781 -8.8341 8.6239 8.6239 8.9109 10.4769 13.6299
132 -14.6491 -14.5991 -14.5991 -14.5101 -14.4761 -8.7941 8.4949 8.4949 8.8009 10.3939 13.3809
133 -14.6511 -14.5951 -14.5951 -14.5131 -14.4741 -8.7531 8.3649 8.3649 8.6869 10.3109 13.1299
134 -14.6541 -14.5921 -14.5921 -14.5161 -14.4731 -8.7081 8.2349 8.2349 8.5709 10.2279 12.8799
135 -14.6571 -14.5871 -14.5871 -14.5181 -14.4711 -8.6611 8.1039 8.1039 8.4509 10.1449 12.6299
136 -14.6601 -14.5831 -14.5831 -14.5211 -14.4691 -8.6111 7.9729 7.9729 8.3289 10.0629 12.3819
137 -14.6601 -14.5781 -14.5781 -14.5241 -14.4661 -8.5591 7.8419 7.8419 8.2029 9.9819 12.1369
138 -14.6631 -14.5731 -14.5731 -14.5271 -14.4641 -8.5041 7.7119 7.7119 8.0749 9.9019 11.8959
139 -14.6661 -14.5681 -14.5681 -14.5311 -14.4621 -8.4471 7.5819 7.5819 7.9429 9.8229 11.6589
140 -14.6701 -14.5631 -14.5631 -14.5341 -14.4601 -8.3871 7.4529 7.4529 7.8069 9.7449 11.4259
141 -14.6741 -14.5571 -14.5571 -14.5371 -14.4581 -8.3241 7.3259 7.3259 7.6679 9.6679 11.1989
142 -14.6771 -14.5511 -14.5511 -14.5411 -14.4551 -8.2591 7.1989 7.1989 7.5239 9.5919 10.9769
143 -14.6801 -14.5461 -14.5461 -14.5451 -14.4531 -8.1911 7.0739 7.0739 7.3759 9.5179 10.7619
144 -14.6841 -14.5501 -14.5401 -14.5401 -14.4511 -8.1211 6.9499 6.9499 7.2239 9.4439 10.5539
145 -14.6871 -14.5541 -14.5341 -14.5341 -14.4491 -8.0481 6.8269 6.8269 7.0669 9.3729 10.3539
146 -14.6911 -14.5591 -14.5281 -14.5281 -14.4461 -7.9721 6.7069 6.7069 6.9049 9.3029 10.1609
147 -14.6941 -14.5631 -14.5221 -14.5221 -14.4431 -7.8941 6.5879 6.5879 6.7379 9.2339 9.9759
148 -14.6981 -14.5681 -14.5141 -14.5141 -14.4401 -7.8131 6.4709 6.4709 6.5649 9.1669 9.7999
149 -14.7011 -14.5721 -14.5071 -14.5071 -14.4381 -7.7301 6.3559 6.3559 6.3869 9.1009 9.6319
150 -14.7051 -14.5771 -14.5011 -14.5011 -14.4351 -7.6441 6.2049 6.2419 6.2419 9.0369 9.4719
151 -14.7091 -14.5821 -14.4951 -14.4951 -14.4331 -7.5551 6.0169 6.1309 6.1309 8.9739 9.3209
152 -14.7121 -14.5871 -14.4891 -14.4891 -14.4301 -7.4641 5.8239 6.0219 6.0219 8.9129 9.1769
153 -14.7161 -14.5921 -14.4821 -14.4821 -14.4281 -7.3701 5.6269 5.9159 5.9159 8.8539 9.0419
154 -14.7201 -14.5971 -14.4761 -14.4761 -14.4251 -7.2731 5.4259 5.8109 5.8109 8.7959 8.9139
155 -14.7231 -14.6021 -14.4691 -14.4691 -14.4231 -7.1741 5.2219 5.7089 5.7089 8.7399 8.7939
156 -14.7271 -14.6071 -14.4631 -14.4631 -14.4201 -7.0731 5.0139 5.6089 5.6089 8.6809 8.6849
157 -14.7311 -14.6121 -14.4561 -14.4561 -14.4181 -6.9681 4.8029 5.5109 5.5109 8.5739 8.6319
158 -14.7351 -14.6191 -14.4511 -14.4511 -14.4161 -6.8611 4.5899 5.4159 5.4159 8.4729 8.5809
159 -14.7381 -14.6241 -14.4451 -14.4451 -14.4131 -6.7521 4.3739 5.3239 5.3239 8.3789 8.5309
160 -14.7411 -14.6291 -14.4371 -14.4371 -14.4111 -6.6401 4.1569 5.2339 5.2339 8.2899 8.4829
161 -14.7441 -14.6341 -14.4311 -14.4311 -14.4081 -6.5251 3.9389 5.1459 5.1459 8.2059 8.4359
162 -14.7481 -14.6391 -14.4251 -14.4251 -14.4061 -6.4081 3.7189 5.0619 5.0619 8.1269 8.3909
163 -14.7511 -14.6441 -14.4191 -14.4191 -14.4041 -6.2891 3.4989 4.9789 4.9789 8.0519 8.3479
164 -14.7541 -14.6491 -14.4131 -14.4131 -14.4011 -6.1661 3.2779 4.8999 4.8999 7.9819 8.3059
165 -14.7581 -14.6541 -14.4071 -14.4071 -14.3991 -6.0411 3.0569 4.8229 4.8229 7.9159 8.2659
166 -14.7611 -14.6591 -14.4021 -14.4021 -14.3971 -5.9141 2.8359 4.7489 4.7489 7.8539 8.2279
167 -14.7641 -14.6631 -14.3961 -14.3961 -14.3951 -5.7841 2.6149 4.6779 4.6779 7.7959 8.1909
168 -14.7671 -14.6681 -14.3931 -14.3911 -14.3911 -5.6521 2.3949 4.6099 4.6099 7.7409 8.1549
169 -14.7701 -14.6731 -14.3911 -14.3871 -14.3871 -5.5171 2.1749 4.5439 4.5439 7.6889 8.1209
170 -14.7731 -14.6771 -14.3891 -14.3821 -14.3821 -5.3801 1.9559 4.4809 4.4809 7.6409 8.0889
171 -14.7761 -14.6811 -14.3871 -14.3771 -14.3771 -5.2401 1.7379 4.4219 4.4219 7.5959 8.0589
172 -14.7791 -14.6821 -14.3851 -14.3711 -14.3711 -5.0971 1.5209 4.3649 4.3649 7.5529 8.0299
173 -14.7811 -14.6861 -14.3831 -14.3671 -14.3671 -4.9531 1.3049 4.3109 4.3109 7.5139 8.0029
174 -14.7831 -14.6921 -14.3821 -14.3631 -14.3631 -4.8061 1.0899 4.2599 4.2599 7.4769 7.9769
175 -14.7861 -14.6951 -14.3801 -14.3591 -14.3591 -4.6561 0.8769 4.2119 4.2119 7.4429 7.9529
176 -14.7881 -14.6991 -14.3791 -14.3551 -14.3551 -4.5041 0.6639 4.1669 4.1669 7.4109 7.9299
177 -14.7901 -14.7021 -14.3771 -14.3521 -14.3521 -4.3491 0.4539 4.1249 4.1249 7.3819 7.9089
178 -14.7921 -14.7051 -14.3761 -14.3481 -14.3481 -4.1931 0.2449 4.0859 4.0859 7.3549 7.8899
179 -14.7931 -14.7091 -14.3751 -14.3451 -14.3451 -4.0331 0.0379 4.0499 4.0499 7.3299 7.8719
180 -14.7951 -14.7121 -14.3741 -14.3421 -14.3421 -3.8721 -0.1681 4.0179 4.0179 7.3079 7.8549
181 -14.7961 -14.7141 -14.3731 -14.3401 -14.3401 -3.7081 -0.3721 3.9879 3.9879 7.2879 7.8409
182 -14.7981 -14.7161 -14.3721 -14.3371 -14.3371 -3.5421 -0.5741 3.9609 3.9609 7.2709 7.8269
183 -14.7981 -14.7181 -14.3691 -14.3341 -14.3341 -3.3741 -0.7741 3.9379 3.9379 7.2549 7.8159
184 -14.7991 -14.7191 -14.3691 -14.3321 -14.3321 -3.2041 -0.9721 3.9169 3.9169 7.2419 7.8059
185 -14.8001 -14.7221 -14.3711 -14.3311 -14.3311 -3.0311 -1.1671 3.8999 3.8999 7.2299 7.7969
186 -14.8011 -14.7231 -14.3701 -14.3301 -14.3301 -2.8571 -1.3611 3.8859 3.8859 7.2209 7.7899
187 -14.8021 -14.7241 -14.3701 -14.3291 -14.3291 -2.6811 -1.5511 3.8749 3.8749 7.2139 7.7849
188 -14.8021 -14.7241 -14.3691 -14.3281 -14.3281 -2.5061 -1.7381 3.8669 3.8669 7.2089 7.7809
189 -14.8031 -14.7251 -14.3701 -14.3281 -14.3281 -2.3361 -1.9141 3.8619 3.8619 7.2059 7.7779
190 -14.8031 -14.7251 -14.3701 -14.3281 -14.3281 -2.2261 -2.0261 3.8609 3.8609 7.2049 7.7779
191 -14.8021 -14.7241 -14.3681 -14.3281 -14.3281 -2.2261 -2.0241 3.8529 3.8529 7.2149 7.7869
192 -14.8011 -14.7241 -14.3681 -14.3281 -14.3271 -2.2241 -2.0191 3.8289 3.8309 7.2469 7.8159
193 -14.8001 -14.7231 -14.3681 -14.3291 -14.3271 -2.2211 -2.0121 3.7909 3.7939 7.2979 7.8629
194 -14.8001 -14.7221 -14.3701 -14.3321 -14.3271 -2.2171 -2.0011 3.7379 3.7449 7.3669 7.9269
195 -14.7981 -14.7211 -14.3711 -14.3341 -14.3271 -2.2111 -1.9871 3.6729 3.6849 7.4539 8.0079
196 -14.7961 -14.7201 -14.3721 -14.3371 -14.3271 -2.2051 -1.9691 3.5969 3.6149 7.5559 8.1029
197 -14.7941 -14.7191 -14.3731 -14.3401 -14.3271 -2.1971 -1.9491 3.5109 3.5369 7.6719 8.2109
198 -14.7911 -14.7171 -14.3751 -14.3431 -14.3271 -2.1881 -1.9261 3.4159 3.4529 7.7999 8.3309
199 -14.7881 -14.7151 -14.3771 -14.3481 -14.3271 -2.1781 -1.9001 3.3149 3.3639 7.9389 8.4609
200 -14.7841 -14.7131 -14.3791 -14.3521 -14.3271 -2.1671 -1.8701 3.2069 3.2719 8.0879 8.6009
201 -14.7811 -14.7101 -14.3811 -14.3571 -14.3281 -2.1561 -1.8381 3.0949 3.1769 8.2449 8.7489
202 -14.7771 -14.7081 -14.3841 -14.3621 -14.3281 -2.1431 -1.8021 2.9779 3.0799 8.4089 8.9049
203 -14.7721 -14.7051 -14.3861 -14.3681 -14.3281 -2.1291 -1.7641 2.8589 2.9819 8.5799 9.0669
204 -14.7671 -14.7021 -14.3891 -14.3741 -14.3281 -2.1141 -1.7221 2.7369 2.8839 8.7569 9.2349
205 -14.7621 -14.6991 -14.3921 -14.3811 -14.3281 -2.0991 -1.6781 2.6129 2.7869 8.9399 9.4079
206 -14.7561 -14.6951 -14.3941 -14.3871 -14.3281 -2.0831 -1.6311 2.4879 2.6909 9.1279 9.5859
207 -14.7491 -14.6911 -14.3971 -14.3951 -14.3281 -2.0661 -1.5801 2.3619 2.5959 9.3199 9.7689
208 -14.7431 -14.6881 -14.4021 -14.4001 -14.3281 -2.0491 -1.5271 2.2349 2.5039 9.5149 9.9559
209 -14.7361 -14.6841 -14.4101 -14.4031 -14.3281 -2.0311 -1.4711 2.1079 2.4129 9.7149 10.1459
210 -14.7291 -14.6801 -14.4181 -14.4071 -14.3281 -2.0131 -1.4121 1.9809 2.3249 9.9169 10.3399
211 -14.7231 -14.6771 -14.4271 -14.4101 -14.3281 -1.9951 -1.3511 1.8539 2.2409 10.1229 10.5369
212 -14.7161 -14.6731 -14.4351 -14.4141 -14.3281 -1.9761 -1.2861 1.7279 2.1589 10.3309 10.7359
213 -14.7081 -14.6691 -14.4441 -14.4171 -14.3281 -1.9581 -1.2191 1.6019 2.0809 10.5399 10.9389
214 -14.7001 -14.6651 -14.4531 -14.4201 -14.3281 -1.9401 -1.1491 1.4779 2.0069 10.7509 11.1439
215 -14.6911 -14.6611 -14.4611 -14.4241 -14.3281 -1.9231 -1.0771 1.3539 1.9379 10.9629 11.3519
216 -14.6831 -14.6581 -14.4711 -14.4271 -14.3281 -1.9051 -1.0021 1.2309 1.8719 11.1749 11.5619
217 -14.6751 -14.6541 -14.4811 -14.4301 -14.3281 -1.8891 -0.9241 1.1099 1.8109 11.3869 11.7749
218 -14.6661 -14.6511 -14.4911 -14.4331 -14.3281 -1.8731 -0.8441 0.9899 1.7549 11.5969 11.9889
219 -14.6571 -14.6481 -14.5001 -14.4351 -14.3281 -1.8591 -0.7611 0.8719 1.7049 11.8029 12.2059
220 -14.6481 -14.6451 -14.5101 -14.4391 -14.3281 -1.8461 -0.6751 0.7549 1.6589 12.0049 12.4239
221 -14.6421 -14.6391 -14.5201 -14.4411 -14.3281 -1.8341 -0.5881 0.6399 1.6189 12.1989 12.6439
222 -14.6401 -14.6301 -14.5301 -14.4431 -14.3281 -1.8231 -0.4971 0.5269 1.5849 12.3819 12.8669
223 -14.6381 -14.6201 -14.5401 -14.4451 -14.3281 -1.8151 -0.4051 0.4149 1.5569 12.5479 13.0899
224 -14.6361 -14.6101 -14.5511 -14.4461 -14.3281 -1.8081 -0.3101 0.3049 1.5349 12.6929 13.3159
225 -14.6351 -14.6001 -14.5611 -14.4481 -14.3281 -1.8031 -0.2131 0.1979 1.5189 12.8059 13.5429
226 -14.6351 -14.5911 -14.5711 -14.4481 -14.3281 -1.8001 -0.1131 0.0919 1.5099 12.8789 13.7709
227 -14.6331 -14.5791 -14.5791 -14.4481 -14.3271 -1.7991 -0.0121 -0.0121 1.5069 12.9039 14.0009
228 -14.6341 -14.5871 -14.5731 -14.4481 -14.3281 -1.8021 -0.0791 0.0549 1.5139 12.8829 13.8589
229 -14.6351 -14.5931 -14.5671 -14.4481 -14.3291 -1.8131 -0.1431 0.1179 1.5379 12.8129 13.7449
230 -14.6361 -14.5991 -14.5611 -14.4481 -14.3291 -1.8281 -0.2051 0.1719 1.5809 12.6919 13.6649
231 -14.6381 -14.6041 -14.5541 -14.4471 -14.3291 -1.8471 -0.2651 0.2159 1.6429 12.5279 13.6149
232 -14.6411 -14.6081 -14.5471 -14.4471 -14.3301 -1.8691 -0.3231 0.2489 1.7239 12.3339 13.5839
233 -14.6451 -14.6111 -14.5411 -14.4461 -14.3311 -1.8921 -0.3781 0.2699 1.8239 12.1209 13.5619
234 -14.6491 -14.6131 -14.5341 -14.4451 -14.3321 -1.9161 -0.4311 0.2819 1.9399 11.8969 13.5459
235 -14.6541 -14.6141 -14.5271 -14.4441 -14.3331 -1.9411 -0.4821 0.2849 2.0699 11.6669 13.5309
236 -14.6601 -14.6161 -14.5211 -14.4431 -14.3341 -1.9661 -0.5301 0.2819 2.2109 11.4319 13.5159
237 -14.6651 -14.6161 -14.5141 -14.4411 -14.3351 -1.9901 -0.5761 0.2739 2.3619 11.1959 13.5019
238 -14.6711 -14.6161 -14.5071 -14.4401 -14.3361 -2.0151 -0.6201 0.2619 2.5199 10.9589 13.4869
239 -14.6761 -14.6171 -14.5021 -14.4401 -14.3381 -2.0381 -0.6611 0.2479 2.6829 10.7229 13.4729
240 -14.6821 -14.6171 -14.4961 -14.4391 -14.3401 -2.0611 -0.7001 0.2329 2.8509 10.4889 13.4579
241 -14.6871 -14.6181 -14.4901 -14.4381 -14.3421 -2.0821 -0.7361 0.2159 3.0229 10.2559 13.4429
242 -14.6921 -14.6181 -14.4841 -14.4371 -14.3441 -2.1021 -0.7701 0.1999 3.1959 10.0269 13.4289
243 -14.6981 -14.6181 -14.4781 -14.4361 -14.3461 -2.1221 -0.8011 0.1839 3.3699 9.8019 13.4149
244 -14.7011 -14.6181 -14.4721 -14.4351 -14.3481 -2.1391 -0.8301 0.1679 3.5449 9.5819 13.4019
245 -14.7051 -14.6181 -14.4671 -14.4341 -14.3511 -2.1561 -0.8561 0.1529 3.7179 9.3669 13.3899
246 -14.7091 -14.6181 -14.4611 -14.4331 -14.3531 -2.1711 -0.8801 0.1389 3.8879 9.1599 13.3779
247 -14.7131 -14.6181 -14.4571 -14.4331 -14.3561 -2.1841 -0.9021 0.1259 4.0529 8.9609 13.3679
248 -14.7161 -14.6181 -14.4521 -14.4321 -14.3581 -2.1961 -0.9211 0.1139 4.2119 8.7729 13.3589
249 -14.7181 -14.6181 -14.4481 -14.4311 -14.3601 -2.2071 -0.9371 0.1039 4.3619 8.5979 13.3499
250 -14.7211 -14.6181 -14.4441 -14.4311 -14.3631 -2.2151 -0.9511 0.0949 4.4999 8.4389 13.3429
251 -14.7231 -14.6181 -14.4401 -14.4301 -14.3651 -2.2231 -0.9621 0.0879 4.6219 8.2989 13.3369
252 -14.7241 -14.6181 -14.4381 -14.4301 -14.3661 -2.2281 -0.9711 0.0819 4.7239 8.1839 13.3329
253 -14.7251 -14.6181 -14.4361 -14.4301 -14.3681 -2.2321 -0.9781 0.0779 4.8009 8.0969 13.3299
254 -14.7261 -14.6181 -14.4341 -14.4301 -14.3691 -2.2351 -0.9811 0.0759 4.8499 8.0429 13.3279
255 -14.7261 -14.6181 -14.4341 -14.4301 -14.3691 -2.2361 -0.9831 0.0749 4.8659 8.0249 13.3269
