1 1.0171 1.0171 3.1861 10.1871 25.2861
2 0.9841 1.0161 3.2241 10.1911 25.2751
3 0.8911 1.0131 3.3321 10.2031 25.2421
4 0.7521 1.0071 3.4971 10.2241 25.1901
5 0.5821 0.9991 3.7021 10.2531 25.1191
6 0.3931 0.9901 3.9361 10.2901 25.0321
7 0.1921 0.9781 4.1931 10.3351 24.9311
8 -0.0159 0.9641 4.4651 10.3881 24.8191
9 -0.2259 0.9481 4.7501 10.4491 24.6981
10 -0.4369 0.9311 5.0461 10.5181 24.5701
11 -0.6469 0.9111 5.3511 10.5941 24.4371
12 -0.8559 0.8911 5.6641 10.6781 24.3011
13 -1.0609 0.8681 5.9831 10.7691 24.1631
14 -1.2639 0.8451 6.3091 10.8681 24.0241
15 -1.4619 0.8201 6.6401 10.9741 23.8871
16 -1.6569 0.7941 6.9761 11.0861 23.7511
17 -1.8469 0.7671 7.3171 11.2051 23.6171
18 -2.0329 0.7401 7.6621 11.3311 23.4861
19 -2.2139 0.7121 8.0111 11.4631 23.3601
20 -2.3899 0.6831 8.3631 11.6011 23.2381
21 -2.5609 0.6541 8.7181 11.7441 23.1221
22 -2.7279 0.6241 9.0761 11.8941 23.0111
23 -2.8889 0.5941 9.4361 12.0491 22.9071
24 -3.0449 0.5651 9.7981 12.2091 22.8111
25 -3.1959 0.5351 10.1601 12.3731 22.7221
26 -3.3409 0.5051 10.5231 12.5431 22.6421
27 -3.4819 0.4761 10.8861 12.7161 22.5711
28 -3.6169 0.4471 11.2481 12.8931 22.5101
29 -3.7469 0.4191 11.6071 13.0741 22.4601
30 -3.8709 0.3911 11.9641 13.2581 22.4231
31 -3.9899 0.3641 12.3161 13.4451 22.3981
32 -4.1029 0.3371 12.6631 13.6331 22.3881
33 -4.2109 0.3121 13.0041 13.8241 22.3941
34 -4.3139 0.2871 13.3351 14.0151 22.4161
35 -4.4109 0.2631 13.6571 14.2061 22.4581
36 -4.5029 0.2401 13.9671 14.3971 22.5191
37 -4.5889 0.2181 14.2641 14.5871 22.6021
38 -4.6689 0.1981 14.5451 14.7751 22.7091
39 -4.7439 0.1781 14.8101 14.9591 22.8401
40 -4.8139 0.1601 15.0551 15.1391 22.9971
41 -4.8779 0.1431 15.2821 15.3131 23.1811
42 -4.9359 0.1281 15.4801 15.4871 23.3921
43 -4.9889 0.1141 15.6391 15.6711 23.6301
44 -5.0369 0.1011 15.7881 15.8341 23.8941
45 -5.0779 0.0901 15.9251 15.9751 24.1831
46 -5.1149 0.0801 16.0481 16.0961 24.4941
47 -5.1449 0.0711 16.1561 16.1961 24.8251
48 -5.1699 0.0651 16.2481 16.2761 25.1711
49 -5.1899 0.0591 16.3201 16.3381 25.5201
50 -5.2039 0.0551 16.3731 16.3821 25.8551
51 -5.2119 0.0531 16.4061 16.4081 26.1291
52 -5.2149 0.0521 16.4161 16.4161 26.2451
53 -5.2279 0.0701 16.4171 16.4171 26.2491
54 -5.2669 0.1231 16.4201 16.4201 26.2601
55 -5.3299 0.2091 16.4241 16.4241 26.2801
56 -5.4149 0.3271 16.4301 16.4301 26.3081
57 -5.5189 0.4731 16.4381 16.4381 26.3431
58 -5.6399 0.6451 16.4471 16.4471 26.3861
59 -5.7739 0.8401 16.4581 16.4581 26.4371
60 -5.9199 1.0551 16.4711 16.4711 26.4961
61 -6.0739 1.2881 16.4861 16.4861 26.5621
62 -6.2349 1.5371 16.5021 16.5021 26.6351
63 -6.3999 1.8011 16.5211 16.5211 26.7161
64 -6.5699 2.0771 16.5411 16.5411 26.8041
65 -6.7409 2.3641 16.5641 16.5641 26.9001
66 -6.9139 2.6621 16.5881 16.5881 27.0021
67 -7.0879 2.9691 16.6141 16.6141 27.1121
68 -7.2609 3.2861 16.6421 16.6421 27.2281
69 -7.4339 3.6101 16.6731 16.6731 27.3511
70 -7.6059 3.9421 16.7051 16.7051 27.4801
71 -7.7749 4.2811 16.7401 16.7401 27.6151
72 -7.9429 4.6271 16.7771 16.7771 27.7561
73 -8.1089 4.9791 16.8161 16.8161 27.9031
74 -8.2719 5.3371 16.8571 16.8571 28.0561
75 -8.4319 5.7011 16.9001 16.9001 28.2131
76 -8.5889 6.0701 16.9451 16.9451 28.3751
77 -8.7429 6.4451 16.9931 16.9931 28.5411
78 -8.8939 6.8241 17.0431 17.0431 28.7111
79 -9.0409 7.2081 17.0951 17.0951 28.8411
80 -9.1859 7.5961 17.1501 17.1501 28.7801
81 -9.3259 7.9881 17.2061 17.2061 28.7041
82 -9.4629 8.3841 17.2651 17.2651 28.6161
83 -9.5959 8.7841 17.3251 17.3251 28.5181
84 -9.7259 9.1871 17.3881 17.3881 28.4141
85 -9.8519 9.5931 17.4531 17.4531 28.3071
86 -9.9739 10.0021 17.5191 17.5191 28.1981
87 -10.0919 10.4131 17.5871 17.5871 28.0891
88 -10.2059 10.8261 17.6571 17.6571 27.9821
89 -10.3169 11.2401 17.7291 17.7291 27.8781
90 -10.4229 11.6561 17.8021 17.8021 27.7781
91 -10.5259 12.0721 17.8761 17.8761 27.6831
92 -10.6239 12.4881 17.9511 17.9511 27.5941
93 -10.7189 12.9031 18.0281 18.0281 27.5121
94 -10.8089 13.3171 18.1051 18.1051 27.4381
95 -10.8959 13.7291 18.1821 18.1821 27.3731
96 -10.9779 14.1381 18.2601 18.2601 27.3161
97 -11.0569 14.5421 18.3371 18.3371 27.2711
98 -11.1319 14.9421 18.4151 18.4151 27.2361
99 -11.2019 15.3351 18.4911 18.4911 27.2141
100 -11.2689 15.7201 18.5671 18.5671 27.2061
101 -11.3309 16.0951 18.6411 18.6411 27.2121
102 -11.3899 16.4591 18.7141 18.7141 27.2351
103 -11.4439 16.8101 18.7841 18.7841 27.2741
104 -11.4939 17.1461 18.8521 18.8521 27.3321
105 -11.5409 17.4651 18.9161 18.9161 27.4091
106 -11.5829 17.7641 18.9771 18.9771 27.5071
107 -11.6209 18.0421 19.0351 19.0351 27.6261
108 -11.6559 18.2971 19.0871 19.0871 27.7671
109 -11.6859 18.5261 19.1351 19.1351 27.9291
110 -11.7119 18.7271 19.1771 19.1771 28.1101
111 -11.7339 18.9001 19.2141 19.2141 28.3081
112 -11.7519 19.0431 19.2451 19.2451 28.5151
113 -11.7669 19.1551 19.2691 19.2691 28.7211
114 -11.7769 19.2351 19.2861 19.2861 28.9081
115 -11.7829 19.2841 19.2971 19.2971 29.0451
116 -11.7849 19.3001 19.3001 19.3001 29.0971
117 -11.7829 19.2881 19.2881 19.3001 29.0291
118 -11.7769 19.2541 19.2541 19.3001 28.8481
119 -11.7669 19.1971 19.1971 19.3001 28.5931
120 -11.7529 19.1201 19.1201 19.3001 28.2961
121 -11.7339 19.0221 19.0221 19.2991 27.9771
122 -11.7119 18.9061 18.9061 19.2991 27.6461
123 -11.6859 18.7741 18.7741 19.2981 27.3101
124 -11.6559 18.6271 18.6271 19.2971 26.9711
125 -11.6219 18.4661 18.4661 19.2951 26.6321
126 -11.5839 18.2951 18.2951 19.2931 26.2961
127 -11.5409 18.1141 18.1141 19.2901 25.9611
128 -11.4949 17.9241 17.9241 19.2861 25.6301
129 -11.4439 17.7281 17.7281 19.2811 25.3031
130 -11.3899 17.5261 17.5261 19.2741 24.9801
131 -11.3319 17.3201 17.3201 19.2651 24.6611
132 -11.2689 17.1091 17.1091 19.2551 24.3471
133 -11.2019 16.8971 16.8971 19.2411 24.0381
134 -11.1319 16.6821 16.6821 19.2241 23.7331
135 -11.0569 16.4661 16.4661 19.2031 23.4341
136 -10.9779 16.2501 16.2501 19.1781 23.1391
137 -10.8949 16.0331 16.0331 19.1461 22.8501
138 -10.8079 15.8171 15.8171 19.1071 22.5651
139 -10.7169 15.6021 15.6021 19.0591 22.2861
140 -10.6209 15.3891 15.3891 19.0011 22.0121
141 -10.5219 15.1771 15.1771 18.9311 21.7441
142 -10.4189 14.9661 14.9661 18.8451 21.4801
143 -10.3109 14.7581 14.7581 18.7421 21.2221
144 -10.1989 14.5531 14.5531 18.6181 20.9691
145 -10.0829 14.3501 14.3501 18.4701 20.7221
146 -9.9639 14.1501 14.1501 18.2961 20.4801
147 -9.8399 13.9531 13.9531 18.0941 20.2431
148 -9.7109 13.7601 13.7601 17.8611 20.0111
149 -9.5789 13.5701 13.5701 17.5971 19.7851
150 -9.4429 13.3831 13.3831 17.3041 19.5651
151 -9.3029 13.2001 13.2001 16.9831 19.3501
152 -9.1579 13.0211 13.0211 16.6381 19.1401
153 -9.0099 12.8451 12.8451 16.2711 18.9361
154 -8.8569 12.6741 12.6741 15.8861 18.7371
155 -8.7009 12.5061 12.5061 15.4881 18.5431
156 -8.5399 12.3431 12.3431 15.0771 18.3551
157 -8.3759 12.1841 12.1841 14.6581 18.1721
158 -8.2079 12.0291 12.0291 14.2331 17.9951
159 -8.0359 11.8791 11.8791 13.8041 17.8231
160 -7.8599 11.7321 11.7321 13.3721 17.6561
161 -7.6799 11.5911 11.5911 12.9391 17.4951
162 -7.4969 11.4531 11.4531 12.5061 17.3401
163 -7.3099 11.3201 11.3201 12.0751 17.1901
164 -7.1199 11.1921 11.1921 11.6451 17.0451
165 -6.9259 11.0681 11.0681 11.2181 16.9061
166 -6.7289 10.7951 10.9491 10.9491 16.7721
167 -6.5299 10.3761 10.8351 10.8351 16.6441
168 -6.3269 9.9611 10.7251 10.7251 16.5211
169 -6.1219 9.5521 10.6201 10.6201 16.4041
170 -5.9139 9.1491 10.5201 10.5201 16.2921
171 -5.7049 8.7531 10.4251 10.4251 16.1851
172 -5.4929 8.3631 10.3341 10.3341 16.0841
173 -5.2809 7.9811 10.2481 10.2481 15.9891
174 -5.0679 7.6071 10.1671 10.1671 15.8981
175 -4.8539 7.2421 10.0911 10.0911 15.8141
176 -4.6409 6.8871 10.0191 10.0191 15.7351
177 -4.4299 6.5431 9.9531 9.9531 15.6611
178 -4.2209 6.2111 9.8911 9.8911 15.5931
179 -4.0159 5.8921 9.8341 9.8341 15.5301
180 -3.8149 5.5881 9.7821 9.7821 15.4721
181 -3.6219 5.3001 9.7351 9.7351 15.4201
182 -3.4369 5.0311 9.6931 9.6931 15.3741
183 -3.2629 4.7831 9.6561 9.6561 15.3331
184 -3.1029 4.5581 9.6241 9.6241 15.2971
185 -2.9599 4.3601 9.5971 9.5971 15.2671
186 -2.8369 4.1921 9.5751 9.5751 15.2431
187 -2.7369 4.0571 9.5571 9.5571 15.2241
188 -2.6619 3.9581 9.5451 9.5451 15.2101
189 -2.6169 3.8971 9.5371 9.5371 15.2021
190 -2.6009 3.8771 9.5351 9.5351 15.1991
191 -2.5989 3.8751 9.5101 9.5361 15.2291
192 -2.5909 3.8711 9.4361 9.5401 15.3181
193 -2.5769 3.8641 9.3181 9.5471 15.4621
194 -2.5589 3.8541 9.1621 9.5571 15.6551
195 -2.5349 3.8421 8.9741 9.5691 15.8891
196 -2.5059 3.8271 8.7611 9.5831 16.1601
197 -2.4709 3.8091 8.5271 9.6001 16.4601
198 -2.4309 3.7901 8.2791 9.6191 16.7861
199 -2.3859 3.7691 8.0201 9.6401 17.1331
200 -2.3349 3.7451 7.7521 9.6621 17.4991
201 -2.2789 3.7211 7.4791 9.6861 17.8811
202 -2.2179 3.6951 7.2021 9.7111 18.2771
203 -2.1519 3.6671 6.9231 9.7371 18.6851
204 -2.0799 3.6391 6.6431 9.7641 19.1041
205 -2.0029 3.6111 6.3631 9.7911 19.5341
206 -1.9199 3.5821 6.0831 9.8191 19.9731
207 -1.8329 3.5521 5.8061 9.8471 20.4211
208 -1.7399 3.5231 5.5301 9.8751 20.8771
209 -1.6419 3.4941 5.2571 9.9021 21.3401
210 -1.5379 3.4651 4.9871 9.9291 21.8111
211 -1.4289 3.4371 4.7201 9.9551 22.2881
212 -1.3149 3.4101 4.4561 9.9811 22.7731
213 -1.1959 3.3841 4.1961 10.0051 23.2631
214 -1.0719 3.3581 3.9401 10.0291 23.7601
215 -0.9419 3.3351 3.6881 10.0511 24.2631
216 -0.8069 3.3121 3.4411 10.0711 24.6111
217 -0.6669 3.1971 3.2911 10.0911 24.7141
218 -0.5219 2.9581 3.2721 10.1081 24.8121
219 -0.3709 2.7241 3.2541 10.1241 24.9041
220 -0.2159 2.4941 3.2391 10.1391 24.9871
221 -0.0549 2.2681 3.2251 10.1511 25.0631
222 0.1111 2.0481 3.2131 10.1621 25.1291
223 0.2821 1.8321 3.2031 10.1711 25.1841
224 0.4581 1.6211 3.1961 10.1781 25.2281
225 0.6401 1.4151 3.1901 10.1831 25.2601
226 0.8261 1.2131 3.1871 10.1861 25.2791
227 1.0171 1.0171 3.1861 10.1871 25.2861
228 0.8911 1.1301 3.2031 10.1881 25.2781
229 0.7701 1.2111 3.2561 10.1921 25.2521
230 0.6531 1.2591 3.3441 10.1991 25.2061
231 0.5411 1.2791 3.4651 10.2091 25.1351
232 0.4331 1.2751 3.6111 10.2211 25.0381
233 0.3301 1.2531 3.7771 10.2381 24.9111
234 0.2311 1.2181 3.9571 10.2571 24.7531
235 0.1371 1.1741 4.1461 10.2801 24.5671
236 0.0481 1.1251 4.3391 10.3081 24.3531
237 -0.0369 1.0731 4.5351 10.3391 24.1161
238 -0.1179 1.0191 4.7301 10.3741 23.8611
239 -0.1939 0.9651 4.9231 10.4131 23.5931
240 -0.2649 0.9131 5.1101 10.4571 23.3171
241 -0.3319 0.8621 5.2921 10.5051 23.0371
242 -0.3939 0.8131 5.4651 10.5571 22.7571
243 -0.4509 0.7671 5.6291 10.6131 22.4821
244 -0.5039 0.7241 5.7831 10.6711 22.2141
245 -0.5529 0.6831 5.9261 10.7321 21.9561
246 -0.5969 0.6471 6.0571 10.7951 21.7121
247 -0.6359 0.6131 6.1751 10.8571 21.4841
248 -0.6699 0.5841 6.2801 10.9181 21.2751
249 -0.6999 0.5581 6.3711 10.9761 21.0881
250 -0.7259 0.5361 6.4491 11.0291 20.9241
251 -0.7459 0.5181 6.5121 11.0761 20.7871
252 -0.7629 0.5041 6.5611 11.1141 20.6771
253 -0.7739 0.4941 6.5961 11.1431 20.5981
254 -0.7809 0.4881 6.6171 11.1601 20.5501
255 -0.7829 0.4861 6.6251 11.1661 20.5341
