1 -8.215522 -8.215482 -4.244922 -4.244892 4.085348 4.085378 4.916748 4.916958 11.057458 11.058108 14.466518 14.466738 20.320598 20.322108 25.977058 25.978728 27.677778 27.678918
2 -8.278922 -8.152502 -4.290652 -4.196282 4.033578 4.127448 4.864518 4.982958 10.917708 11.184468 14.315058 14.631828 20.206198 20.436138 25.886468 26.056118 27.491068 27.863548
3 -8.342562 -8.090092 -4.333272 -4.144992 3.976128 4.154498 4.831318 5.058748 10.764608 11.297748 14.177158 14.810258 20.090918 20.550328 25.785518 26.113848 27.309368 28.042668
4 -8.406252 -8.028502 -4.372532 -4.091252 3.915768 4.161418 4.822338 5.141488 10.599248 11.397898 14.052578 15.001028 19.975788 20.663768 25.677118 26.136978 27.147608 28.213638
5 -8.469852 -7.967962 -4.408162 -4.035252 3.854228 4.146308 4.839488 5.229408 10.422588 11.485498 13.940618 15.202918 19.861188 20.776308 25.562348 26.103428 27.028268 28.375388
6 -8.533212 -7.908702 -4.439902 -3.977202 3.792648 4.111888 4.880078 5.321368 10.235848 11.561308 13.840358 15.414378 19.747558 20.887808 25.441748 25.994788 26.970268 28.527348
7 -8.596212 -7.850982 -4.467482 -3.917262 3.731768 4.063328 4.938948 5.416608 10.040308 11.626218 13.750718 15.633558 19.635538 20.998118 25.315638 25.815868 26.969408 28.669338
8 -8.658732 -7.795072 -4.490612 -3.855622 3.672118 4.005558 5.011178 5.514578 9.837338 11.681138 13.670588 15.858248 19.525998 21.107088 25.184178 25.587198 27.005888 28.801308
9 -8.720662 -7.741232 -4.508992 -3.792442 3.614058 3.942148 5.093208 5.614898 9.628228 11.726978 13.598868 16.085958 19.420138 21.214548 25.047458 25.326188 27.063108 28.923398
10 -8.781922 -7.689732 -4.522352 -3.727892 3.557838 3.875458 5.182698 5.717298 9.414178 11.764608 13.534488 16.313658 19.319658 21.320328 24.905488 25.043228 27.131528 29.035838
11 -8.842412 -7.640842 -4.530422 -3.662142 3.503668 3.806998 5.278128 5.821538 9.196348 11.794808 13.476508 16.537488 19.227118 21.424178 24.744348 24.758418 27.206148 29.138878
12 -8.902052 -7.594822 -4.532932 -3.595332 3.451718 3.737738 5.378568 5.927438 8.975718 11.818298 13.424068 16.752498 19.146238 21.525818 24.433378 24.606248 27.284288 29.232858
13 -8.960772 -7.551882 -4.529642 -3.527632 3.402098 3.668288 5.483408 6.034858 8.753158 11.835688 13.376418 16.951978 19.082518 21.624848 24.112928 24.449268 27.364448 29.318118
14 -9.018512 -7.512242 -4.520362 -3.459172 3.354938 3.599058 5.592228 6.143658 8.529468 11.847528 13.332888 17.127018 19.043638 21.720738 23.785238 24.287818 27.445738 29.395018
15 -9.075202 -7.476052 -4.504922 -3.390132 3.310308 3.530328 5.704778 6.253718 8.305328 11.854308 13.292948 17.266918 19.039088 21.812708 23.452298 24.122508 27.527598 29.463938
16 -9.130792 -7.443442 -4.483212 -3.320642 3.268298 3.462258 5.820888 6.364918 8.081318 11.856428 13.256098 17.361568 19.077658 21.899568 23.116068 23.954348 27.609678 29.525258
17 -9.185242 -7.414462 -4.455172 -3.250862 3.228978 3.394958 5.940458 6.477168 7.857958 11.854258 13.221948 17.405988 19.162888 21.979498 22.778588 23.785038 27.691738 29.579348
18 -9.238492 -7.389152 -4.420802 -3.180942 3.192408 3.328488 6.063408 6.590348 7.635738 11.848088 13.190148 17.403018 19.290108 22.049488 22.442358 23.617468 27.773568 29.626588
19 -9.290502 -7.367442 -4.380162 -3.111042 3.158658 3.262868 6.189718 6.704368 7.415048 11.838218 13.160408 17.361158 19.448348 22.104518 22.110468 23.456528 27.855018 29.667368
20 -9.341252 -7.349262 -4.333362 -3.041302 3.127768 3.198088 6.319398 6.819128 7.196248 11.824868 13.132488 17.289968 19.624078 21.787458 22.136398 23.310388 27.935988 29.702038
21 -9.390682 -7.334472 -4.280562 -2.971882 3.099778 3.134108 6.452418 6.934508 6.979738 11.808278 13.106178 17.197308 19.801778 21.481738 22.132828 23.191238 28.016328 29.730978
22 -9.438772 -7.322872 -4.221982 -2.902952 3.070868 3.074728 6.588768 6.765878 7.050398 11.788638 13.081288 17.088698 19.958478 21.211338 22.080608 23.112288 28.095938 29.754558
23 -9.485492 -7.314272 -4.157862 -2.834652 3.008278 3.052658 6.554548 6.728918 7.166688 11.766148 13.057688 16.967798 20.048198 21.019228 21.974128 23.079158 28.174708 29.773118
24 -9.530822 -7.308432 -4.088462 -2.767132 2.946228 3.033578 6.346768 6.872198 7.283248 11.740988 13.035228 16.836908 20.003588 20.971068 21.820018 23.085238 28.252518 29.787028
25 -9.574732 -7.305102 -4.014112 -2.700572 2.884598 3.017498 6.142458 7.019088 7.399928 11.713378 13.013798 16.697498 19.828178 21.062518 21.630608 23.118298 28.329248 29.796638
26 -9.617192 -7.304012 -3.935122 -2.635102 2.823218 3.004418 5.941978 7.169578 7.516588 11.683498 12.993318 16.550418 19.591288 21.223978 21.416438 23.167928 28.404788 29.802288
27 -9.658182 -7.304912 -3.851792 -2.570892 2.761898 2.994328 5.745658 7.323738 7.633068 11.651588 12.973668 16.396178 19.335958 21.184488 21.412448 23.227258 28.479008 29.804328
28 -9.697702 -7.307552 -3.764492 -2.508092 2.700428 2.987208 5.553908 7.481598 7.749138 11.617908 12.954798 16.235138 19.079928 20.939198 21.610368 23.292098 28.551768 29.803078
29 -9.735702 -7.311682 -3.673532 -2.446842 2.638558 2.982988 5.367098 7.643238 7.864608 11.582738 12.936618 16.067578 18.830938 20.683368 21.810228 23.359868 28.622948 29.798898
30 -9.772202 -7.317052 -3.579242 -2.387292 2.576018 2.981628 5.185658 7.808698 7.979228 11.546428 12.919048 15.893828 18.592878 20.418918 22.008258 23.428958 28.692428 29.792088
31 -9.807162 -7.323462 -3.481982 -2.329582 2.512498 2.983038 5.010038 7.978028 8.092698 11.509368 12.902028 15.714328 18.367858 20.147288 22.202288 23.498258 28.760048 29.782988
32 -9.840572 -7.330692 -3.382102 -2.273842 2.447678 2.987098 4.840748 8.151238 8.204688 11.472038 12.885468 15.529718 18.157028 19.869658 22.390928 23.567008 28.825678 29.771918
33 -9.872422 -7.338562 -3.279932 -2.220202 2.381218 2.993688 4.678308 8.314808 8.328358 11.435008 12.869298 15.340788 17.960838 19.587038 22.573238 23.634658 28.889178 29.759168
34 -9.902702 -7.346882 -3.175832 -2.168782 2.312768 3.002638 4.523248 8.422618 8.509388 11.398918 12.853428 15.148498 17.779268 19.300378 22.748518 23.700768 28.950428 29.745048
35 -9.931402 -7.355502 -3.070202 -2.119682 2.242028 3.013778 4.376138 8.527568 8.694248 11.364548 12.837738 14.953948 17.612038 19.010678 22.916208 23.764958 29.009278 29.729848
36 -9.958502 -7.364282 -2.963432 -2.073012 2.168738 3.026888 4.237498 8.629078 8.882898 11.332788 12.822098 14.758278 17.458568 18.718888 23.075868 23.826958 29.065598 29.713858
37 -9.984012 -7.373082 -2.855952 -2.028852 2.092708 3.041718 4.107798 8.726478 9.075208 11.304638 12.806378 14.562618 17.318198 18.426028 23.227158 23.886488 29.119258 29.697338
38 -10.007902 -7.381782 -2.748262 -1.987292 2.013908 3.057998 3.987468 8.818978 9.270978 11.281248 12.790368 14.368078 17.190198 18.133258 23.369748 23.943318 29.170118 29.680558
39 -10.030182 -7.390282 -2.640872 -1.948392 1.932478 3.075428 3.876788 8.905798 9.469958 11.263838 12.773848 14.175658 17.073848 17.841778 23.503398 23.997218 29.218068 29.663768
40 -10.050842 -7.398492 -2.534382 -1.912222 1.848748 3.093678 3.775928 8.986098 9.671798 11.253658 12.756498 13.986248 16.968458 17.552948 23.627898 24.047998 29.262998 29.647188
41 -10.069862 -7.406312 -2.429482 -1.878832 1.763308 3.112418 3.684888 9.059098 9.876008 11.251968 12.737938 13.800628 16.873418 17.268348 23.743028 24.095468 29.304768 29.631068
42 -10.087252 -7.413682 -2.326962 -1.848262 1.677008 3.131268 3.603568 9.124108 10.081938 11.259878 12.717688 13.619498 16.788178 16.989788 23.848648 24.139458 29.343298 29.615608
43 -10.102992 -7.420532 -2.227742 -1.820542 1.590928 3.149858 3.531698 9.180668 10.288748 11.278288 12.695108 13.443478 16.712248 16.719368 23.944598 24.179788 29.378468 29.600998
44 -10.117092 -7.426802 -2.132872 -1.795692 1.506418 3.167818 3.468928 9.228618 10.495338 11.307698 12.669418 13.273128 16.459568 16.645248 24.030768 24.216318 29.410208 29.587418
45 -10.129542 -7.432452 -2.043582 -1.773752 1.425068 3.184748 3.414878 9.268108 10.700208 11.348158 12.639638 13.109138 16.213458 16.586818 24.107038 24.248898 29.438408 29.575038
46 -10.140342 -7.437422 -1.961252 -1.754712 1.348638 3.200298 3.369108 9.299628 10.901388 11.399128 12.604638 12.952268 15.984628 16.536688 24.173308 24.277408 29.463018 29.563998
47 -10.149482 -7.441692 -1.887422 -1.738602 1.279048 3.214118 3.331188 9.323968 11.096228 11.459368 12.563268 12.803628 15.777338 16.494618 24.229528 24.301738 29.483948 29.554438
48 -10.156962 -7.445222 -1.823762 -1.725412 1.218308 3.225898 3.300738 9.342048 11.280978 11.526708 12.514688 12.665028 15.596568 16.460438 24.275608 24.321778 29.501158 29.546458
49 -10.162792 -7.447992 -1.771942 -1.715152 1.168438 3.235358 3.277428 9.354848 11.450108 11.597438 12.459358 12.539638 15.447738 16.433998 24.311498 24.337458 29.514588 29.540158
50 -10.166942 -7.449982 -1.733552 -1.707822 1.131258 3.242278 3.260968 9.363268 11.594618 11.664988 12.401038 12.433508 15.336328 16.415178 24.337158 24.348698 29.524208 29.535598
51 -10.169442 -7.451182 -1.709932 -1.703422 1.108278 3.246508 3.251178 9.368018 11.698738 11.717608 12.350838 12.357948 15.267208 16.403918 24.352568 24.355468 29.529988 29.532848
52 -10.170272 -7.451582 -1.701952 -1.701952 1.100508 3.247918 3.247938 9.369548 11.738348 11.738428 12.329538 12.329568 15.243758 16.400168 24.357588 24.357848 29.531848 29.532008
53 -10.173712 -7.446612 -1.701482 -1.701482 1.101108 3.248298 3.248318 9.368978 11.675168 11.675278 12.394728 12.394878 15.215408 16.431068 24.353858 24.354118 29.533548 29.533708
54 -10.183962 -7.431772 -1.700062 -1.700062 1.102918 3.249448 3.249468 9.367238 11.532608 11.532718 12.543508 12.543738 15.138078 16.516088 24.342718 24.342978 29.538608 29.538768
55 -10.200792 -7.407292 -1.697702 -1.697702 1.105928 3.251358 3.251378 9.364248 11.361408 11.361508 12.725038 12.725328 15.027538 16.639518 24.324278 24.324538 29.546958 29.547128
56 -10.223832 -7.373542 -1.694402 -1.694392 1.110148 3.254018 3.254038 9.359888 11.180528 11.180608 12.920258 12.920578 14.897458 16.787818 24.298748 24.299008 29.558468 29.558658
57 -10.252642 -7.330972 -1.690152 -1.690142 1.115578 3.257388 3.257408 9.353968 10.996748 10.996808 13.122218 13.122568 14.756878 16.952118 24.266398 24.266668 29.572978 29.573178
58 -10.286682 -7.280122 -1.684962 -1.684952 1.122218 3.261458 3.261478 9.346248 10.812878 10.812928 13.327908 13.328278 14.611298 17.127178 24.227578 24.227848 29.590258 29.590478
59 -10.325382 -7.221562 -1.678832 -1.678812 1.130068 3.266168 3.266198 9.336448 10.630378 10.630448 13.535608 13.535998 14.464198 17.309778 24.182718 24.182998 29.610068 29.610318
60 -10.368172 -7.155862 -1.671752 -1.671742 1.139128 3.271508 3.271528 9.324218 10.450028 10.450118 13.744258 13.744668 14.317818 17.498008 24.132288 24.132568 29.632148 29.632438
61 -10.414492 -7.083612 -1.663742 -1.663732 1.149398 3.277398 3.277428 9.309168 10.272388 10.272498 13.952948 13.953368 14.173828 17.690588 24.076858 24.077148 29.656188 29.656518
62 -10.463802 -7.005332 -1.654802 -1.654782 1.160888 3.283808 3.283828 9.290858 10.097818 10.097948 14.033468 14.160918 14.161348 17.886708 24.017048 24.017338 29.681898 29.682268
63 -10.515622 -6.921542 -1.644912 -1.644892 1.173588 3.290648 3.290668 9.268818 9.926558 9.926718 13.897748 14.367468 14.367898 18.085798 23.953508 23.953798 29.708958 29.709368
64 -10.569472 -6.832702 -1.634102 -1.634082 1.187498 3.297858 3.297878 9.242518 9.758898 9.759078 13.767608 14.571798 14.572218 18.287438 23.887008 23.887308 29.737038 29.737498
65 -10.624962 -6.739222 -1.622362 -1.622332 1.202628 3.305348 3.305368 9.211428 9.594978 9.595178 13.643818 14.773158 14.773578 18.491358 23.818348 23.818648 29.765848 29.766358
66 -10.681712 -6.641502 -1.609692 -1.609662 1.218978 3.313038 3.313058 9.175008 9.435018 9.435228 13.527128 14.970668 14.971078 18.697308 23.748418 23.748708 29.795048 29.795608
67 -10.739412 -6.539852 -1.596102 -1.596072 1.236528 3.320808 3.320838 9.132728 9.279138 9.279358 13.418168 15.163498 15.163888 18.905188 23.678148 23.678428 29.824348 29.824968
68 -10.797762 -6.434592 -1.581592 -1.581562 1.255298 3.328568 3.328598 9.084088 9.127528 9.127768 13.317538 15.350618 15.350998 19.114818 23.608568 23.608848 29.853458 29.854118
69 -10.856512 -6.325982 -1.566172 -1.566142 1.275268 3.336198 3.336218 8.980318 8.980568 9.028628 13.225708 15.531048 15.531398 19.326178 23.540768 23.541028 29.882098 29.882808
70 -10.915442 -6.214272 -1.549852 -1.549822 1.296438 3.343548 3.343568 8.837688 8.837938 8.966008 13.143068 15.703618 15.703958 19.539158 23.475928 23.476168 29.909988 29.910748
71 -10.974352 -6.099642 -1.532632 -1.532602 1.318808 3.350488 3.350518 8.699748 8.699998 8.895918 13.069878 15.867208 15.867518 19.753758 23.415268 23.415488 29.936898 29.937698
72 -11.033062 -5.982332 -1.514522 -1.514492 1.342348 3.356868 3.356898 8.566708 8.566958 8.818218 13.006278 16.020548 16.020828 19.969918 23.360098 23.360298 29.962568 29.963408
73 -11.091432 -5.862482 -1.495532 -1.495502 1.367058 3.362538 3.362558 8.438688 8.438928 8.732858 12.952238 16.162368 16.162628 20.187638 23.311748 23.311908 29.986778 29.987668
74 -11.149322 -5.740232 -1.475672 -1.475642 1.392938 3.367308 3.367338 8.315848 8.316088 8.639878 12.907638 16.291408 16.291648 20.406948 23.271538 23.271668 30.009338 30.010258
75 -11.206622 -5.615752 -1.454952 -1.454922 1.419938 3.371018 3.371038 8.198378 8.198618 8.539498 12.872208 16.406388 16.406608 20.627798 23.240788 23.240908 30.030048 30.030988
76 -11.263222 -5.489142 -1.433392 -1.433352 1.448058 3.373478 3.373508 8.086428 8.086648 8.431958 12.845578 16.506168 16.506368 20.850258 23.220728 23.220858 30.048728 30.049688
77 -11.319032 -5.360552 -1.410992 -1.410952 1.477268 3.374508 3.374528 7.980188 7.980388 8.317638 12.827278 16.589678 16.589868 21.074298 23.212468 23.212638 30.065218 30.066188
78 -11.373962 -5.230052 -1.387772 -1.387742 1.507528 3.373918 3.373938 7.879798 7.879988 8.196938 12.816768 16.656108 16.656288 21.299988 23.216918 23.217158 30.079368 30.080338
79 -11.427952 -5.097782 -1.363762 -1.363732 1.538818 3.371508 3.371538 7.785438 7.785608 8.070328 12.813458 16.704848 16.705008 21.527298 23.234788 23.235098 30.091038 30.092018
80 -11.480932 -4.963792 -1.338972 -1.338942 1.571078 3.367118 3.367148 7.697248 7.697398 7.938258 12.816748 16.735588 16.735748 21.756308 23.266468 23.266868 30.100128 30.101088
81 -11.532832 -4.828212 -1.313432 -1.313392 1.604278 3.360578 3.360598 7.615388 7.615518 7.801258 12.825998 16.748338 16.748488 21.986988 23.312058 23.312548 30.106508 30.107448
82 -11.583622 -4.691102 -1.287152 -1.287122 1.638358 3.351708 3.351738 7.539958 7.540058 7.659748 12.840578 16.743418 16.743568 22.219418 23.371368 23.371948 30.110098 30.111008
83 -11.633232 -4.552562 -1.260172 -1.260142 1.673258 3.340398 3.340428 7.471078 7.471168 7.514248 12.859858 16.721458 16.721608 22.453538 23.443888 23.444568 30.110818 30.111688
84 -11.681642 -4.412672 -1.232512 -1.232492 1.708908 3.326528 3.326558 7.365178 7.408818 7.408878 12.883258 16.683328 16.683478 22.689398 23.528908 23.529678 30.108578 30.109408
85 -11.728802 -4.271502 -1.204222 -1.204192 1.745238 3.310008 3.310038 7.212948 7.353208 7.353258 12.910188 16.630118 16.630258 22.927008 23.625498 23.626358 30.103328 30.104108
86 -11.774682 -4.129142 -1.175322 -1.175302 1.782158 3.290798 3.290838 7.057988 7.304268 7.304308 12.940108 16.563058 16.563198 23.166298 23.732578 23.733518 30.095028 30.095738
87 -11.819252 -3.985662 -1.145852 -1.145832 1.819598 3.268878 3.268928 6.900628 7.261948 7.261998 12.972488 16.483468 16.483598 23.407248 23.849028 23.850038 30.083628 30.084268
88 -11.862482 -3.841172 -1.115872 -1.115862 1.857428 3.244288 3.244338 6.741268 7.226188 7.226248 13.006838 16.392748 16.392878 23.649758 23.973648 23.974728 30.069098 30.069668
89 -11.904362 -3.695732 -1.085422 -1.085402 1.895558 3.217088 3.217138 6.580188 7.196848 7.196938 13.042698 16.292258 16.292378 23.893768 24.105298 24.106428 30.051428 30.051918
90 -11.944842 -3.549472 -1.054552 -1.054542 1.933858 3.187378 3.187428 6.417758 7.173788 7.173898 13.079648 16.183378 16.183488 24.139078 24.242808 24.243988 30.030608 30.031018
91 -11.983912 -3.402452 -1.023322 -1.023322 1.972218 3.155308 3.155358 6.254248 7.156798 7.156918 13.117288 16.067398 16.067498 24.385088 24.385588 24.386378 30.006628 30.006948
92 -12.021572 -3.254822 -0.991812 -0.991802 2.010468 3.121068 3.121118 6.089968 7.145618 7.145758 13.155238 15.945598 15.945688 24.531288 24.532518 24.632858 29.979518 29.979748
93 -12.057782 -3.106662 -0.960082 -0.960072 2.048488 3.084848 3.084898 5.925198 7.139968 7.140118 13.193168 15.819158 15.819228 24.680328 24.681568 24.880788 29.949278 29.949418
94 -12.092532 -2.958132 -0.928202 -0.928192 2.086098 3.046908 3.046958 5.760268 7.139518 7.139688 13.230778 15.689218 15.689278 24.831388 24.832628 25.128888 29.915948 29.916008
95 -12.125812 -2.809382 -0.896272 -0.896262 2.123118 3.007498 3.007548 5.595468 7.143928 7.144108 13.267778 15.556848 15.556888 24.983708 24.984938 25.376738 29.879528 29.879598
96 -12.157622 -2.660542 -0.864372 -0.864362 2.159388 2.966908 2.966958 5.431098 7.152808 7.152998 13.303918 15.423028 15.423058 25.136608 25.137808 25.623828 29.840068 29.840218
97 -12.187922 -2.511842 -0.832612 -0.832592 2.194678 2.925438 2.925478 5.267538 7.165758 7.165958 13.338978 15.288758 15.288778 25.289398 25.290558 25.869468 29.797688 29.797928
98 -12.216732 -2.363472 -0.801102 -0.801072 2.228798 2.883388 2.883428 5.105138 7.182338 7.182548 13.372768 15.154908 15.154918 25.441518 25.442638 26.112988 29.752448 29.752778
99 -12.244022 -2.215712 -0.769952 -0.769922 2.261478 2.841088 2.841118 4.944338 7.202118 7.202338 13.405108 15.022378 15.022388 25.592398 25.593468 26.353528 29.704478 29.704878
100 -12.269792 -2.068812 -0.739292 -0.739262 2.292488 2.798838 2.798868 4.785598 7.224638 7.224848 13.435878 14.891978 14.891998 25.741558 25.742558 26.590198 29.653878 29.654358
101 -12.294032 -1.923172 -0.709262 -0.709232 2.321538 2.756988 2.757018 4.629488 7.249408 7.249618 13.464948 14.764528 14.764558 25.888468 25.889398 26.821938 29.600808 29.601348
102 -12.316732 -1.779142 -0.680002 -0.679972 2.348328 2.715848 2.715868 4.476598 7.275958 7.276158 13.492228 14.640798 14.640838 26.032678 26.033538 27.047688 29.545438 29.546038
103 -12.337892 -1.637252 -0.651682 -0.651652 2.372488 2.675738 2.675758 4.327698 7.303768 7.303968 13.517658 14.521548 14.521598 26.173698 26.174468 27.266178 29.487998 29.488658
104 -12.357502 -1.498032 -0.624442 -0.624412 2.393668 2.636988 2.636998 4.183628 7.332348 7.332538 13.541178 14.407498 14.407548 26.311048 26.311728 27.476198 29.428768 29.429468
105 -12.375562 -1.362192 -0.598472 -0.598442 2.411438 2.599898 2.599918 4.045418 7.361178 7.361368 13.562758 14.299378 14.299428 26.444158 26.444748 27.676368 29.368088 29.368818
106 -12.392072 -1.230532 -0.573942 -0.573902 2.425358 2.564798 2.564808 3.914228 7.389748 7.389928 13.582378 14.197868 14.197918 26.572448 26.572958 27.865318 29.306388 29.307128
107 -12.407012 -1.104012 -0.551022 -0.550982 2.434988 2.531958 2.531968 3.791368 7.417558 7.417718 13.600058 14.103618 14.103678 26.695248 26.695668 28.041688 29.244208 29.244958
108 -12.420382 -0.983802 -0.529902 -0.529862 2.439938 2.501688 2.501688 3.678318 7.444088 7.444238 13.615778 14.017298 14.017358 26.811718 26.812038 28.204048 29.182278 29.183018
109 -12.432202 -0.871232 -0.510742 -0.510712 2.439998 2.474248 2.474248 3.576568 7.468868 7.468998 13.629578 13.939488 13.939548 26.920858 26.921108 28.351078 29.121468 29.122178
110 -12.442442 -0.767892 -0.493742 -0.493712 2.435278 2.449888 2.449898 3.487508 7.491418 7.491528 13.641458 13.870778 13.870828 27.021438 27.021618 28.481468 29.062938 29.063608
111 -12.451102 -0.675522 -0.479042 -0.479012 2.426378 2.428858 2.428858 3.412238 7.511318 7.511408 13.651458 13.811678 13.811718 27.111978 27.112078 28.594048 29.008108 29.008718
112 -12.458202 -0.596082 -0.466792 -0.466772 2.411348 2.411348 2.414588 3.351358 7.528178 7.528248 13.659598 13.762648 13.762688 27.190618 27.190678 28.687718 28.958768 28.959288
113 -12.463722 -0.531532 -0.457122 -0.457102 2.397528 2.397538 2.401818 3.304898 7.541658 7.541718 13.665898 13.724078 13.724108 27.255278 27.255298 28.761588 28.916958 28.917378
114 -12.467662 -0.483782 -0.450132 -0.450122 2.387568 2.387568 2.390338 3.272438 7.551498 7.551538 13.670388 13.696288 13.696318 27.303698 27.303708 28.814898 28.884898 28.885198
115 -12.470032 -0.454402 -0.445912 -0.445902 2.381538 2.381548 2.382378 3.253328 7.557488 7.557508 13.673068 13.679528 13.679548 27.333788 27.333788 28.847108 28.864668 28.864828
116 -12.470822 -0.444492 -0.444492 -0.444492 2.379528 2.379528 2.379538 3.247028 7.559508 7.559508 13.673918 13.673938 13.673968 27.344008 27.344008 28.857758 28.857818 28.857888
117 -12.470032 -0.450612 -0.447802 -0.447792 2.377868 2.383798 2.383828 3.253278 7.554478 7.560528 13.675598 13.675688 13.680828 27.328378 27.339268 28.853338 28.853538 28.869698
118 -12.467672 -0.468832 -0.457642 -0.457622 2.372878 2.396578 2.396618 3.271878 7.539518 7.563588 13.680668 13.680828 13.701408 27.282718 27.325048 28.840138 28.840488 28.904118
119 -12.463742 -0.498772 -0.473842 -0.473812 2.364598 2.417688 2.417738 3.302358 7.514908 7.568698 13.689128 13.689368 13.735468 27.210188 27.301388 28.818248 28.818758 28.958018
120 -12.458232 -0.539802 -0.496102 -0.496072 2.353058 2.446818 2.446888 3.343978 7.481148 7.575848 13.700958 13.701278 13.782628 27.114718 27.268328 28.787778 28.788448 29.027558
121 -12.451152 -0.591152 -0.524052 -0.524012 2.338328 2.483608 2.483698 3.395798 7.438918 7.585038 13.716148 13.716538 13.842428 27.000038 27.225908 28.748878 28.749698 29.109198
122 -12.442502 -0.651932 -0.557252 -0.557212 2.320448 2.527628 2.527728 3.456698 7.389018 7.596278 13.734678 13.735138 13.914298 26.869248 27.174228 28.701738 28.702698 29.199998
123 -12.432272 -0.721212 -0.595232 -0.595182 2.299528 2.578378 2.578498 3.525418 7.332438 7.609578 13.756498 13.757028 13.997598 26.724818 27.113358 28.646568 28.647678 29.297758
124 -12.420482 -0.798062 -0.637482 -0.637432 2.275658 2.635388 2.635518 3.600638 7.270268 7.624918 13.781578 13.782178 14.091668 26.568578 27.043418 28.583638 28.584888 29.400858
125 -12.407112 -0.881572 -0.683522 -0.683472 2.248948 2.698158 2.698298 3.680948 7.203728 7.642318 13.809868 13.810518 14.195808 26.402018 26.964518 28.513248 28.514638 29.508098
126 -12.392172 -0.970892 -0.732882 -0.732812 2.219508 2.766218 2.766358 3.764878 7.134178 7.661768 13.841298 13.842008 14.309338 26.226348 26.876818 28.435748 28.437258 29.618558
127 -12.375672 -1.065282 -0.785092 -0.785032 2.187478 2.839108 2.839258 3.850858 7.063098 7.683288 13.875808 13.876578 14.431578 26.042538 26.780438 28.351488 28.353118 29.731498
128 -12.357592 -1.164032 -0.839742 -0.839672 2.152998 2.916428 2.916578 3.937218 6.992178 7.706878 13.913328 13.914138 14.561888 25.851528 26.675568 28.260908 28.262648 29.846268
129 -12.337952 -1.266532 -0.896452 -0.896382 2.116218 2.997778 2.997938 4.022138 6.923248 7.732538 13.953758 13.954608 14.699678 25.654108 26.562378 28.164438 28.166278 29.962318
130 -12.316742 -1.372252 -0.954872 -0.954802 2.077278 3.082828 3.082988 4.103598 6.858398 7.760268 13.996988 13.997878 14.844358 25.451068 26.441058 28.062548 28.064478 30.079088
131 -12.293962 -1.480712 -1.014672 -1.014602 2.036358 3.171248 3.171398 4.179348 6.799928 7.790088 14.042918 14.043828 14.995408 25.243178 26.311818 27.955758 27.957768 30.196018
132 -12.269622 -1.591502 -1.075582 -1.075502 1.993618 3.262768 3.262918 4.246998 6.750368 7.821988 14.091398 14.092338 15.152358 25.031118 26.174868 27.844608 27.846688 30.312568
133 -12.243722 -1.704292 -1.137342 -1.137262 1.949218 3.357128 3.357278 4.303998 6.712388 7.855998 14.142288 14.143248 15.314748 24.815598 26.030428 27.729658 27.731798 30.428178
134 -12.216262 -1.818742 -1.199712 -1.199632 1.903328 3.454108 3.454258 4.347848 6.688568 7.892098 14.195408 14.196378 15.482158 24.597298 25.878768 27.611528 27.613708 30.542288
135 -12.187242 -1.934622 -1.262502 -1.262422 1.856128 3.553518 3.553658 4.376388 6.681228 7.930308 14.250578 14.251548 15.654258 24.376828 25.720088 27.490818 27.493048 30.654318
136 -12.156672 -2.051682 -1.325532 -1.325452 1.807788 3.655168 3.655288 4.388088 6.692008 7.970638 14.307578 14.308538 15.830658 24.154828 25.554688 27.368228 27.370478 30.763688
137 -12.124542 -2.169762 -1.388642 -1.388552 1.758468 3.758908 3.759018 4.382288 6.721678 8.013098 14.366168 14.367108 16.011078 23.931828 25.382788 27.244398 27.246678 30.869858
138 -12.090862 -2.288662 -1.451672 -1.451582 1.708338 3.864598 3.864698 4.359328 6.770038 8.057698 14.426078 14.426998 16.195228 23.708378 25.204668 27.120078 27.122358 30.972228
139 -12.055632 -2.408252 -1.514492 -1.514402 1.657578 3.972108 3.972198 4.320388 6.835988 8.104428 14.487008 14.487908 16.382828 23.484988 25.020638 26.995998 26.998278 31.070268
140 -12.018862 -2.528422 -1.577002 -1.576912 1.606338 4.081338 4.081408 4.267258 6.917868 8.153328 14.548648 14.549518 16.573658 23.262078 24.830928 26.872918 26.875188 31.163448
141 -11.980552 -2.649062 -1.639092 -1.639002 1.554778 4.192178 4.192248 4.201978 7.013718 8.204388 14.610628 14.611448 16.767478 23.040058 24.635848 26.751648 26.753898 31.251258
142 -11.940702 -2.770062 -1.700662 -1.700562 1.503058 4.126618 4.304558 4.304598 7.121548 8.257628 14.672548 14.673328 16.964078 22.819328 24.435708 26.632998 26.635218 31.333208
143 -11.899322 -2.891372 -1.761622 -1.761522 1.451318 4.043108 4.418388 4.418428 7.239528 8.313058 14.733988 14.734708 17.163278 22.600168 24.230748 26.517828 26.520008 31.408878
144 -11.856412 -3.012902 -1.821902 -1.821812 1.399708 3.953138 4.533588 4.533628 7.366008 8.370678 14.794478 14.795138 17.364868 22.382898 24.021308 26.406998 26.409128 31.477838
145 -11.811972 -3.134612 -1.881442 -1.881342 1.348368 3.858168 4.650118 4.650168 7.499618 8.430528 14.853528 14.854118 17.568718 22.167728 23.807648 26.301388 26.303468 31.539728
146 -11.766012 -3.256452 -1.940162 -1.940062 1.297418 3.759398 4.767918 4.767988 7.639188 8.492598 14.910588 14.911108 17.774628 21.954878 23.590068 26.201918 26.203938 31.594218
147 -11.718542 -3.378362 -1.998002 -1.997902 1.246998 3.657868 4.886938 4.887028 7.783748 8.556908 14.965098 14.965548 17.982448 21.744538 23.368888 26.109498 26.111458 31.641018
148 -11.669562 -3.500332 -2.054922 -2.054832 1.197208 3.554388 5.007148 5.007258 7.932498 8.623478 15.016478 15.016858 18.192048 21.536818 23.144368 26.025048 26.026938 31.679898
149 -11.619072 -3.622302 -2.110872 -2.110782 1.148178 3.449658 5.128508 5.128638 8.084778 8.692328 15.064108 15.064408 18.403278 21.331838 22.916808 25.949498 25.951298 31.710648
150 -11.567092 -3.744252 -2.165802 -2.165712 1.100018 3.344268 5.250968 5.251128 8.240018 8.763448 15.107368 15.107588 18.615988 21.129688 22.686508 25.883758 25.885478 31.733108
151 -11.513612 -3.866162 -2.219672 -2.219582 1.052808 3.238678 5.374528 5.374708 8.397778 8.836888 15.145628 15.145768 18.830078 20.930398 22.453728 25.828698 25.830328 31.747178
152 -11.458652 -3.988002 -2.272452 -2.272362 1.006668 3.133308 5.499138 5.499338 8.557638 8.912638 15.178258 15.178328 19.045388 20.734038 22.218768 25.785178 25.786718 31.752778
153 -11.402212 -4.109752 -2.324102 -2.324012 0.961658 3.028488 5.624798 5.625028 8.719278 8.990728 15.204638 15.204718 19.261818 20.540578 21.981888 25.753978 25.755428 31.749888
154 -11.344292 -4.231392 -2.374592 -2.374502 0.917878 2.924498 5.751478 5.751728 8.882398 9.071178 15.224208 15.224348 19.479238 20.350018 21.743368 25.735848 25.737198 31.738508
155 -11.284912 -4.352902 -2.423892 -2.423812 0.875408 2.821588 5.879158 5.879428 9.046748 9.154008 15.236468 15.236678 19.697528 20.162358 21.503478 25.731418 25.732668 31.718688
156 -11.224072 -4.474262 -2.471972 -2.471902 0.834308 2.719958 6.007838 6.008128 9.212118 9.239228 15.240968 15.241258 19.916588 19.977518 21.262448 25.741238 25.742378 31.690488
157 -11.161792 -4.595462 -2.518822 -2.518752 0.794638 2.619778 6.137488 6.137798 9.326858 9.378298 15.237338 15.237688 19.795468 20.136318 21.020548 25.765728 25.766778 31.654028
158 -11.098062 -4.716472 -2.564402 -2.564332 0.756478 2.521218 6.268098 6.268418 9.416928 9.545108 15.225268 15.225678 19.616158 20.356568 20.778038 25.805198 25.806138 31.609438
159 -11.032902 -4.837282 -2.608712 -2.608642 0.719868 2.424388 6.399658 6.399998 9.509448 9.712408 15.204548 15.205018 19.439468 20.535108 20.577278 25.859808 25.860648 31.556868
160 -10.966332 -4.957872 -2.651712 -2.651642 0.684868 2.329398 6.532148 6.532498 9.604448 9.880038 15.175078 15.175598 19.265358 20.292048 20.798318 25.929568 25.930298 31.496508
161 -10.898332 -5.078222 -2.693392 -2.693342 0.651518 2.236348 6.665558 6.665918 9.701948 10.047878 15.136828 15.137398 19.093708 20.049018 21.019608 26.014348 26.014968 31.428548
162 -10.828932 -5.198322 -2.733752 -2.733692 0.619858 2.145318 6.799878 6.800248 9.801968 10.215808 15.089888 15.090498 18.924428 19.806268 21.241048 26.113858 26.114368 31.353208
163 -10.758142 -5.318142 -2.772752 -2.772702 0.589948 2.056378 6.935068 6.935438 9.904528 10.383718 15.034418 15.035058 18.757418 19.564008 21.462528 26.227648 26.228038 31.270708
164 -10.685972 -5.437672 -2.810392 -2.810352 0.561798 1.969568 7.071108 7.071488 10.009668 10.551498 14.970668 14.971338 18.592568 19.322398 21.683978 26.355138 26.355428 31.181268
165 -10.612422 -5.556892 -2.846672 -2.846632 0.535458 1.884958 7.207988 7.208358 10.117388 10.719078 14.898958 14.899648 18.429758 19.081638 21.905298 26.495618 26.495788 31.085158
166 -10.537522 -5.675772 -2.881562 -2.881532 0.510958 1.802578 7.345638 7.346008 10.227718 10.886338 14.819668 14.820368 18.268898 18.841938 22.126378 26.648188 26.648278 30.982618
167 -10.461272 -5.794302 -2.915062 -2.915032 0.488308 1.722458 7.484048 7.484408 10.340688 11.053228 14.733228 14.733928 18.109838 18.603428 22.347178 26.811848 26.811978 30.873878
168 -10.383682 -5.912452 -2.947162 -2.947142 0.467558 1.644628 7.623128 7.623478 10.456318 11.219658 14.640108 14.640818 17.952498 18.366298 22.567588 26.985498 26.985748 30.759218
169 -10.304772 -6.030212 -2.977862 -2.977842 0.448718 1.569118 7.762848 7.763178 10.574638 11.385568 14.540798 14.541508 17.796718 18.130668 22.787548 27.167988 27.168368 30.638868
170 -10.224542 -6.147552 -3.007152 -3.007142 0.431798 1.495928 7.903098 7.903408 10.695668 11.550898 14.435838 14.436528 17.642398 17.896708 23.006968 27.358018 27.358538 30.513088
171 -10.143032 -6.264442 -3.035022 -3.035012 0.416848 1.425088 8.043788 8.044078 10.819418 11.715568 14.325768 14.326448 17.489428 17.664548 23.225758 27.554168 27.554828 30.382128
172 -10.060232 -6.380872 -3.061472 -3.061462 0.403858 1.356598 8.184798 8.185058 10.945938 11.879568 14.211148 14.211798 17.337668 17.434308 23.443888 27.754988 27.755798 30.246218
173 -9.976162 -6.496822 -3.086502 -3.086482 0.392848 1.290458 8.325978 8.326218 11.075238 12.042818 14.092528 14.093158 17.186998 17.206108 23.661258 27.958908 27.959878 30.105588
174 -9.890842 -6.612252 -3.110102 -3.110082 0.383848 1.226688 8.467138 8.467338 11.207338 12.205278 13.970528 13.971128 16.980058 17.037328 23.877808 28.164308 28.165428 29.960478
175 -9.804282 -6.727142 -3.132272 -3.132252 0.376868 1.165268 8.608078 8.608238 11.342268 12.366938 13.845738 13.846308 16.756268 16.888498 24.093478 28.369518 28.370798 29.811098
176 -9.716502 -6.841472 -3.153012 -3.152982 0.371908 1.106208 8.748498 8.748618 11.480038 12.527738 13.718798 13.719328 16.534828 16.740428 24.308188 28.572778 28.574228 29.657668
177 -9.627512 -6.955222 -3.172322 -3.172282 0.368998 1.049498 8.888078 8.888148 11.620688 12.687678 13.590378 13.590868 16.315818 16.592978 24.521898 28.772368 28.773968 29.500368
178 -9.537342 -7.068362 -3.190192 -3.190152 0.368148 0.995138 9.026378 9.026408 11.764238 12.846728 13.461208 13.461658 16.099328 16.446048 24.734538 28.966488 28.968248 29.339418
179 -9.445992 -7.180852 -3.206632 -3.206592 0.369358 0.943118 9.162848 9.162888 11.910678 13.004868 13.332128 13.332528 15.885438 16.299528 24.946038 29.153348 29.155258 29.174988
180 -9.353492 -7.292702 -3.221632 -3.221592 0.372658 0.893428 9.296848 9.296938 12.060068 13.162108 13.204028 13.204368 15.674188 16.153308 25.156358 29.007258 29.331188 29.333248
181 -9.259862 -7.403852 -3.235212 -3.235172 0.378048 0.846068 9.427528 9.427678 12.212388 13.077988 13.078278 13.318418 15.465658 16.007288 25.365418 28.836398 29.498268 29.500468
182 -9.165112 -7.514302 -3.247352 -3.247312 0.385538 0.801018 9.553858 9.554078 12.367678 12.955288 12.955518 13.473828 15.259898 15.861348 25.573178 28.662558 29.652948 29.655278
183 -9.069262 -7.624012 -3.258062 -3.258022 0.395148 0.758278 9.674468 9.674758 12.525958 12.837448 12.837618 13.628328 15.056948 15.715418 25.779578 28.485878 29.793618 29.796068
184 -8.972342 -7.732952 -3.267342 -3.267292 0.406878 0.717828 9.787638 9.787998 12.687208 12.726368 12.726468 13.781948 14.856868 15.569398 25.984528 28.306518 29.918798 29.921358
185 -8.874362 -7.841122 -3.275192 -3.275142 0.420748 0.679648 9.891238 9.891668 12.624308 12.624358 12.851478 13.934698 14.659668 15.423188 26.187998 28.124588 30.027168 30.029818
186 -8.775332 -7.948482 -3.281612 -3.281572 0.436768 0.643748 9.982648 9.983138 12.533978 12.534028 13.018748 14.086608 14.465388 15.276708 26.389918 27.940218 30.117538 30.120268
187 -8.675302 -8.054992 -3.286612 -3.286562 0.454958 0.610108 10.058808 10.059368 12.458518 12.458628 13.189028 14.237708 14.274078 15.129888 26.590188 27.753538 30.188898 30.191698
188 -8.574272 -8.160662 -3.290172 -3.290122 0.475308 0.578698 10.116468 10.117078 12.401308 12.401458 13.362338 14.085718 14.388038 14.982628 26.788788 27.564628 30.240458 30.243308
189 -8.472282 -8.265442 -3.292312 -3.292262 0.497848 0.549538 10.152578 10.153218 12.365448 12.365628 13.538658 13.900368 14.537638 14.834888 26.985598 27.373618 30.271628 30.274508
190 -8.369332 -8.369322 -3.293022 -3.292982 0.522558 0.522618 10.164888 10.165538 12.353218 12.353408 13.718008 13.718008 14.686418 14.686728 27.179918 27.181228 30.282068 30.284948
191 -8.369072 -8.369062 -3.295302 -3.295262 0.526888 0.526958 10.158838 10.159488 12.330988 12.331188 13.732598 13.732598 14.701608 14.701908 27.178168 27.179478 30.277598 30.280478
192 -8.368312 -8.368302 -3.302112 -3.302062 0.539848 0.539918 10.140498 10.141138 12.269078 12.269268 13.771328 13.771328 14.747578 14.747868 27.172938 27.174238 30.264238 30.267098
193 -8.367042 -8.367032 -3.313322 -3.313272 0.561328 0.561398 10.109318 10.109938 12.178608 12.178788 13.822888 13.822898 14.825048 14.825298 27.164248 27.165538 30.242058 30.244888
194 -8.365282 -8.365272 -3.328752 -3.328712 0.591158 0.591218 10.064468 10.065068 12.071658 12.071838 13.876448 13.876468 14.933498 14.933718 27.152158 27.153428 30.211208 30.214008
195 -8.363032 -8.363032 -3.348172 -3.348132 0.629078 0.629148 10.004958 10.005528 11.958248 11.958428 13.925458 13.925508 15.070318 15.070498 27.136748 27.137978 30.171898 30.174648
196 -8.360312 -8.360302 -3.371282 -3.371242 0.674838 0.674898 9.929868 9.930398 11.845798 11.845978 13.967698 13.967758 15.231128 15.231258 27.118088 27.119298 30.124368 30.127058
197 -8.357132 -8.357132 -3.397752 -3.397712 0.728088 0.728148 9.838588 9.839078 11.739418 11.739598 14.003508 14.003578 15.410878 15.410968 27.096318 27.097478 30.068938 30.071568
198 -8.353512 -8.353512 -3.427232 -3.427182 0.788498 0.788558 9.731018 9.731468 11.642318 11.642508 14.034168 14.034258 15.604978 15.605018 27.071538 27.072658 30.005948 30.008508
199 -8.349472 -8.349472 -3.459322 -3.459282 0.855708 0.855768 9.607738 9.608158 11.556128 11.556318 14.061068 14.061178 15.809568 15.809588 27.043888 27.044968 29.935828 29.938298
200 -8.345032 -8.345032 -3.493672 -3.493632 0.929348 0.929408 9.469998 9.470378 11.481248 11.481428 14.085348 14.085458 16.021608 16.021658 27.013538 27.014568 29.859018 29.861398
201 -8.340232 -8.340232 -3.529882 -3.529842 1.009068 1.009118 9.319458 9.319808 11.417148 11.417318 14.107838 14.107958 16.238828 16.238918 26.980648 26.981618 29.776018 29.778288
202 -8.335092 -8.335082 -3.567582 -3.567552 1.094508 1.094558 9.158078 9.158398 11.362828 11.362978 14.129138 14.129268 16.459368 16.459498 26.945378 26.946288 29.687358 29.689518
203 -8.329642 -8.329632 -3.606432 -3.606392 1.185338 1.185388 8.987798 8.988088 11.316998 11.317128 14.149658 14.149788 16.681798 16.681978 26.907908 26.908758 29.593598 29.595648
204 -8.323912 -8.323902 -3.646072 -3.646042 1.281228 1.281278 8.810458 8.810728 11.278398 11.278498 14.169658 14.169788 16.904888 16.905118 26.868428 26.869208 29.495358 29.497278
205 -8.317952 -8.317942 -3.686182 -3.686152 1.381878 1.381928 8.627698 8.627948 11.245838 11.245908 14.189298 14.189428 17.127628 17.127908 26.827128 26.827828 29.393288 29.395078
206 -8.311792 -8.311772 -3.726462 -3.726422 1.487018 1.487068 8.440888 8.441118 11.218288 11.218318 14.208658 14.208798 17.349128 17.349458 26.784178 26.784808 29.288038 29.289688
207 -8.305462 -8.305452 -3.766612 -3.766582 1.596368 1.596418 8.251198 8.251418 11.194868 11.194878 14.227788 14.227928 17.568578 17.568958 26.739788 26.740338 29.180328 29.181828
208 -8.299032 -8.299012 -3.806372 -3.806342 1.709688 1.709738 8.059608 8.059818 11.174848 11.174898 14.246678 14.246818 17.785198 17.785638 26.694128 26.694608 29.070888 29.072238
209 -8.292522 -8.292502 -3.845502 -3.845462 1.826748 1.826798 7.866878 7.867078 11.157658 11.157758 14.265288 14.265448 17.998288 17.998798 26.647388 26.647818 28.960448 28.961648
210 -8.285992 -8.285972 -3.883742 -3.883712 1.947328 1.947378 7.673688 7.673878 11.142848 11.142998 14.283588 14.283738 18.207128 18.207698 26.599768 26.600148 28.849818 28.850848
211 -8.279482 -8.279462 -3.920912 -3.920882 2.071228 2.071278 7.480558 7.480748 11.130028 11.130218 14.301488 14.301648 18.411028 18.411658 26.551458 26.551818 28.739768 28.740638
212 -8.273042 -8.273022 -3.956782 -3.956752 2.198258 2.198298 7.287948 7.288128 11.118888 11.119128 14.318928 14.319098 18.609258 18.609958 26.502658 26.503038 28.631138 28.631838
213 -8.266722 -8.266692 -3.991192 -3.991162 2.328198 2.328238 7.096268 7.096438 11.109188 11.109468 14.335818 14.335978 18.801058 18.801828 26.453608 26.454038 28.524758 28.525288
214 -8.260572 -8.260542 -4.023942 -4.023922 2.460878 2.460918 6.905818 6.905988 11.100718 11.101048 14.352058 14.352228 18.985688 18.986518 26.404558 26.405068 28.421438 28.421798
215 -8.254632 -8.254602 -4.054902 -4.054872 2.596088 2.596138 6.716928 6.717098 11.093318 11.093688 14.367558 14.367738 19.162308 19.163218 26.355798 26.356408 28.322028 28.322218
216 -8.248962 -8.248932 -4.083912 -4.083882 2.733608 2.733648 6.529908 6.530068 11.086858 11.087278 14.382238 14.382418 19.330078 19.331058 26.307688 26.308408 28.227318 28.227398
217 -8.243602 -8.243572 -4.110852 -4.110822 2.873188 2.873228 6.345048 6.345208 11.081238 11.081688 14.395998 14.396188 19.488098 19.489148 26.260618 26.261458 28.138008 28.138178
218 -8.238602 -8.238572 -4.135582 -4.135552 3.014498 3.014538 6.162708 6.162868 11.076348 11.076838 14.408748 14.408938 19.635418 19.636538 26.215048 26.216018 28.054928 28.055258
219 -8.234002 -8.233962 -4.158002 -4.157972 3.157158 3.157198 5.983318 5.983478 11.072138 11.072658 14.420408 14.420608 19.771058 19.772248 26.171538 26.172618 27.978788 27.979268
220 -8.229832 -8.229792 -4.178022 -4.177992 3.300608 3.300638 5.807448 5.807608 11.068528 11.069078 14.430888 14.431098 19.894018 19.895268 26.130688 26.131888 27.910228 27.910848
221 -8.226142 -8.226102 -4.195542 -4.195512 3.443978 3.444008 5.635978 5.636138 11.065498 11.066068 14.440138 14.440348 20.003268 20.004578 26.093188 26.094508 27.849788 27.850548
222 -8.222962 -8.222922 -4.210502 -4.210472 3.585958 3.585988 5.470208 5.470368 11.062978 11.063578 14.448078 14.448288 20.097808 20.099178 26.059758 26.061178 27.797928 27.798798
223 -8.220322 -8.220282 -4.222822 -4.222792 3.724258 3.724288 5.312448 5.312618 11.060958 11.061578 14.454648 14.454868 20.176688 20.178108 26.031128 26.032638 27.755028 27.755998
224 -8.218232 -8.218192 -4.232462 -4.232432 3.854708 3.854718 5.166868 5.167048 11.059418 11.060048 14.459808 14.460028 20.239048 20.240498 26.007998 26.009578 27.721378 27.722428
225 -8.216732 -8.216692 -4.239372 -4.239352 3.969338 3.969338 5.041428 5.041628 11.058318 11.058968 14.463528 14.463748 20.284158 20.285638 25.990988 25.992618 27.697198 27.698298
226 -8.215832 -8.215792 -4.243532 -4.243512 4.053308 4.053328 4.950968 4.951168 11.057668 11.058318 14.465768 14.465988 20.311458 20.312958 25.980568 25.982238 27.682638 27.683768
227 -8.215522 -8.215482 -4.244922 -4.244892 4.085348 4.085378 4.916748 4.916958 11.057458 11.058108 14.466518 14.466738 20.320598 20.322108 25.977058 25.978728 27.677778 27.678918
228 -8.255522 -8.175932 -4.274872 -4.212542 4.026828 4.111678 4.908288 4.961228 10.970108 11.139858 14.368068 14.570418 20.244108 20.390488 25.923888 26.029708 27.558158 27.801718
229 -8.294102 -8.138662 -4.303902 -4.176332 3.921898 4.129548 4.950768 5.016588 10.879178 11.213038 14.277698 14.677478 20.160528 20.449898 25.872468 26.075038 27.438848 27.930238
230 -8.331262 -8.103692 -4.332002 -4.136352 3.788198 4.139998 5.026738 5.081908 10.785308 11.275298 14.197578 14.787438 20.070668 20.499828 25.823718 26.114448 27.320848 28.062948
231 -8.366982 -8.071022 -4.359142 -4.092732 3.639288 4.144328 5.122758 5.155848 10.688798 11.324408 14.129958 14.899948 19.974658 20.540568 25.777708 26.148428 27.204628 28.198888
232 -8.401262 -8.040612 -4.385292 -4.045632 3.483008 4.143838 5.231088 5.237058 10.589898 11.358098 14.077188 15.014678 19.872668 20.572418 25.734478 26.177418 27.090628 28.337128
233 -8.434102 -8.012412 -4.410452 -3.995222 3.323628 4.139708 5.324328 5.347598 10.488818 11.374308 14.041398 15.131328 19.764868 20.595748 25.694018 26.201818 26.979218 28.476818
234 -8.465502 -7.986362 -4.434592 -3.941732 3.163618 4.132908 5.416648 5.469938 10.385758 11.371438 14.024258 15.249568 19.651508 20.610938 25.656308 26.221998 26.870808 28.617118
235 -8.495452 -7.962392 -4.457692 -3.885402 3.004508 4.124218 5.513168 5.596748 10.280888 11.348648 14.026708 15.369058 19.532848 20.618398 25.621288 26.238278 26.765758 28.757198
236 -8.523962 -7.940422 -4.479742 -3.826502 2.847278 4.114258 5.613258 5.727218 10.174348 11.305998 14.048788 15.489488 19.409158 20.618558 25.588858 26.250988 26.664398 28.896318
237 -8.551012 -7.920352 -4.500732 -3.765362 2.692678 4.103488 5.716358 5.860808 10.066288 11.244398 14.089678 15.610488 19.280758 20.611858 25.558928 26.260418 26.567038 29.033728
238 -8.576612 -7.902102 -4.520652 -3.702322 2.541318 4.092278 5.822018 5.997128 9.956848 11.165448 14.147888 15.731658 19.147988 20.598778 25.531388 26.266868 26.473958 29.168688
239 -8.600762 -7.885552 -4.539482 -3.637762 2.393678 4.080918 5.929918 6.135948 9.846128 11.071108 14.221578 15.852598 19.011178 20.579808 25.506108 26.270638 26.385398 29.300518
240 -8.623452 -7.870632 -4.557222 -3.572112 2.250258 4.069618 6.039718 6.277038 9.734278 10.963488 14.308748 15.972828 18.870688 20.555478 25.482938 26.272038 26.301608 29.428498
241 -8.644692 -7.857212 -4.573852 -3.505842 2.111548 4.058568 6.151128 6.420228 9.621428 10.844658 14.407428 16.091818 18.726928 20.526348 25.461768 26.222778 26.271378 29.551968
242 -8.664462 -7.845202 -4.589362 -3.439462 1.978028 4.047888 6.263908 6.565388 9.507698 10.716458 14.515878 16.209008 18.580238 20.493028 25.442428 26.149088 26.268958 29.670268
243 -8.682782 -7.834512 -4.603752 -3.373542 1.850228 4.037698 6.377798 6.712368 9.393268 10.580588 14.632498 16.323728 18.431068 20.456158 25.424818 26.080698 26.265098 29.782768
244 -8.699642 -7.825032 -4.617022 -3.308672 1.728718 4.028108 6.492528 6.860998 9.278288 10.438478 14.755928 16.435258 18.279828 20.416508 25.408768 26.017718 26.260118 29.888848
245 -8.715032 -7.816692 -4.629152 -3.245542 1.614098 4.019168 6.607818 7.011148 9.162998 10.291408 14.884948 16.542768 18.126988 20.374818 25.394208 25.960268 26.254318 29.987928
246 -8.728962 -7.809412 -4.640142 -3.184852 1.507038 4.010928 6.723318 7.162598 9.047668 10.140508 15.018428 16.645338 17.973068 20.332008 25.381038 25.908428 26.248018 30.079428
247 -8.741422 -7.803092 -4.649982 -3.127362 1.408238 4.003478 6.838608 7.315068 8.932658 9.986808 15.155358 16.741968 17.818668 20.289048 25.369168 25.862208 26.241488 30.162838
248 -8.752432 -7.797692 -4.658682 -3.073892 1.318448 3.996808 6.953148 7.468218 8.818478 9.831288 15.294628 16.831538 17.664518 20.246988 25.358588 25.821648 26.235018 30.237668
249 -8.761962 -7.793132 -4.666222 -3.025262 1.238448 3.990968 7.066138 7.621498 8.705888 9.675038 15.434998 16.912848 17.511638 20.206978 25.349268 25.786728 26.228858 30.303468
250 -8.770032 -7.789362 -4.672612 -2.982302 1.169028 3.985998 7.176358 7.774038 8.596048 9.519308 15.574828 16.984648 17.361468 20.170258 25.341208 25.757388 26.223228 30.359848
251 -8.776632 -7.786342 -4.677842 -2.945822 1.110948 3.981908 7.281868 7.924338 8.490898 9.365978 15.711648 17.045658 17.216328 20.138008 25.334488 25.733568 26.218338 30.406458
252 -8.781772 -7.784032 -4.681912 -2.916562 1.064928 3.978698 7.379288 8.069398 8.393798 9.218298 15.841258 17.080328 17.094638 20.111418 25.329168 25.715188 26.214358 30.443018
253 -8.785442 -7.782402 -4.684822 -2.895162 1.031578 3.976408 7.462588 8.202598 8.310718 9.083078 15.955768 16.961308 17.130538 20.091568 25.325278 25.702118 26.211418 30.469298
254 -8.787642 -7.781432 -4.686562 -2.882112 1.011358 3.975028 7.521698 8.251748 8.307848 8.976568 16.040318 16.874068 17.152458 20.079288 25.322928 25.694318 26.209608 30.485138
255 -8.788372 -7.781122 -4.687142 -2.877722 1.004588 3.974558 7.543678 8.229828 8.351458 8.932538 16.072828 16.840658 17.159818 20.075128 25.322148 25.691738 26.209008 30.490428
