1 -8.715584 -8.715584 -4.622914 -4.622864 4.843646 4.843766 5.464846 5.464896 11.090186 11.090266 14.977546 14.977596 19.618356 19.619556 20.179536 20.179636 28.127636 28.129456
2 -8.779794 -8.651774 -4.670194 -4.572714 4.784026 4.881086 5.434226 5.520116 11.014946 11.156456 14.863396 15.101386 19.505346 19.723846 20.073196 20.291676 28.112776 28.147416
3 -8.844214 -8.588544 -4.714384 -4.519904 4.711526 4.886846 5.437766 5.590196 10.930606 11.213856 14.759086 15.234486 19.388326 19.791936 20.000726 20.404016 28.100186 28.169296
4 -8.908674 -8.526114 -4.755224 -4.464674 4.632266 4.860386 5.476326 5.668676 10.837376 11.262766 14.664676 15.376376 19.269416 19.750916 20.034656 20.514976 28.090746 28.194156
5 -8.973034 -8.464714 -4.792434 -4.407214 4.549666 4.810486 5.541286 5.751746 10.735666 11.303656 14.580076 15.526426 19.149266 19.646146 20.129806 20.623856 28.084466 28.221886
6 -9.037154 -8.404574 -4.825744 -4.347744 4.465636 4.746886 5.623106 5.837026 10.626126 11.337076 14.504976 15.684006 19.028196 19.526876 20.237106 20.730266 28.081336 28.252376
7 -9.100904 -8.345944 -4.854874 -4.286444 4.381256 4.676066 5.715426 5.922856 10.509626 11.363596 14.438956 15.848356 18.906466 19.402656 20.347196 20.833986 28.081316 28.285476
8 -9.164174 -8.289094 -4.879534 -4.223494 4.297206 4.601756 5.814666 6.007896 10.387246 11.383826 14.381486 16.018696 18.784326 19.275976 20.457766 20.934836 28.084386 28.321026
9 -9.226844 -8.234284 -4.899424 -4.159074 4.213886 4.526066 5.918806 6.090946 10.260306 11.398356 14.331926 16.194166 18.662056 19.147836 20.568006 21.032716 28.090476 28.358856
10 -9.288834 -8.181794 -4.914244 -4.093344 4.131586 4.450266 6.026676 6.170756 10.130316 11.407766 14.289596 16.373816 18.540076 19.018816 20.677536 21.127546 28.099526 28.398746
11 -9.350054 -8.131884 -4.923724 -4.026474 4.050466 4.375146 6.137546 6.246006 9.999046 11.412586 14.253796 16.556446 18.419056 18.889296 20.786146 21.219296 28.111466 28.440496
12 -9.410414 -8.084814 -4.927574 -3.958634 3.970656 4.301236 6.250946 6.315206 9.868446 11.413326 14.223806 16.740416 18.300126 18.759626 20.893666 21.307946 28.126226 28.483856
13 -9.469854 -8.040824 -4.925564 -3.889984 3.892246 4.228926 6.366536 6.376626 9.740766 11.410446 14.198946 16.923026 18.185536 18.630066 20.999986 21.393496 28.143706 28.528586
14 -9.528304 -8.000104 -4.917464 -3.820664 3.815276 4.158456 6.428316 6.484096 9.618446 11.404376 14.178556 17.098986 18.080136 18.500876 21.105006 21.475976 28.163816 28.574426
15 -9.585694 -7.962844 -4.903094 -3.750844 3.739766 4.090046 6.468076 6.603436 9.504196 11.395496 14.162016 17.255986 17.995826 18.372316 21.208646 21.555426 28.186446 28.621096
16 -9.641974 -7.929174 -4.882324 -3.680674 3.665746 4.023856 6.493546 6.724406 9.400856 11.384156 14.148746 17.365076 17.961196 18.244596 21.310786 21.631906 28.211506 28.668326
17 -9.697104 -7.899154 -4.855084 -3.610304 3.593206 3.959986 6.502366 6.846876 9.311226 11.370676 14.138206 17.387726 18.014426 18.117946 21.411356 21.705496 28.238866 28.715836
18 -9.751024 -7.872814 -4.821344 -3.539894 3.522126 3.898546 6.492426 6.970746 9.237856 11.355346 14.129916 17.331936 17.992586 18.147166 21.510256 21.776276 28.268426 28.763346
19 -9.803684 -7.850144 -4.781144 -3.469584 3.452486 3.839606 6.462196 7.095886 9.182666 11.338416 14.123416 17.236466 17.868726 18.320326 21.607386 21.844326 28.300046 28.810576
20 -9.855074 -7.831044 -4.734574 -3.399524 3.384236 3.783216 6.411006 7.222226 9.146716 11.320126 14.118296 17.123546 17.746546 18.511386 21.702666 21.909756 28.333606 28.857246
21 -9.905124 -7.815394 -4.681784 -3.329874 3.317336 3.729426 6.339206 7.349646 9.130016 11.300686 14.114166 17.002176 17.626276 18.711046 21.795986 21.972646 28.368956 28.903096
22 -9.953824 -7.803024 -4.622984 -3.260784 3.251696 3.678246 6.248116 7.478056 9.131606 11.280296 14.110676 16.876146 17.508096 18.915176 21.887256 22.033116 28.405976 28.947866
23 -10.001134 -7.793724 -4.558394 -3.192394 3.187246 3.629706 6.139786 7.607366 9.149796 11.259136 14.107486 16.747286 17.392206 19.121676 21.976376 22.091266 28.444506 28.991306
24 -10.047034 -7.787274 -4.488284 -3.124864 3.123886 3.583806 6.016686 7.737466 9.182436 11.237356 14.104306 16.616596 17.278806 19.329236 22.063256 22.147186 28.484396 29.033206
25 -10.091494 -7.783404 -4.412954 -3.058324 3.061496 3.540536 5.881396 7.868256 9.227306 11.215126 14.100846 16.484666 17.168096 19.536946 22.147786 22.200986 28.525486 29.073336
26 -10.134484 -7.781874 -4.332724 -2.992924 2.999936 3.499886 5.736446 7.999606 9.282216 11.192586 14.096846 16.351896 17.060256 19.744096 22.229896 22.252766 28.567596 29.111506
27 -10.175984 -7.782414 -4.247924 -2.928814 2.939036 3.461826 5.584166 8.131396 9.345216 11.169856 14.092036 16.218586 16.955516 19.950046 22.302596 22.309476 28.610566 29.147536
28 -10.215984 -7.784774 -4.158894 -2.866134 2.878596 3.426316 5.426636 8.263516 9.414596 11.147066 14.086206 16.084966 16.854046 20.154246 22.350606 22.386436 28.654206 29.181296
29 -10.254454 -7.788684 -4.065964 -2.805004 2.818386 3.393306 5.265746 8.395806 9.488906 11.124326 14.079136 15.951246 16.756056 20.356136 22.396866 22.460716 28.698336 29.212656
30 -10.291384 -7.793914 -3.969504 -2.745564 2.758136 3.362766 5.103176 8.528116 9.566896 11.101776 14.070636 15.817606 16.661746 20.555156 22.441466 22.532216 28.742756 29.241506
31 -10.326764 -7.800244 -3.869854 -2.687944 2.697516 3.334606 4.940436 8.660286 9.647536 11.079486 14.060536 15.684236 16.571306 20.750766 22.484496 22.600876 28.787266 29.267776
32 -10.360564 -7.807444 -3.767394 -2.632264 2.636196 3.308766 4.778976 8.792116 9.729926 11.057596 14.048676 15.551336 16.484926 20.942366 22.526066 22.666626 28.831656 29.291426
33 -10.392784 -7.815334 -3.662484 -2.578644 2.573766 3.285166 4.620126 8.923406 9.813296 11.036186 14.034966 15.419106 16.402776 21.129346 22.566286 22.729406 28.875716 29.312436
34 -10.423414 -7.823724 -3.555534 -2.527184 2.509776 3.263716 4.465166 9.053906 9.896986 11.015366 14.019326 15.287756 16.325006 21.311066 22.605286 22.789156 28.919246 29.330816
35 -10.452434 -7.832444 -3.446944 -2.477994 2.443786 3.244326 4.315346 9.183366 9.980396 10.995226 14.001726 15.157536 16.251776 21.486816 22.643236 22.845836 28.962006 29.346616
36 -10.479834 -7.841344 -3.337164 -2.431164 2.375336 3.226886 4.171876 9.311456 10.062976 10.975876 13.982196 15.028726 16.183186 21.655786 22.680356 22.899396 29.003806 29.359916
37 -10.505614 -7.850294 -3.226654 -2.386794 2.304036 3.211296 4.035876 9.437846 10.144216 10.957416 13.960806 14.901646 16.119306 21.817136 22.716966 22.949806 29.044406 29.370806
38 -10.529764 -7.859164 -3.115954 -2.344954 2.229576 3.197436 3.908376 9.562116 10.223636 10.939956 13.937716 14.776646 16.060206 21.969806 22.753486 22.997036 29.083596 29.379416
39 -10.552274 -7.867844 -3.005654 -2.305724 2.151866 3.185216 3.790256 9.683776 10.300756 10.923606 13.913136 14.654146 16.005876 22.112576 22.790546 23.041056 29.121166 29.385926
40 -10.573134 -7.876234 -2.896404 -2.269174 2.071046 3.174496 3.682186 9.802266 10.375106 10.908496 13.887356 14.534656 15.956296 22.243966 22.829006 23.081856 29.156916 29.390516
41 -10.592354 -7.884254 -2.788964 -2.235354 1.987586 3.165166 3.584566 9.916896 10.446226 10.894766 13.860736 14.418746 15.911416 22.362216 22.870016 23.119406 29.190636 29.393386
42 -10.609914 -7.891804 -2.684174 -2.204324 1.902296 3.157106 3.497526 10.026886 10.513616 10.882596 13.833696 14.307086 15.871116 22.465426 22.914836 23.153706 29.222136 29.394786
43 -10.625814 -7.898834 -2.583024 -2.176134 1.816386 3.150226 3.420946 10.131266 10.576776 10.872166 13.806736 14.200476 15.835296 22.552076 22.964386 23.184746 29.251236 29.394966
44 -10.640044 -7.905274 -2.486624 -2.150814 1.731386 3.144386 3.354486 10.228886 10.635226 10.863756 13.780376 14.099846 15.803806 22.621786 23.018436 23.212516 29.277756 29.394166
45 -10.652614 -7.911074 -2.396214 -2.128404 1.649086 3.139516 3.297656 10.318416 10.688426 10.857666 13.755206 14.006266 15.776496 22.675906 23.075096 23.237026 29.301556 29.392666
46 -10.663514 -7.916194 -2.313204 -2.108934 1.571516 3.135496 3.249896 10.398306 10.735876 10.854236 13.731806 13.920936 15.753216 22.716986 23.131246 23.258256 29.322476 29.390716
47 -10.672734 -7.920584 -2.239114 -2.092424 1.500826 3.132246 3.210616 10.466926 10.777066 10.853806 13.710766 13.845206 15.733816 22.747796 23.183626 23.276216 29.340406 29.388576
48 -10.680284 -7.924214 -2.175514 -2.078884 1.439156 3.129696 3.179286 10.522816 10.811536 10.856436 13.692636 13.780486 15.718156 22.770616 23.229516 23.290916 29.355226 29.386476
49 -10.686154 -7.927074 -2.123984 -2.068344 1.388586 3.127776 3.155416 10.565106 10.838846 10.861556 13.677946 13.728236 15.706116 22.787066 23.266926 23.302336 29.366846 29.384616
50 -10.690354 -7.929124 -2.085974 -2.060804 1.350956 3.126446 3.138656 10.593956 10.858626 10.867706 13.667126 13.689766 15.697586 22.798196 23.294486 23.310496 29.375196 29.383156
51 -10.692874 -7.930364 -2.062644 -2.056284 1.327746 3.125666 3.128706 10.610426 10.870616 10.872716 13.660496 13.666196 15.692496 22.804656 23.311346 23.315396 29.380236 29.382236
52 -10.693714 -7.930774 -2.054774 -2.054774 1.319906 3.125406 3.125406 10.615746 10.874626 10.874646 13.658256 13.658256 15.690806 22.806766 23.317006 23.317036 29.381916 29.381916
53 -10.697044 -7.925904 -2.054394 -2.054394 1.320236 3.125496 3.125506 10.611556 10.868376 10.868406 13.664806 13.664816 15.688986 22.813886 23.316466 23.316496 29.383476 29.383486
54 -10.706984 -7.911374 -2.053254 -2.053254 1.321246 3.125786 3.125796 10.598996 10.849836 10.849866 13.684286 13.684306 15.683626 22.835176 23.314866 23.314896 29.388176 29.388186
55 -10.723304 -7.887394 -2.051354 -2.051354 1.322936 3.126256 3.126266 10.578056 10.819546 10.819576 13.716136 13.716166 15.674946 22.870396 23.312216 23.312246 29.395976 29.396006
56 -10.745674 -7.854294 -2.048704 -2.048694 1.325286 3.126876 3.126886 10.548716 10.778356 10.778396 13.759516 13.759556 15.663326 22.919196 23.308566 23.308606 29.406866 29.406906
57 -10.773664 -7.812514 -2.045284 -2.045274 1.328326 3.127636 3.127646 10.510976 10.727316 10.727356 13.813376 13.813426 15.649266 22.981116 23.303986 23.304036 29.420796 29.420846
58 -10.806764 -7.762554 -2.041104 -2.041094 1.332036 3.128486 3.128496 10.464816 10.667586 10.667626 13.876576 13.876636 15.633356 23.055556 23.298536 23.298596 29.437716 29.437766
59 -10.844464 -7.704964 -2.036154 -2.036154 1.336426 3.129386 3.129406 10.410266 10.600326 10.600376 13.947936 13.948006 15.616246 23.141866 23.292326 23.292396 29.457556 29.457616
60 -10.886194 -7.640274 -2.030454 -2.030444 1.341496 3.130296 3.130306 10.347346 10.526686 10.526736 14.026326 14.026406 15.598636 23.239346 23.285466 23.285536 29.480246 29.480306
61 -10.931424 -7.569034 -2.023974 -2.023974 1.347246 3.131136 3.131156 10.276126 10.447746 10.447796 14.110676 14.110756 15.581216 23.278056 23.278146 23.347236 29.505696 29.505776
62 -10.979644 -7.491774 -2.016734 -2.016734 1.353686 3.131856 3.131876 10.196696 10.364466 10.364516 14.200006 14.200096 15.564656 23.270256 23.270346 23.464806 29.533826 29.533906
63 -11.030354 -7.408964 -2.008724 -2.008724 1.360806 3.132376 3.132396 10.109206 10.277726 10.277786 14.293446 14.293536 15.549576 23.262216 23.262306 23.591276 29.564526 29.564606
64 -11.083134 -7.321064 -1.999954 -1.999944 1.368616 3.132626 3.132646 10.013826 10.188316 10.188366 14.390216 14.390316 15.536546 23.254076 23.254186 23.725936 29.597686 29.597776
65 -11.137574 -7.228484 -1.990404 -1.990394 1.377106 3.132506 3.132526 9.910796 10.096916 10.096976 14.489626 14.489726 15.526056 23.246036 23.246146 23.868056 29.633186 29.633286
66 -11.193324 -7.131584 -1.980074 -1.980064 1.386276 3.131936 3.131956 9.800376 10.004146 10.004206 14.591046 14.591156 15.518516 23.238256 23.238376 24.016966 29.670926 29.671026
67 -11.250044 -7.030704 -1.968984 -1.968974 1.396136 3.130816 3.130836 9.682866 9.910556 9.910626 14.693926 14.694036 15.514246 23.230946 23.231066 24.172036 29.710756 29.710866
68 -11.307464 -6.926134 -1.957114 -1.957104 1.406676 3.129036 3.129056 9.558616 9.816636 9.816696 14.797756 14.797876 15.513496 23.224286 23.224416 24.332666 29.752556 29.752676
69 -11.365324 -6.818134 -1.944464 -1.944454 1.417886 3.126496 3.126526 9.428006 9.722816 9.722886 14.902096 14.902216 15.516446 23.218506 23.218636 24.498306 29.796196 29.796306
70 -11.423404 -6.706954 -1.931054 -1.931034 1.429766 3.123086 3.123116 9.291406 9.629496 9.629566 15.006526 15.006646 15.523166 23.213786 23.213926 24.668446 29.841516 29.841646
71 -11.481504 -6.592784 -1.916864 -1.916844 1.442306 3.118696 3.118726 9.149246 9.537036 9.537106 15.110656 15.110776 15.533716 23.210366 23.210506 24.842606 29.888396 29.888526
72 -11.539464 -6.475824 -1.901894 -1.901884 1.455506 3.113216 3.113246 9.001916 9.445756 9.445816 15.214136 15.214266 15.548066 23.208436 23.208586 25.020386 29.936686 29.936816
73 -11.597114 -6.356264 -1.886164 -1.886154 1.469326 3.106526 3.106556 8.849866 9.355966 9.356026 15.316616 15.316746 15.566136 23.208226 23.208386 25.201326 29.986236 29.986366
74 -11.654324 -6.234234 -1.869664 -1.869654 1.483776 3.098516 3.098546 8.693506 9.267926 9.267986 15.417776 15.417906 15.587816 23.209946 23.210106 25.385086 30.036886 30.037026
75 -11.710974 -6.109894 -1.852404 -1.852394 1.498836 3.089086 3.089116 8.533236 9.181896 9.181966 15.517326 15.517466 15.612976 23.213806 23.213966 25.571336 30.088516 30.088646
76 -11.766964 -5.983364 -1.834394 -1.834374 1.514466 3.078126 3.078156 8.369456 9.098106 9.098176 15.614976 15.615116 15.641436 23.219986 23.220146 25.759736 30.140946 30.141086
77 -11.822184 -5.854774 -1.815624 -1.815614 1.530666 3.065536 3.065576 8.202556 9.016766 9.016826 15.673006 15.710466 15.710606 23.228696 23.228856 25.950006 30.194046 30.194186
78 -11.876574 -5.724224 -1.796124 -1.796104 1.547406 3.051236 3.051276 8.032886 8.938056 8.938116 15.707476 15.803526 15.803666 23.240106 23.240266 26.141866 30.247656 30.247796
79 -11.930034 -5.591834 -1.775884 -1.775864 1.564646 3.035136 3.035176 7.860816 8.862146 8.862206 15.744646 15.893936 15.894076 23.254366 23.254536 26.335036 30.301626 30.301776
80 -11.982504 -5.457694 -1.754934 -1.754914 1.582356 3.017186 3.017216 7.686666 8.789186 8.789246 15.784266 15.981456 15.981596 23.271626 23.271796 26.529266 30.355826 30.355966
81 -12.033934 -5.321904 -1.733274 -1.733254 1.600506 2.997306 2.997346 7.510756 8.719296 8.719356 15.826126 16.065906 16.066046 23.292016 23.292186 26.724306 30.410076 30.410226
82 -12.084274 -5.184564 -1.710924 -1.710904 1.619056 2.975476 2.975516 7.333366 8.652596 8.652656 15.869976 16.147076 16.147216 23.315616 23.315776 26.919906 30.464266 30.464406
83 -12.133454 -5.045764 -1.687904 -1.687884 1.637946 2.951666 2.951706 7.154776 8.589156 8.589216 15.915576 16.224826 16.224966 23.342496 23.342656 27.115816 30.518226 30.518366
84 -12.181444 -4.905604 -1.664234 -1.664224 1.657156 2.925876 2.925916 6.975246 8.529046 8.529106 15.962706 16.299016 16.299156 23.372686 23.372856 27.311796 30.571826 30.571966
85 -12.228204 -4.764154 -1.639954 -1.639934 1.676616 2.898116 2.898156 6.795036 8.472296 8.472356 16.011116 16.369526 16.369666 23.406206 23.406366 27.507586 30.624926 30.625066
86 -12.273704 -4.621524 -1.615074 -1.615054 1.696266 2.868416 2.868456 6.614356 8.418936 8.418986 16.060576 16.436286 16.436416 23.443006 23.443176 27.702926 30.677386 30.677526
87 -12.317904 -4.477814 -1.589624 -1.589604 1.716066 2.836826 2.836866 6.433426 8.368956 8.369006 16.110856 16.499216 16.499346 23.483036 23.483196 27.897546 30.729086 30.729226
88 -12.360774 -4.333104 -1.563654 -1.563634 1.735946 2.803436 2.803476 6.252476 8.322326 8.322376 16.161716 16.558296 16.558436 23.526176 23.526336 28.091146 30.779896 30.780036
89 -12.402294 -4.187504 -1.537204 -1.537184 1.755836 2.768326 2.768366 6.071696 8.279006 8.279056 16.212956 16.613536 16.613666 23.572286 23.572436 28.283456 30.829696 30.829826
90 -12.442444 -4.041134 -1.510304 -1.510284 1.775666 2.731616 2.731656 5.891286 8.238936 8.238986 16.264336 16.664946 16.665066 23.621176 23.621336 28.474136 30.878356 30.878486
91 -12.481194 -3.894094 -1.483024 -1.483004 1.795366 2.693436 2.693476 5.711436 8.202016 8.202066 16.315656 16.712576 16.712696 23.672646 23.672796 28.662876 30.925786 30.925906
92 -12.518534 -3.746504 -1.455414 -1.455394 1.814856 2.653946 2.653986 5.532356 8.168166 8.168216 16.366706 16.756506 16.756626 23.726436 23.726586 28.849316 30.971866 30.971986
93 -12.554434 -3.598504 -1.427534 -1.427514 1.834036 2.613306 2.613346 5.354236 8.137266 8.137306 16.417276 16.796836 16.796956 23.782256 23.782396 29.033096 31.016496 31.016626
94 -12.588894 -3.450244 -1.399454 -1.399434 1.852836 2.571706 2.571746 5.177286 8.109186 8.109226 16.467176 16.833696 16.833806 23.839806 23.839936 29.213836 31.059606 31.059726
95 -12.621894 -3.301874 -1.371254 -1.371234 1.871146 2.529346 2.529386 5.001736 8.083796 8.083826 16.516216 16.867206 16.867316 23.898726 23.898856 29.391136 31.101096 31.101206
96 -12.653414 -3.153574 -1.343014 -1.342994 1.888866 2.486446 2.486476 4.827806 8.060946 8.060976 16.564216 16.897536 16.897636 23.958666 23.958786 29.564566 31.140896 31.141006
97 -12.683454 -3.005534 -1.314834 -1.314814 1.905886 2.443216 2.443256 4.655786 8.040486 8.040516 16.610996 16.924836 16.924936 24.019236 24.019356 29.733706 31.178936 31.179036
98 -12.712004 -2.857994 -1.286804 -1.286784 1.922076 2.399916 2.399956 4.485946 8.022256 8.022286 16.656396 16.949296 16.949386 24.080036 24.080156 29.898106 31.215156 31.215256
99 -12.739044 -2.711214 -1.259044 -1.259024 1.937316 2.356776 2.356816 4.318636 8.006116 8.006136 16.700246 16.971086 16.971176 24.140666 24.140776 30.057306 31.249516 31.249616
100 -12.764564 -2.565474 -1.231664 -1.231654 1.951426 2.314066 2.314106 4.154246 7.991886 7.991906 16.742406 16.990406 16.990486 24.200696 24.200796 30.210826 31.281956 31.282056
101 -12.788574 -2.421134 -1.204804 -1.204784 1.964256 2.272036 2.272076 3.993226 7.979426 7.979446 16.782726 17.007426 17.007506 24.259716 24.259816 30.358196 31.312456 31.312546
102 -12.811064 -2.278564 -1.178584 -1.178574 1.975586 2.230956 2.230996 3.836106 7.968576 7.968596 16.821086 17.022356 17.022426 24.317306 24.317396 30.498946 31.340996 31.341076
103 -12.832014 -2.138284 -1.153164 -1.153154 1.985196 2.191106 2.191136 3.683556 7.959196 7.959206 16.857336 17.035346 17.035416 24.373046 24.373126 30.632566 31.367526 31.367606
104 -12.851434 -2.000824 -1.128694 -1.128674 1.992806 2.152756 2.152786 3.536326 7.951126 7.951136 16.891376 17.046606 17.046666 24.426526 24.426606 30.758606 31.392066 31.392136
105 -12.869314 -1.866864 -1.105324 -1.105304 1.998106 2.116176 2.116206 3.395346 7.944246 7.944256 16.923086 17.056286 17.056336 24.477366 24.477436 30.876576 31.414586 31.414656
106 -12.885644 -1.737184 -1.083224 -1.083204 2.000706 2.081646 2.081666 3.261706 7.938406 7.938416 16.952376 17.064546 17.064596 24.525176 24.525246 30.986046 31.435106 31.435166
107 -12.900434 -1.612714 -1.062554 -1.062544 2.000226 2.049426 2.049446 3.136686 7.933516 7.933526 16.979156 17.071546 17.071596 24.569616 24.569666 31.086566 31.453616 31.453666
108 -12.913674 -1.494584 -1.043494 -1.043484 1.996276 2.019766 2.019786 3.021746 7.929436 7.929446 17.003326 17.077426 17.077466 24.610336 24.610386 31.177726 31.470126 31.470176
109 -12.925354 -1.384104 -1.026204 -1.026194 1.988566 1.992926 1.992946 2.918416 7.926086 7.926086 17.024836 17.082296 17.082336 24.647026 24.647076 31.259146 31.484656 31.484696
110 -12.935484 -1.282764 -1.010844 -1.010834 1.969146 1.969156 1.977096 2.828166 7.923366 7.923366 17.043596 17.086296 17.086326 24.679426 24.679466 31.330466 31.497206 31.497246
111 -12.944064 -1.192284 -0.997554 -0.997544 1.948616 1.948636 1.962366 2.752166 7.921196 7.921206 17.059576 17.089496 17.089526 24.707276 24.707306 31.391376 31.507796 31.507826
112 -12.951084 -1.114524 -0.986474 -0.986474 1.931546 1.931556 1.945566 2.691036 7.919516 7.919526 17.072706 17.092006 17.092026 24.730356 24.730386 31.441606 31.516446 31.516466
113 -12.956544 -1.051384 -0.977734 -0.977724 1.918096 1.918106 1.928646 2.644726 7.918266 7.918276 17.082966 17.093886 17.093896 24.748506 24.748516 31.480906 31.523156 31.523166
114 -12.960444 -1.004704 -0.971414 -0.971414 1.908386 1.908396 1.914026 2.612616 7.917406 7.917406 17.090316 17.095186 17.095196 24.761566 24.761576 31.509116 31.527936 31.527946
115 -12.962784 -0.976004 -0.967594 -0.967594 1.902526 1.902526 1.904086 2.593826 7.916906 7.916906 17.094736 17.095946 17.095956 24.769446 24.769446 31.526096 31.530806 31.530816
116 -12.963564 -0.966314 -0.966314 -0.966314 1.900566 1.900566 1.900566 2.587656 7.916736 7.916736 17.096206 17.096206 17.096206 24.772076 24.772076 31.531766 31.531766 31.531766
117 -12.962784 -0.972244 -0.969464 -0.969464 1.899606 1.904786 1.904786 2.593776 7.916066 7.917746 17.094266 17.094276 17.098106 24.767706 24.771196 31.529116 31.529306 31.529306
118 -12.960444 -0.989894 -0.978854 -0.978854 1.896736 1.917376 1.917376 2.611986 7.914076 7.920746 17.088476 17.088476 17.103796 24.754616 24.768526 31.521176 31.521946 31.521956
119 -12.956554 -1.018904 -0.994304 -0.994304 1.891956 1.938166 1.938176 2.641876 7.910816 7.925746 17.078816 17.078826 17.113266 24.732836 24.764066 31.507996 31.509706 31.509706
120 -12.951114 -1.058674 -1.015554 -1.015554 1.885296 1.966906 1.966906 2.682766 7.906376 7.932756 17.065326 17.065336 17.126516 24.702426 24.757776 31.489606 31.492596 31.492606
121 -12.944114 -1.108474 -1.042264 -1.042254 1.876756 2.003226 2.003226 2.733826 7.900876 7.941766 17.048026 17.048036 17.143516 24.663446 24.749616 31.466106 31.470666 31.470676
122 -12.935554 -1.167464 -1.073994 -1.073994 1.866396 2.046716 2.046726 2.794046 7.894496 7.952776 17.026956 17.026966 17.164256 24.616016 24.739526 31.437576 31.443966 31.443976
123 -12.925434 -1.234734 -1.110324 -1.110314 1.854226 2.096946 2.096946 2.862356 7.887426 7.965796 17.002136 17.002146 17.188706 24.560236 24.727436 31.404146 31.412556 31.412566
124 -12.913764 -1.309414 -1.150764 -1.150764 1.840306 2.153426 2.153436 2.937646 7.879916 7.980806 16.973626 16.973646 17.216846 24.496256 24.713276 31.365946 31.376486 31.376506
125 -12.900534 -1.390644 -1.194854 -1.194854 1.824676 2.215716 2.215726 3.018786 7.872276 7.997826 16.941476 16.941496 17.248616 24.424246 24.696956 31.323126 31.335866 31.335886
126 -12.885754 -1.477614 -1.242154 -1.242144 1.807386 2.283346 2.283366 3.104666 7.864856 8.016846 16.905746 16.905766 17.284006 24.344356 24.678386 31.275866 31.290756 31.290786
127 -12.869414 -1.569614 -1.292204 -1.292204 1.788496 2.355906 2.355916 3.194186 7.858046 8.037866 16.866496 16.866526 17.322956 24.256786 24.657456 31.224326 31.241266 31.241306
128 -12.851524 -1.665964 -1.344624 -1.344614 1.768076 2.432976 2.432986 3.286266 7.852316 8.060896 16.823786 16.823826 17.365436 24.161746 24.634066 31.168716 31.187496 31.187546
129 -12.832064 -1.766104 -1.399024 -1.399014 1.746196 2.514186 2.514206 3.379826 7.848206 8.085916 16.777716 16.777756 17.411386 24.059456 24.608096 31.109226 31.129576 31.129626
130 -12.811064 -1.869494 -1.455064 -1.455064 1.722916 2.599206 2.599216 3.473816 7.846276 8.112946 16.728346 16.728386 17.460746 23.950156 24.579436 31.046076 31.067606 31.067666
131 -12.788504 -1.975714 -1.512454 -1.512444 1.698336 2.687726 2.687746 3.567196 7.847206 8.141976 16.675756 16.675806 17.513486 23.834086 24.547966 30.979456 31.001726 31.001796
132 -12.764384 -2.084364 -1.570894 -1.570884 1.672516 2.779476 2.779496 3.658886 7.851706 8.173006 16.620046 16.620106 17.569526 23.711506 24.513576 30.909586 30.932076 30.932146
133 -12.738714 -2.195114 -1.630134 -1.630124 1.645546 2.874196 2.874226 3.747836 7.860546 8.206036 16.561296 16.561366 17.628806 23.582676 24.476136 30.836676 30.858776 30.858866
134 -12.711494 -2.307654 -1.689964 -1.689954 1.617526 2.971676 2.971706 3.832996 7.874546 8.241066 16.499606 16.499676 17.691276 23.447866 24.435556 30.760956 30.781996 30.782096
135 -12.682714 -2.421734 -1.750174 -1.750164 1.588546 3.071716 3.071746 3.913296 7.894556 8.278096 16.435066 16.435156 17.756866 23.307366 24.391726 30.682606 30.701886 30.701986
136 -12.652394 -2.537154 -1.810584 -1.810574 1.558696 3.174136 3.174166 3.987746 7.921436 8.317136 16.367786 16.367876 17.825506 23.161446 24.344526 30.601826 30.618596 30.618706
137 -12.620514 -2.653714 -1.871044 -1.871034 1.528066 3.278776 3.278816 4.055366 7.956006 8.358176 16.297856 16.297946 17.897126 23.010396 24.293886 30.518816 30.532286 30.532406
138 -12.587084 -2.771244 -1.931404 -1.931394 1.496766 3.385506 3.385546 4.115296 7.999046 8.401216 16.225366 16.225476 17.971666 22.854506 24.239726 30.433736 30.443116 30.443256
139 -12.552114 -2.889614 -1.991534 -1.991514 1.464886 3.494186 3.494226 4.166766 8.051226 8.446256 16.150436 16.150556 18.049036 22.694066 24.181956 30.346756 30.351276 30.351426
140 -12.515594 -3.008694 -2.051314 -2.051304 1.432546 3.604696 3.604746 4.209176 8.113096 8.493306 16.073166 16.073286 18.129186 22.529356 24.120536 30.256916 30.257006 30.258106
141 -12.477534 -3.128364 -2.110654 -2.110644 1.399826 3.716936 3.716986 4.242086 8.185036 8.542346 15.993646 15.993776 18.212016 22.360686 24.055416 30.160226 30.160376 30.167736
142 -12.437934 -3.248554 -2.169464 -2.169444 1.366846 3.830826 3.830876 4.265256 8.267256 8.593396 15.911986 15.912126 18.297476 22.188316 23.986556 30.061366 30.061536 30.075906
143 -12.396784 -3.369164 -2.227644 -2.227624 1.333706 3.946266 3.946316 4.278636 8.359806 8.646456 15.828286 15.828426 18.385476 22.012526 23.913946 29.960536 29.960706 29.982676
144 -12.354114 -3.490134 -2.285134 -2.285114 1.300506 4.063166 4.063226 4.282346 8.462526 8.701516 15.742636 15.742786 18.475956 21.833616 23.837566 29.857896 29.858076 29.888156
145 -12.309904 -3.611384 -2.341854 -2.341844 1.267356 4.181476 4.181536 4.276676 8.575156 8.758576 15.655136 15.655296 18.568836 21.651826 23.757446 29.753636 29.753826 29.792386
146 -12.264164 -3.732864 -2.397754 -2.397744 1.234366 4.262026 4.301106 4.301166 8.697266 8.817636 15.565896 15.566066 18.664026 21.467466 23.673586 29.647936 29.648146 29.695446
147 -12.216894 -3.854534 -2.452784 -2.452764 1.201616 4.238926 4.422006 4.422066 8.828366 8.878716 15.474996 15.475166 18.761476 21.280746 23.586036 29.540986 29.541196 29.597346
148 -12.168114 -3.976334 -2.506884 -2.506864 1.169236 4.207926 4.544106 4.544166 8.941796 8.967916 15.382516 15.382696 18.861096 21.091936 23.494826 29.432956 29.433176 29.498136
149 -12.117804 -4.098234 -2.560004 -2.559994 1.137306 4.169646 4.667356 4.667416 9.006886 9.115316 15.288556 15.288746 18.962816 20.901296 23.400016 29.324036 29.324276 29.397806
150 -12.065984 -4.220184 -2.612124 -2.612104 1.105936 4.124706 4.791686 4.791756 9.073976 9.269956 15.193206 15.193406 19.066576 20.709046 23.301676 29.214416 29.214656 29.296356
151 -12.012664 -4.342164 -2.663184 -2.663164 1.075226 4.073716 4.917056 4.917126 9.143086 9.431266 15.096546 15.096746 19.172286 20.515426 23.199886 29.104276 29.104526 29.193796
152 -11.957844 -4.464134 -2.713164 -2.713144 1.045266 4.017276 5.043386 5.043466 9.214196 9.598656 14.998646 14.998856 19.279886 20.320656 23.094716 28.993806 28.994066 29.090096
153 -11.901524 -4.586074 -2.762034 -2.762014 1.016156 3.955956 5.170666 5.170736 9.287326 9.771606 14.899586 14.899796 19.389306 20.124936 22.986256 28.883176 28.883446 28.985226
154 -11.843714 -4.707944 -2.809764 -2.809744 0.987996 3.890286 5.298806 5.298876 9.362466 9.949586 14.799446 14.799656 19.500486 19.928466 22.874586 28.772586 28.772856 28.879156
155 -11.784414 -4.829734 -2.856334 -2.856314 0.960876 3.820786 5.427766 5.427836 9.439626 10.132126 14.698276 14.698496 19.613356 19.731456 22.759816 28.662196 28.662476 28.771856
156 -11.723644 -4.951404 -2.901714 -2.901694 0.934876 3.747916 5.557486 5.557566 9.518806 10.318786 14.596166 14.596386 19.534086 19.727846 22.642026 28.552216 28.552496 28.663286
157 -11.661414 -5.072934 -2.945884 -2.945864 0.910086 3.672126 5.687906 5.687986 9.599986 10.509126 14.493166 14.493396 19.336536 19.843886 22.521316 28.442826 28.443116 28.553416
158 -11.597714 -5.194314 -2.988834 -2.988814 0.886596 3.593816 5.818976 5.819056 9.683196 10.702806 14.389336 14.389566 19.138956 19.961446 22.397766 28.334186 28.334476 28.442206
159 -11.532564 -5.315504 -3.030544 -3.030524 0.864496 3.513356 5.950636 5.950716 9.768436 10.899456 14.284736 14.284966 18.941526 20.080446 22.271476 28.226496 28.226786 28.329626
160 -11.465974 -5.436494 -3.071004 -3.070984 0.843846 3.431106 6.082816 6.082896 9.855696 11.098736 14.179416 14.179656 18.744376 20.200836 22.142536 28.119926 28.120216 28.215646
161 -11.397944 -5.557264 -3.110194 -3.110174 0.824736 3.347386 6.215456 6.215536 9.944976 11.300356 14.073446 14.073686 18.547666 20.322546 22.011016 28.014656 28.014956 28.100246
162 -11.328494 -5.677784 -3.148104 -3.148084 0.807246 3.262506 6.348476 6.348556 10.036296 11.504026 13.966866 13.967096 18.351516 20.445546 21.877006 27.910876 27.911166 27.983396
163 -11.257634 -5.798024 -3.184724 -3.184714 0.791446 3.176746 6.481806 6.481886 10.129626 11.709476 13.859726 13.859966 18.156066 20.569766 21.740586 27.808756 27.809056 27.865106
164 -11.185364 -5.917994 -3.220054 -3.220034 0.777396 3.090366 6.615366 6.615436 10.225006 11.916466 13.752086 13.752326 17.961416 20.695176 21.601806 27.708466 27.708766 27.745346
165 -11.111704 -6.037644 -3.254074 -3.254054 0.765176 3.003606 6.749066 6.749146 10.322426 12.124756 13.643996 13.644236 17.767696 20.821716 21.460726 27.610186 27.610476 27.624126
166 -11.036664 -6.156964 -3.286784 -3.286764 0.754846 2.916706 6.882816 6.882896 10.421876 12.334126 13.535506 13.535746 17.574986 20.949346 21.317416 27.501426 27.514086 27.514396
167 -10.960254 -6.275934 -3.318174 -3.318164 0.746456 2.829876 7.016516 7.016596 10.523366 12.544376 13.426686 13.426916 17.383406 21.078016 21.171916 27.377316 27.420346 27.420646
168 -10.882494 -6.394514 -3.348244 -3.348224 0.740086 2.743326 7.150046 7.150116 10.626896 12.755286 13.317596 13.317826 17.193036 21.024286 21.207686 27.251796 27.329126 27.329416
169 -10.803394 -6.512714 -3.376994 -3.376974 0.735776 2.657226 7.283306 7.283376 10.732486 12.966706 13.208296 13.208526 17.003956 20.874546 21.338316 27.124866 27.240596 27.240886
170 -10.722954 -6.630484 -3.404404 -3.404384 0.733596 2.571776 7.416136 7.416206 10.840116 13.098876 13.099106 13.178436 16.816236 20.722736 21.469876 26.996586 27.154916 27.155196
171 -10.641214 -6.747814 -3.430484 -3.430464 0.733576 2.487126 7.548416 7.548476 10.949796 12.989426 12.989656 13.390316 16.629966 20.568876 21.602326 26.866986 27.072236 27.072516
172 -10.558164 -6.864674 -3.455234 -3.455214 0.735766 2.403436 7.679956 7.680016 11.061546 12.880056 12.880276 13.602186 16.445206 20.412996 21.735626 26.736126 26.992736 26.993006
173 -10.473834 -6.981044 -3.478644 -3.478624 0.740226 2.320866 7.810566 7.810626 11.175336 12.770896 12.771116 13.813876 16.262016 20.255136 21.869726 26.604046 26.916556 26.916816
174 -10.388234 -7.096894 -3.500714 -3.500694 0.746986 2.239526 7.940056 7.940106 11.291196 12.662086 12.662296 14.025266 16.080446 20.095276 22.004606 26.470806 26.843846 26.844096
175 -10.301374 -7.212214 -3.521444 -3.521434 0.756076 2.159566 8.068156 8.068206 11.409116 12.553826 12.554026 14.236216 15.900546 19.933436 22.140236 26.336466 26.774746 26.774986
176 -10.213284 -7.326974 -3.540834 -3.540824 0.767556 2.081096 8.194576 8.194626 11.529106 12.446336 12.446526 14.446586 15.722366 19.769636 22.276576 26.201096 26.709396 26.709626
177 -10.123974 -7.441144 -3.558894 -3.558884 0.781436 2.004236 8.318986 8.319026 11.651156 12.339886 12.340076 14.656256 15.545956 19.603886 22.413586 26.064766 26.647936 26.648146
178 -10.033464 -7.554704 -3.575604 -3.575594 0.797746 1.929086 8.440966 8.441006 11.775286 12.234836 12.235016 14.865116 15.371346 19.436176 22.551236 25.927536 26.590476 26.590676
179 -9.941774 -7.667624 -3.590984 -3.590964 0.816516 1.855746 8.560026 8.560056 11.901476 12.131606 12.131776 15.073026 15.198586 19.266536 22.689476 25.789506 26.537156 26.537346
180 -9.848924 -7.779894 -3.605014 -3.605004 0.837776 1.784296 8.675596 8.675616 12.029746 12.030726 12.030886 15.027686 15.279926 19.094936 22.828296 25.650716 26.488076 26.488246
181 -9.754914 -7.891464 -3.617714 -3.617704 0.861536 1.714816 8.786926 8.786946 11.932876 11.933016 12.160096 14.858686 15.485706 18.921406 22.967636 25.511256 26.443336 26.443486
182 -9.659784 -8.002334 -3.629064 -3.629064 0.887806 1.647396 8.893136 8.893156 11.838866 11.839006 12.292526 14.691606 15.690256 18.745936 23.107476 25.371206 26.403036 26.403176
183 -9.563554 -8.112474 -3.639084 -3.639084 0.916606 1.582106 8.993146 8.993156 11.749766 11.749886 12.427026 14.526476 15.893506 18.568546 23.247756 25.230646 26.367266 26.367396
184 -9.466244 -8.221844 -3.647774 -3.647764 0.947936 1.519006 9.085616 9.085626 11.666836 11.666946 12.563586 14.363326 16.095366 18.389236 23.388436 25.089646 26.336116 26.336226
185 -9.367854 -8.330434 -3.655114 -3.655114 0.981816 1.458136 9.168976 9.168976 11.591626 11.591716 12.702246 14.202146 16.295786 18.208016 23.529486 24.948276 26.309636 26.309726
186 -9.268434 -8.438214 -3.661124 -3.661124 1.018226 1.399576 9.241386 9.241386 11.525936 11.526006 12.842966 14.042976 16.494676 18.024906 23.670846 24.806606 26.287886 26.287956
187 -9.167984 -8.545164 -3.665794 -3.665794 1.057176 1.343356 9.300806 9.300806 11.471766 11.471826 12.985766 13.885816 16.691986 17.839906 23.812476 24.664716 26.270916 26.270976
188 -9.066544 -8.651254 -3.669134 -3.669134 1.098656 1.289516 9.345186 9.345186 11.431156 11.431196 13.130636 13.730686 16.887666 17.653056 23.954316 24.522676 26.258776 26.258816
189 -8.964124 -8.756454 -3.671134 -3.671134 1.142646 1.238096 9.372686 9.372686 11.405936 11.405956 13.277566 13.577596 17.081646 17.464376 24.096316 24.380556 26.251486 26.251506
190 -8.860754 -8.860754 -3.671804 -3.671804 1.189116 1.189156 9.382006 9.382006 11.397376 11.397376 13.426546 13.426556 17.273406 17.274386 24.238276 24.238556 26.249066 26.249066
191 -8.860524 -8.860514 -3.673964 -3.673964 1.193496 1.193536 9.377556 9.377556 11.393766 11.393766 13.433486 13.433506 17.273976 17.274966 24.230466 24.230746 26.255586 26.255586
192 -8.859804 -8.859794 -3.680414 -3.680414 1.206596 1.206636 9.364186 9.364186 11.383206 11.383216 13.454026 13.454036 17.275726 17.276706 24.207336 24.207616 26.274836 26.274856
193 -8.858614 -8.858604 -3.691064 -3.691064 1.228316 1.228356 9.341876 9.341876 11.366486 11.366506 13.487316 13.487336 17.278716 17.279696 24.169746 24.170016 26.305956 26.305996
194 -8.856964 -8.856954 -3.705754 -3.705754 1.258526 1.258566 9.310596 9.310606 11.344796 11.344816 13.532116 13.532146 17.283096 17.284076 24.118916 24.119176 26.347666 26.347736
195 -8.854844 -8.854844 -3.724294 -3.724294 1.297016 1.297046 9.270346 9.270356 11.319486 11.319526 13.586906 13.586936 17.289046 17.290016 24.056276 24.056536 26.398476 26.398596
196 -8.852294 -8.852284 -3.746424 -3.746424 1.343526 1.343556 9.221146 9.221166 11.291986 11.292046 13.650026 13.650066 17.296796 17.297766 23.983306 23.983556 26.456866 26.457026
197 -8.849304 -8.849294 -3.771874 -3.771874 1.397766 1.397806 9.163116 9.163136 11.263626 11.263696 13.719836 13.719876 17.306646 17.307596 23.901386 23.901626 26.521366 26.521576
198 -8.845894 -8.845894 -3.800324 -3.800324 1.459446 1.459486 9.096406 9.096436 11.235516 11.235596 13.794736 13.794786 17.318906 17.319856 23.811736 23.811966 26.590656 26.590916
199 -8.842094 -8.842094 -3.831444 -3.831444 1.528206 1.528236 9.021296 9.021336 11.208576 11.208676 13.873246 13.873296 17.333986 17.334926 23.715426 23.715666 26.663576 26.663896
200 -8.837924 -8.837924 -3.864894 -3.864884 1.603706 1.603736 8.938126 8.938166 11.183476 11.183586 13.954006 13.954056 17.352276 17.353206 23.613346 23.613576 26.739126 26.739506
201 -8.833404 -8.833404 -3.900314 -3.900304 1.685586 1.685626 8.847316 8.847356 11.160666 11.160786 14.035766 14.035816 17.374246 17.375166 23.506226 23.506456 26.816446 26.816896
202 -8.828564 -8.828564 -3.937364 -3.937344 1.773496 1.773536 8.749336 8.749376 11.140396 11.140526 14.117376 14.117426 17.400356 17.401266 23.394686 23.394916 26.894816 26.895326
203 -8.823434 -8.823424 -3.975694 -3.975674 1.867086 1.867126 8.644706 8.644756 11.122776 11.122906 14.197836 14.197886 17.431096 17.431996 23.279226 23.279466 26.973596 26.974176
204 -8.818034 -8.818034 -4.014964 -4.014944 1.966006 1.966036 8.533966 8.534016 11.107776 11.107916 14.276206 14.276256 17.466946 17.467836 23.160266 23.160506 27.052226 27.052876
205 -8.812414 -8.812414 -4.054864 -4.054844 2.069926 2.069956 8.417646 8.417686 11.095316 11.095456 14.351696 14.351736 17.508356 17.509236 23.038146 23.038386 27.130256 27.130976
206 -8.806604 -8.806604 -4.095074 -4.095054 2.178516 2.178556 8.296256 8.296296 11.085216 11.085366 14.423596 14.423646 17.555746 17.556616 22.913156 22.913406 27.207256 27.208046
207 -8.800644 -8.800644 -4.135304 -4.135284 2.291476 2.291516 8.170296 8.170336 11.077296 11.077446 14.491346 14.491386 17.609456 17.610316 22.785556 22.785816 27.282836 27.283706
208 -8.794574 -8.794574 -4.175284 -4.175254 2.408496 2.408536 8.040256 8.040286 11.071336 11.071486 14.554476 14.554516 17.669766 17.670616 22.655576 22.655846 27.356666 27.357606
209 -8.788434 -8.788434 -4.214724 -4.214704 2.529296 2.529336 7.906566 7.906596 11.067116 11.067266 14.612676 14.612706 17.736836 17.737676 22.523406 22.523686 27.428426 27.429436
210 -8.782264 -8.782264 -4.253404 -4.253384 2.653616 2.653656 7.769626 7.769646 11.064416 11.064566 14.665746 14.665766 17.810766 17.811596 22.389216 22.389506 27.497836 27.498926
211 -8.776114 -8.776114 -4.291084 -4.291054 2.781166 2.781206 7.629816 7.629836 11.063026 11.063166 14.713616 14.713636 17.891496 17.892316 22.253196 22.253486 27.564646 27.565806
212 -8.770034 -8.770034 -4.327544 -4.327514 2.911696 2.911746 7.487496 7.487516 11.062746 11.062876 14.756356 14.756376 17.978886 17.979696 22.115506 22.115796 27.628606 27.629826
213 -8.764064 -8.764054 -4.362574 -4.362544 3.044966 3.045006 7.342996 7.343016 11.063366 11.063496 14.794116 14.794126 18.072706 18.073516 21.976306 21.976606 27.689476 27.690776
214 -8.758244 -8.758244 -4.396004 -4.395974 3.180706 3.180756 7.196636 7.196646 11.064726 11.064856 14.827126 14.827136 18.172626 18.173426 21.835776 21.836086 27.747066 27.748426
215 -8.752634 -8.752624 -4.427644 -4.427614 3.318666 3.318716 7.048726 7.048736 11.066646 11.066776 14.855706 14.855716 18.278236 18.279026 21.694106 21.694416 27.801166 27.802596
216 -8.747264 -8.747264 -4.457344 -4.457314 3.458596 3.458646 6.899556 6.899566 11.068986 11.069106 14.880196 14.880206 18.389086 18.389876 21.551476 21.551786 27.851616 27.853096
217 -8.742194 -8.742184 -4.484954 -4.484924 3.600206 3.600256 6.749446 6.749446 11.071586 11.071706 14.900966 14.900986 18.504656 18.505446 21.408126 21.408436 27.898236 27.899776
218 -8.737454 -8.737454 -4.510344 -4.510304 3.743166 3.743216 6.598736 6.598746 11.074336 11.074446 14.918406 14.918436 18.624386 18.625176 21.264326 21.264636 27.940876 27.942466
219 -8.733094 -8.733094 -4.533384 -4.533344 3.887106 3.887156 6.447836 6.447846 11.077106 11.077206 14.932896 14.932926 18.747646 18.748436 21.120406 21.120716 27.979406 27.981046
220 -8.729144 -8.729144 -4.553974 -4.553934 4.031536 4.031586 6.297246 6.297256 11.079786 11.079896 14.944776 14.944806 18.873716 18.874516 20.976816 20.977116 28.013686 28.015376
221 -8.725654 -8.725644 -4.572014 -4.571974 4.175796 4.175856 6.147636 6.147636 11.082306 11.082406 14.954376 14.954416 19.001736 19.002546 20.834146 20.834436 28.043626 28.045356
222 -8.722634 -8.722634 -4.587414 -4.587374 4.318856 4.318916 6.000026 6.000036 11.084576 11.084666 14.961996 14.962036 19.130516 19.131356 20.693366 20.693636 28.069126 28.070876
223 -8.720134 -8.720124 -4.600114 -4.600074 4.458986 4.459056 5.856176 5.856186 11.086516 11.086616 14.967876 14.967916 19.258296 19.259156 20.556056 20.556286 28.090096 28.091876
224 -8.718154 -8.718154 -4.610054 -4.610014 4.592926 4.593006 5.719336 5.719346 11.088086 11.088176 14.972226 14.972276 19.381886 19.382816 20.425206 20.425376 28.106476 28.108286
225 -8.716734 -8.716734 -4.617184 -4.617144 4.713816 4.713906 5.596356 5.596386 11.089246 11.089336 14.975226 14.975266 19.494836 19.495846 20.307166 20.307256 28.118216 28.120036
226 -8.715874 -8.715874 -4.621474 -4.621434 4.806526 4.806636 5.502386 5.502436 11.089946 11.090036 14.976976 14.977016 19.582696 19.583826 20.216256 20.216296 28.125276 28.127106
227 -8.715584 -8.715584 -4.622914 -4.622864 4.843646 4.843766 5.464846 5.464896 11.090186 11.090266 14.977546 14.977596 19.618356 19.619556 20.179536 20.179636 28.127636 28.129456
228 -8.756104 -8.675484 -4.653834 -4.589504 4.773816 4.872536 5.474226 5.497936 11.044046 11.132316 14.904506 15.054256 19.539296 19.663696 20.117236 20.276436 28.115886 28.140416
229 -8.795194 -8.637654 -4.683854 -4.552224 4.648546 4.894356 5.539156 5.540586 10.996676 11.166936 14.839096 15.130966 19.444626 19.665896 20.071346 20.413466 28.100286 28.153546
230 -8.832824 -8.602124 -4.712894 -4.511144 4.495906 4.909816 5.587756 5.636236 10.948236 11.193326 14.782036 15.207616 19.338466 19.643306 20.038366 20.572726 28.081686 28.167866
231 -8.869014 -8.568864 -4.740944 -4.466404 4.331136 4.919916 5.642596 5.746186 10.898806 11.210786 14.733916 15.284166 19.224496 19.607356 20.014626 20.742656 28.060106 28.183266
232 -8.903744 -8.537864 -4.767984 -4.418164 4.161166 4.925706 5.702466 5.863756 10.848536 11.218766 14.695266 15.360526 19.105586 19.563776 19.997306 20.917326 28.035586 28.199576
233 -8.937024 -8.509064 -4.793994 -4.366604 3.989406 4.928196 5.766186 5.985776 10.797536 11.216866 14.666416 15.436656 18.983766 19.515506 19.984376 21.093606 28.008196 28.216686
234 -8.968844 -8.482404 -4.818954 -4.311974 3.817726 4.928216 5.832746 6.110626 10.745946 11.204856 14.647546 15.512456 18.860406 19.464126 19.974526 21.269736 27.978016 28.234436
235 -8.999204 -8.457844 -4.842844 -4.254524 3.647326 4.926426 5.901296 6.237356 10.693916 11.182736 14.638636 15.587836 18.736456 19.410576 19.966896 21.444536 27.945156 28.252676
236 -9.028094 -8.435274 -4.865654 -4.194544 3.479066 4.923376 5.971076 6.365326 10.641596 11.150706 14.639456 15.662696 18.612606 19.355516 19.960826 21.617156 27.909766 28.271266
237 -9.055524 -8.414624 -4.887354 -4.132384 3.313646 4.919426 6.041476 6.494116 10.589196 11.109136 14.649606 15.736906 18.489356 19.299386 19.955966 21.786926 27.872006 28.290046
238 -9.081474 -8.395804 -4.907954 -4.068394 3.151666 4.914926 6.111916 6.623376 10.536876 11.058596 14.668506 15.810356 18.367126 19.242556 19.951986 21.953226 27.832106 28.308866
239 -9.105954 -8.378724 -4.927424 -4.003004 2.993686 4.910066 6.181936 6.752796 10.484886 10.999776 14.695466 15.882836 18.246246 19.185346 19.948706 22.115516 27.790276 28.327566
240 -9.128974 -8.363264 -4.945774 -3.936654 2.840266 4.905066 6.251036 6.882086 10.433426 10.933446 14.729706 15.954196 18.127066 19.128076 19.945936 22.273216 27.746836 28.346006
241 -9.150504 -8.349344 -4.962964 -3.869834 2.691946 4.900026 6.318796 7.010956 10.382796 10.860486 14.770356 16.024186 18.009876 19.071046 19.943616 22.425786 27.702076 28.364046
242 -9.170554 -8.336864 -4.979004 -3.803084 2.549326 4.895096 6.384746 7.139066 10.333266 10.781776 14.816536 16.092586 17.895016 19.014576 19.941616 22.572636 27.656406 28.381526
243 -9.189134 -8.325734 -4.993884 -3.736984 2.412986 4.890316 6.448486 7.266076 10.285136 10.698276 14.867326 16.159056 17.782846 18.959016 19.939916 22.713156 27.610226 28.398326
244 -9.206224 -8.315844 -5.007604 -3.672154 2.283586 4.885776 6.509546 7.391526 10.238746 10.610946 14.921776 16.223276 17.673786 18.904756 19.938426 22.846706 27.564036 28.414306
245 -9.221834 -8.307124 -5.020144 -3.609274 2.161786 4.881516 6.567486 7.514906 10.194466 10.520836 14.978916 16.284846 17.568306 18.852206 19.937156 22.972606 27.518376 28.429336
246 -9.235974 -8.299484 -5.031504 -3.549064 2.048306 4.877586 6.621846 7.635536 10.152656 10.429046 15.037696 16.343316 17.467016 18.801866 19.936036 23.090106 27.473846 28.443316
247 -9.248614 -8.292864 -5.041684 -3.492254 1.943866 4.873996 6.672166 7.752576 10.113736 10.336826 15.097016 16.398166 17.370636 18.754236 19.935086 23.198436 27.431096 28.456126
248 -9.259774 -8.287184 -5.050674 -3.439624 1.849256 4.870796 6.717986 7.864916 10.078096 10.245636 15.155626 16.448826 17.280066 18.709936 19.934256 23.296786 27.390856 28.467666
249 -9.269444 -8.282384 -5.058474 -3.391944 1.765226 4.867996 6.758836 7.971126 10.046146 10.157186 15.212146 16.494696 17.196396 18.669566 19.933546 23.384336 27.353846 28.477856
250 -9.277624 -8.278414 -5.065074 -3.350004 1.692536 4.865596 6.794296 8.069316 10.018296 10.073636 15.264966 16.535086 17.120986 18.633806 19.932976 23.460246 27.320836 28.486616
251 -9.284324 -8.275224 -5.070484 -3.314514 1.631916 4.863626 6.823946 8.157006 9.994906 9.997656 15.312296 16.569366 17.055436 18.603336 19.932496 23.523686 27.292576 28.493876
252 -9.289534 -8.272784 -5.074684 -3.286144 1.583996 4.862076 6.847426 8.231106 9.932506 9.976336 15.352156 16.596826 17.001556 18.578796 19.932146 23.573936 27.269746 28.499576
253 -9.293264 -8.271064 -5.077694 -3.265444 1.549346 4.860976 6.864426 8.288026 9.881886 9.962836 15.382536 16.616946 16.961246 18.560796 19.931886 23.610336 27.252966 28.503686
254 -9.295494 -8.270044 -5.079494 -3.252844 1.528376 4.860306 6.874726 8.324116 9.849556 9.954656 15.401626 16.629196 16.936236 18.549786 19.931736 23.632386 27.242686 28.506156
255 -9.296234 -8.269704 -5.080104 -3.248614 1.521356 4.860086 6.878166 8.336506 9.838396 9.951906 15.408146 16.633326 16.927746 18.546096 19.931686 23.639776 27.239226 28.506986
