1 -8.1789 -8.17886 -4.17791 -4.17789 4.11779 4.11782 4.88983 4.89008 10.99768 10.99847 14.39162 14.39183 20.2154 20.21709 25.87871 25.88048 27.5041 27.50534
2 -8.24183 -8.11632 -4.223 -4.12998 4.06624 4.15887 4.83877 4.95566 10.85865 11.12431 14.24073 14.55618 20.10107 20.33114 25.79108 25.95454 27.3189 27.68883
3 -8.30497 -8.05432 -4.26506 -4.07944 4.00871 4.18345 4.80814 5.03133 10.7064 11.23733 14.10325 14.73367 19.98591 20.4455 25.69289 26.00811 27.13967 27.86693
4 -8.36816 -7.99309 -4.30382 -4.0265 3.94819 4.1861 4.80349 5.11399 10.54205 11.3374 13.97892 14.92331 19.87104 20.5592 25.58722 26.02488 26.98255 28.03693
5 -8.43123 -7.93286 -4.33904 -3.97136 3.88652 4.16567 4.826 5.20178 10.36659 11.42509 13.8671 15.12388 19.75685 20.67206 25.47516 25.98157 26.87128 28.19768
6 -8.49406 -7.87385 -4.37047 -3.91419 3.82487 4.12613 4.87168 5.29353 10.18118 11.50115 13.76685 15.3338 19.64382 20.78393 25.35727 25.86157 26.82296 28.34866
7 -8.55652 -7.81632 -4.39783 -3.85519 3.76399 4.07343 4.93462 5.38845 9.98713 11.56643 13.67715 15.5512 19.53262 20.89467 25.23385 25.67365 26.82944 28.48963
8 -8.6185 -7.7605 -4.42085 -3.79451 3.70439 4.01259 5.0098 5.48603 9.78575 11.62185 13.5969 15.77386 19.42418 21.0041 25.10504 25.43932 26.8699 28.62059
9 -8.6799 -7.70667 -4.43926 -3.73233 3.64643 3.94698 5.09385 5.5859 9.57832 11.6683 13.52499 15.99921 19.31974 21.11209 24.97088 25.17498 26.92875 28.74167
10 -8.74062 -7.65509 -4.45277 -3.66881 3.59036 3.87873 5.18466 5.68777 9.36606 11.70663 13.46039 16.22413 19.2211 21.21843 24.83139 24.89006 26.99746 28.85309
11 -8.80057 -7.606 -4.46113 -3.60411 3.53638 3.80917 5.28091 5.79143 9.15007 11.73761 13.40217 16.44471 19.1309 21.32291 24.58996 24.68663 27.07159 28.95513
12 -8.85969 -7.55966 -4.46407 -3.53837 3.48464 3.73911 5.38179 5.8967 8.93134 11.76195 13.34946 16.65588 19.05296 21.42526 24.27818 24.53663 27.14879 29.04811
13 -8.91789 -7.5163 -4.46136 -3.47176 3.43527 3.66908 5.48677 6.00344 8.71077 11.78027 13.30154 16.85083 18.99285 21.52511 23.95723 24.38157 27.22772 29.13237
14 -8.97511 -7.4761 -4.45282 -3.40443 3.38836 3.59943 5.59553 6.11153 8.48911 11.7931 13.25775 17.0208 18.95812 21.62199 23.62919 24.22172 27.30761 29.20828
15 -9.0313 -7.43924 -4.43827 -3.33652 3.34401 3.53036 5.70783 6.22084 8.26706 11.80093 13.21753 17.15547 18.95782 21.71521 23.29602 24.05758 27.38794 29.27621
16 -9.0864 -7.40584 -4.41759 -3.26819 3.30229 3.46203 5.82353 6.33126 8.04521 11.80415 13.18043 17.24558 18.99987 21.80372 22.9597 23.89003 27.46839 29.33652
17 -9.14036 -7.37596 -4.39072 -3.19957 3.26327 3.39451 5.94254 6.44271 7.82408 11.80313 13.14603 17.28701 19.08688 21.88591 22.62232 23.7205 27.54872 29.3896
18 -9.19314 -7.34965 -4.35765 -3.13083 3.22701 3.32782 6.06481 6.55506 7.60417 11.79817 13.114 17.28286 19.2138 21.95917 22.28641 23.55149 27.62876 29.43582
19 -9.2447 -7.32687 -4.31842 -3.06212 3.19356 3.26199 6.19026 6.66822 7.38595 11.78954 13.08404 17.24128 19.36977 21.95531 22.01906 23.38732 27.70834 29.47555
20 -9.29499 -7.30754 -4.27312 -2.99359 3.16298 3.19697 6.31879 6.78209 7.16989 11.77749 13.05592 17.17132 19.5413 21.6341 22.0581 23.23537 27.78734 29.50915
21 -9.34399 -7.29154 -4.2219 -2.92538 3.13272 3.1353 6.44995 6.89657 6.95681 11.76224 13.02942 17.0804 19.71213 21.33222 22.06453 23.10737 27.86565 29.53699
22 -9.39165 -7.27871 -4.16495 -2.85765 3.06917 3.11056 6.57956 6.75128 7.01152 11.74398 13.00437 16.97386 19.85668 21.0706 22.02395 23.01766 27.94312 29.55943
23 -9.43797 -7.26886 -4.10251 -2.79056 3.00622 3.08879 6.52633 6.73493 7.12685 11.72292 12.98061 16.85522 19.92447 20.89679 21.92777 22.97485 28.01966 29.57682
24 -9.48289 -7.26176 -4.03483 -2.72426 2.94375 3.07 6.3255 6.87291 7.24242 11.69923 12.95803 16.72678 19.85405 20.8706 21.78068 22.9743 28.09513 29.58952
25 -9.52641 -7.25718 -3.9622 -2.6589 2.88162 3.0542 6.1247 7.01795 7.35809 11.67312 12.9365 16.58994 19.66416 20.9725 21.59536 23.00339 28.16942 29.59788
26 -9.5685 -7.25488 -3.88492 -2.59463 2.81966 3.04139 5.92723 7.16716 7.4737 11.64478 12.91593 16.44557 19.42113 21.13589 21.38346 23.0506 28.24241 29.60223
27 -9.60914 -7.25459 -3.80331 -2.5316 2.75768 3.03155 5.73382 7.32022 7.58909 11.61445 12.89623 16.29419 19.16256 21.15279 21.32322 23.10828 28.31395 29.60293
28 -9.64831 -7.25608 -3.7177 -2.46997 2.69545 3.02466 5.54493 7.47709 7.70405 11.58237 12.87733 16.13611 18.90417 20.90817 21.51899 23.17182 28.38394 29.60032
29 -9.68599 -7.2591 -3.6284 -2.40988 2.63272 3.02066 5.36102 7.63779 7.81836 11.54883 12.85914 15.97159 18.65313 20.65262 21.71629 23.23845 28.45224 29.59474
30 -9.72216 -7.26342 -3.53576 -2.35146 2.56922 3.01949 5.18252 7.80236 7.93178 11.51418 12.8416 15.80092 18.41317 20.38819 21.91156 23.30642 28.51872 29.5865
31 -9.75681 -7.26883 -3.4401 -2.29485 2.50465 3.02106 5.00989 7.97083 8.04401 11.47881 12.82463 15.6245 18.18635 20.11634 22.10274 23.37462 28.58325 29.57596
32 -9.78994 -7.27512 -3.34177 -2.24019 2.43867 3.02526 4.84363 8.14325 8.15471 11.44319 12.80817 15.4429 17.97382 19.83828 22.2885 23.44226 28.64572 29.56341
33 -9.82151 -7.2821 -3.24111 -2.1876 2.37098 3.03196 4.68426 8.26349 8.31961 11.40788 12.79213 15.2569 17.77608 19.55506 22.46791 23.50878 28.70598 29.54919
34 -9.85153 -7.28959 -3.1385 -2.13718 2.30123 3.041 4.5323 8.36991 8.49993 11.37354 12.77643 15.06741 17.59314 19.26762 22.64028 23.57374 28.76393 29.53361
35 -9.87998 -7.29743 -3.03429 -2.08905 2.22915 3.05219 4.38826 8.47345 8.68416 11.34092 12.76096 14.87551 17.42469 18.97694 22.80509 23.63679 28.81945 29.51695
36 -9.90685 -7.30549 -2.92891 -2.0433 2.15451 3.06533 4.25266 8.5735 8.87224 11.31091 12.74561 14.68234 17.27019 18.68401 22.96192 23.69764 28.87241 29.49951
37 -9.93213 -7.31362 -2.82276 -2.00002 2.07717 3.08015 4.12591 8.66941 9.06407 11.2845 12.73023 14.48904 17.12893 18.38983 23.11042 23.75603 28.92272 29.48158
38 -9.95582 -7.3217 -2.71634 -1.95929 1.99713 3.0964 4.00839 8.76044 9.25945 11.26281 12.71464 14.29671 17.00019 18.09555 23.25031 23.81174 28.97027 29.46342
39 -9.97791 -7.32964 -2.61016 -1.92117 1.91457 3.11378 3.90034 8.84581 9.45815 11.24703 12.69861 14.10635 16.88322 17.80236 23.38135 23.86456 29.01497 29.44529
40 -9.99838 -7.33732 -2.50483 -1.88573 1.82987 3.13196 3.80189 8.92474 9.65982 11.2384 12.68187 13.91887 16.77732 17.51165 23.50333 23.91429 29.05671 29.42745
41 -10.01724 -7.34468 -2.40104 -1.85301 1.74363 3.1506 3.71302 8.99647 9.86398 11.23814 12.66403 13.73504 16.68185 17.22496 23.61609 23.96076 29.09543 29.41011
42 -10.03448 -7.35162 -2.29954 -1.82306 1.6567 3.16934 3.63359 9.06039 10.07003 11.24734 12.64462 13.55551 16.59625 16.94406 23.71948 24.0038 29.13104 29.39351
43 -10.05008 -7.35809 -2.20127 -1.7959 1.57017 3.18781 3.56334 9.11606 10.27713 11.26688 12.62302 13.38089 16.52002 16.67107 23.81336 24.04325 29.16346 29.37784
44 -10.06406 -7.36403 -2.10728 -1.77155 1.48539 3.20564 3.50195 9.16334 10.48419 11.29729 12.59844 13.21173 16.4085 16.45277 23.89763 24.07897 29.19264 29.36329
45 -10.07641 -7.36938 -2.01876 -1.75005 1.40388 3.22244 3.44902 9.20239 10.68977 11.33869 12.56988 13.04857 16.15934 16.39414 23.97219 24.11083 29.21853 29.35004
46 -10.08711 -7.3741 -1.93711 -1.7314 1.32739 3.23787 3.40415 9.2337 10.89198 11.39065 12.53614 12.89209 15.92723 16.34383 24.03697 24.1387 29.24106 29.33823
47 -10.09617 -7.37816 -1.86386 -1.7156 1.25782 3.25157 3.36694 9.25798 11.08823 11.45217 12.4959 12.74324 15.71655 16.30163 24.09189 24.16247 29.26019 29.32801
48 -10.10359 -7.38152 -1.80067 -1.70268 1.19714 3.26325 3.33703 9.27612 11.27501 11.5214 12.44799 12.60351 15.53235 16.26734 24.1369 24.18205 29.2759 29.31948
49 -10.10936 -7.38415 -1.74922 -1.69262 1.14733 3.27263 3.31411 9.28904 11.44714 11.5951 12.39229 12.4757 15.38031 16.24081 24.17196 24.19737 29.28815 29.31275
50 -10.11348 -7.38605 -1.71109 -1.68544 1.11021 3.27949 3.29792 9.29758 11.59613 11.66715 12.33174 12.36541 15.26624 16.22194 24.19701 24.20835 29.2969 29.30789
51 -10.11596 -7.38719 -1.68762 -1.68113 1.08727 3.28368 3.28828 9.30242 11.70607 11.72533 12.27726 12.28448 15.19532 16.21065 24.21205 24.21498 29.30213 29.30499
52 -10.11678 -7.38758 -1.6797 -1.67969 1.07951 3.28507 3.2851 9.30399 11.74902 11.74928 12.25306 12.25315 15.17124 16.20689 24.21687 24.21738 29.30359 29.30431
53 -10.12015 -7.38269 -1.67923 -1.67922 1.08011 3.28543 3.28546 9.30336 11.67809 11.67834 12.32606 12.32635 15.14021 16.24052 24.21312 24.21363 29.30537 29.3061
54 -10.13018 -7.3681 -1.67781 -1.67781 1.08191 3.2865 3.28653 9.30146 11.52657 11.52678 12.48398 12.48443 15.05703 16.33151 24.20191 24.20243 29.3107 29.31147
55 -10.14666 -7.34404 -1.67546 -1.67545 1.08491 3.28829 3.28832 9.2982 11.35066 11.35086 12.67055 12.67112 14.94066 16.46101 24.18337 24.1839 29.31948 29.32032
56 -10.16924 -7.31084 -1.67216 -1.67215 1.08911 3.29076 3.29079 9.29345 11.16763 11.16786 12.86834 12.86902 14.80612 16.6141 24.1577 24.15824 29.3316 29.33251
57 -10.19747 -7.26896 -1.66792 -1.66791 1.09451 3.2939 3.29394 9.28702 10.98307 10.98335 13.07163 13.0724 14.66252 16.78185 24.12518 24.12574 29.34685 29.34787
58 -10.23086 -7.21891 -1.66275 -1.66273 1.10112 3.29769 3.29772 9.27868 10.79926 10.79959 13.27795 13.27881 14.51512 16.95924 24.08616 24.08675 29.36504 29.36616
59 -10.26884 -7.16124 -1.65663 -1.65661 1.10893 3.30208 3.30211 9.26812 10.61731 10.61771 13.48592 13.48686 14.36712 17.14334 24.04108 24.04169 29.38588 29.38712
60 -10.31086 -7.0965 -1.64957 -1.64955 1.11795 3.30703 3.30707 9.25502 10.43789 10.43835 13.69459 13.6956 14.22057 17.33243 23.99043 23.99107 29.40911 29.41046
61 -10.35638 -7.02527 -1.64158 -1.64156 1.12818 3.31249 3.31253 9.23897 10.2614 10.26192 13.9032 13.90427 14.07696 17.5254 23.93476 23.93543 29.4344 29.43586
62 -10.40487 -6.94806 -1.63266 -1.63263 1.13962 3.31842 3.31846 9.21953 10.08816 10.08873 13.93744 14.11103 14.11216 17.72151 23.87471 23.87541 29.46143 29.46302
63 -10.45585 -6.86537 -1.6228 -1.62277 1.15226 3.32473 3.32477 9.19622 9.9184 9.91901 13.80295 14.31738 14.31855 17.92028 23.81094 23.81168 29.48988 29.49158
64 -10.50887 -6.77765 -1.61201 -1.61198 1.16612 3.33136 3.3314 9.16853 9.75231 9.75296 13.67434 14.52152 14.52272 18.12134 23.74422 23.74498 29.5194 29.52121
65 -10.56353 -6.68532 -1.6003 -1.60026 1.18119 3.33822 3.33827 9.13595 9.59007 9.59075 13.55235 14.72267 14.72389 18.32445 23.67536 23.67614 29.54967 29.55158
66 -10.61946 -6.58875 -1.58766 -1.58763 1.19747 3.34524 3.34528 9.09793 9.43183 9.43253 13.43766 14.92002 14.92125 18.52941 23.60523 23.60603 29.58034 29.58236
67 -10.67635 -6.48827 -1.57411 -1.57407 1.21496 3.3523 3.35235 9.05396 9.27774 9.27846 13.33088 15.11266 15.11388 18.73609 23.53479 23.5356 29.61112 29.61322
68 -10.73391 -6.38418 -1.55964 -1.5596 1.23367 3.35929 3.35934 9.00356 9.12795 9.12868 13.23254 15.29964 15.30084 18.9444 23.46507 23.46588 29.64169 29.64386
69 -10.79188 -6.27675 -1.54427 -1.54422 1.25357 3.36611 3.36616 8.94633 8.9826 8.98333 13.14309 15.47991 15.48108 19.15425 23.39715 23.39797 29.67175 29.67398
70 -10.85006 -6.16621 -1.52799 -1.52795 1.27467 3.37262 3.37267 8.84182 8.84254 8.88191 13.06286 15.65235 15.65348 19.3656 23.33223 23.33303 29.70102 29.70331
71 -10.90823 -6.05277 -1.51082 -1.51077 1.29697 3.37868 3.37873 8.70577 8.70648 8.81007 12.99207 15.81577 15.81685 19.57843 23.27154 23.27231 29.72925 29.73157
72 -10.96624 -5.93661 -1.49276 -1.49271 1.32045 3.38415 3.3842 8.57458 8.57527 8.73065 12.93079 15.96895 15.96996 19.79273 23.21637 23.21711 29.75619 29.75853
73 -11.02392 -5.81792 -1.47383 -1.47378 1.3451 3.38887 3.38892 8.44843 8.44909 8.64367 12.87901 16.11055 16.11149 20.00846 23.16808 23.16877 29.7816 29.78393
74 -11.08115 -5.69685 -1.45403 -1.45398 1.37091 3.39267 3.39272 8.32746 8.32808 8.5492 12.83654 16.2393 16.24017 20.22565 23.12801 23.12863 29.80527 29.80758
75 -11.1378 -5.57353 -1.43337 -1.43333 1.39786 3.39539 3.39543 8.21182 8.21241 8.44744 12.80309 16.35394 16.35473 20.44432 23.09748 23.09803 29.827 29.82928
76 -11.19377 -5.4481 -1.41188 -1.41183 1.42592 3.39685 3.39689 8.10168 8.10223 8.33868 12.77827 16.45327 16.45399 20.66448 23.07773 23.07818 29.8466 29.84883
77 -11.24897 -5.32066 -1.38956 -1.38951 1.45508 3.39686 3.3969 7.9972 7.9977 8.22329 12.76159 16.53626 16.53691 20.88618 23.06987 23.07022 29.86392 29.86607
78 -11.30332 -5.19132 -1.36643 -1.36638 1.4853 3.39526 3.3953 7.89853 7.89898 8.10167 12.75252 16.60206 16.60263 21.10944 23.07482 23.07507 29.8788 29.88086
79 -11.35674 -5.06019 -1.3425 -1.34246 1.51655 3.39186 3.39189 7.80583 7.80622 7.97429 12.75047 16.65007 16.65057 21.3343 23.09321 23.09343 29.8911 29.89305
80 -11.40918 -4.92736 -1.31781 -1.31777 1.54879 3.38649 3.38652 7.71924 7.71957 7.8416 12.75483 16.67999 16.68044 21.5608 23.12542 23.12571 29.90071 29.90253
81 -11.46056 -4.79292 -1.29237 -1.29232 1.58197 3.37898 3.37901 7.63889 7.63916 7.70409 12.76498 16.69185 16.69224 21.78899 23.17153 23.17198 29.90751 29.90918
82 -11.51084 -4.65695 -1.2662 -1.26616 1.61605 3.36921 3.36924 7.56221 7.5649 7.56511 12.7803 16.686 16.68633 22.01888 23.23135 23.23198 29.91141 29.91292
83 -11.55997 -4.51954 -1.23934 -1.2393 1.65096 3.35702 3.35706 7.41642 7.49736 7.49751 12.80018 16.66306 16.66335 22.25053 23.30437 23.3052 29.91233 29.91367
84 -11.60791 -4.38077 -1.21181 -1.21177 1.68664 3.34234 3.34238 7.26715 7.43633 7.43643 12.82404 16.62396 16.62421 22.48393 23.38982 23.39086 29.91019 29.91136
85 -11.65462 -4.24072 -1.18365 -1.18362 1.72302 3.32508 3.32512 7.1148 7.38183 7.38191 12.85131 16.56979 16.57001 22.71911 23.48675 23.48801 29.90495 29.90593
86 -11.70007 -4.09947 -1.15489 -1.15486 1.76002 3.3052 3.30526 6.95976 7.33386 7.33397 12.88146 16.50182 16.502 22.95606 23.59409 23.59557 29.89656 29.89734
87 -11.74423 -3.9571 -1.12558 -1.12556 1.79754 3.28271 3.28276 6.80238 7.29239 7.29254 12.91398 16.42139 16.42155 23.19474 23.71067 23.71236 29.88498 29.88557
88 -11.78706 -3.8137 -1.09576 -1.09574 1.8355 3.25762 3.25768 6.643 7.25734 7.25755 12.94839 16.3299 16.33003 23.43509 23.83531 23.8372 29.87018 29.87059
89 -11.82856 -3.66935 -1.06549 -1.06547 1.8738 3.23002 3.23009 6.48194 7.22861 7.22887 12.98424 16.22873 16.22884 23.67703 23.96683 23.96892 29.85213 29.85242
90 -11.86868 -3.52415 -1.0348 -1.03479 1.9123 3.2 3.20008 6.31951 7.20601 7.20633 13.02112 16.11925 16.11934 23.92043 24.1041 24.10637 29.83079 29.83109
91 -11.90741 -3.3782 -1.00377 -1.00376 1.9509 3.16773 3.1678 6.15599 7.18936 7.18973 13.05864 16.00277 16.00285 24.16509 24.24605 24.24849 29.80618 29.8066
92 -11.94473 -3.2316 -0.97247 -0.97246 1.98946 3.13336 3.13344 5.99166 7.17841 7.17883 13.09644 15.88055 15.88063 24.39168 24.39427 24.41082 29.77834 29.77893
93 -11.98063 -3.08447 -0.94095 -0.94094 2.02783 3.09712 3.09719 5.82681 7.17288 7.17333 13.13419 15.75378 15.75387 24.5401 24.54282 24.65725 29.74733 29.7481
94 -12.01509 -2.93693 -0.9093 -0.90929 2.06587 3.05923 3.0593 5.66172 7.17244 7.17294 13.17158 15.6236 15.62369 24.69045 24.69328 24.90406 29.7132 29.71414
95 -12.0481 -2.78915 -0.87761 -0.8776 2.10341 3.01995 3.02003 5.49668 7.17677 7.1773 13.20835 15.49106 15.49115 24.84197 24.84489 25.1508 29.67598 29.67708
96 -12.07963 -2.64126 -0.84596 -0.84594 2.14029 2.97957 2.97964 5.33199 7.18548 7.18603 13.24425 15.35716 15.35727 24.99398 24.99696 25.39692 29.63574 29.63699
97 -12.10969 -2.49347 -0.81446 -0.81444 2.1763 2.93836 2.93843 5.16798 7.19818 7.19876 13.27907 15.22286 15.22298 25.14584 25.14886 25.6418 29.59255 29.59394
98 -12.13826 -2.34598 -0.78322 -0.78319 2.21126 2.89663 2.89669 5.00499 7.21447 7.21506 13.3126 15.08907 15.08919 25.29699 25.30002 25.88471 29.54651 29.54801
99 -12.16533 -2.19904 -0.75234 -0.75231 2.24495 2.8547 2.85475 4.84343 7.23389 7.23449 13.3447 14.95663 14.95676 25.44688 25.44991 26.12482 29.49771 29.49931
100 -12.19089 -2.05293 -0.72197 -0.72193 2.27714 2.81286 2.81291 4.68373 7.25601 7.25662 13.37522 14.82638 14.82652 25.59505 25.59803 26.36121 29.44627 29.44795
101 -12.21494 -1.908 -0.69223 -0.69219 2.30758 2.77144 2.77148 4.5264 7.28035 7.28096 13.40406 14.69912 14.69926 25.741 25.74393 26.59283 29.39235 29.39408
102 -12.23746 -1.76462 -0.66326 -0.66322 2.336 2.73075 2.73079 4.37202 7.30645 7.30705 13.43112 14.5756 14.57573 25.88431 25.88715 26.81859 29.33612 29.33788
103 -12.25846 -1.6233 -0.63523 -0.63519 2.36208 2.69111 2.69114 4.2213 7.33381 7.33439 13.45632 14.45659 14.45672 26.02448 26.02723 27.03722 29.2778 29.27956
104 -12.27792 -1.48458 -0.60829 -0.60825 2.38548 2.65284 2.65286 4.07505 7.36193 7.36249 13.47964 14.3428 14.34292 26.16107 26.16369 27.24745 29.21765 29.2194
105 -12.29584 -1.34914 -0.58261 -0.58256 2.40583 2.61623 2.61624 3.93424 7.39031 7.39085 13.50103 14.23493 14.23506 26.29357 26.29604 27.44793 29.15602 29.15772
106 -12.31222 -1.21777 -0.55835 -0.55831 2.42268 2.58158 2.58159 3.80002 7.41845 7.41896 13.52049 14.13368 14.1338 26.4214 26.4237 27.63727 29.09331 29.09495
107 -12.32705 -1.09145 -0.53571 -0.53567 2.43559 2.54919 2.5492 3.67372 7.44584 7.44632 13.53801 14.03969 14.03981 26.54391 26.54603 27.81404 29.03006 29.03162
108 -12.34032 -0.97131 -0.51484 -0.5148 2.44408 2.51934 2.51935 3.55689 7.47199 7.47243 13.55359 13.95362 13.95372 26.6603 26.66222 27.97685 28.96696 28.96841
109 -12.35205 -0.85871 -0.49593 -0.4959 2.44778 2.49229 2.49229 3.45118 7.49641 7.49681 13.56726 13.87604 13.87614 26.76961 26.77132 28.12432 28.90489 28.90621
110 -12.36221 -0.75523 -0.47914 -0.47911 2.44655 2.46829 2.46829 3.35824 7.51866 7.519 13.57904 13.80754 13.80762 26.87061 26.8721 28.25514 28.84499 28.84616
111 -12.37081 -0.66265 -0.46464 -0.46461 2.4407 2.44757 2.44757 3.27949 7.53829 7.53859 13.58895 13.74862 13.74869 26.96181 26.96306 28.36811 28.78871 28.78972
112 -12.37786 -0.58293 -0.45255 -0.45253 2.43032 2.43032 2.43126 3.21581 7.55493 7.55518 13.59701 13.69974 13.69981 27.04132 27.04233 28.46213 28.73787 28.7387
113 -12.38333 -0.5181 -0.44301 -0.44299 2.41672 2.41672 2.42002 3.16739 7.56825 7.56844 13.60326 13.66129 13.66135 27.10697 27.10773 28.53628 28.69462 28.69526
114 -12.38725 -0.47009 -0.43612 -0.43611 2.4069 2.4069 2.40937 3.13375 7.57798 7.5781 13.60771 13.63359 13.63365 27.15634 27.15685 28.58981 28.66133 28.66176
115 -12.3896 -0.44054 -0.43196 -0.43195 2.40097 2.40097 2.40175 3.11407 7.58391 7.58397 13.61037 13.61688 13.61694 27.18717 27.18742 28.62214 28.64025 28.64049
116 -12.39038 -0.43056 -0.43056 -0.43056 2.39898 2.39899 2.39899 3.1076 7.58592 7.58592 13.61125 13.6113 13.61135 27.19774 27.19774 28.63295 28.63306 28.63316
117 -12.3896 -0.43684 -0.4338 -0.43379 2.39734 2.40317 2.40321 3.11401 7.58096 7.58693 13.6129 13.61313 13.61813 27.18154 27.19312 28.62844 28.62893 28.64549
118 -12.38726 -0.45553 -0.44345 -0.44342 2.3924 2.41572 2.41579 3.13307 7.56617 7.58998 13.61795 13.61838 13.63853 27.13437 27.17926 28.61512 28.61606 28.6814
119 -12.38335 -0.4862 -0.45932 -0.45928 2.38419 2.43644 2.43655 3.16428 7.54186 7.59505 13.62643 13.62705 13.67229 27.05978 27.15619 28.59314 28.59452 28.73732
120 -12.37789 -0.52818 -0.48115 -0.48109 2.37276 2.46507 2.46522 3.20687 7.5085 7.60216 13.63831 13.63914 13.71905 26.96207 27.12395 28.56261 28.56442 28.80904
121 -12.37086 -0.58065 -0.50856 -0.5085 2.35816 2.50124 2.50142 3.25984 7.46675 7.61129 13.65359 13.65461 13.77832 26.84525 27.08258 28.52366 28.5259 28.89274
122 -12.36227 -0.64265 -0.54114 -0.54106 2.34045 2.54452 2.54473 3.32201 7.41742 7.62247 13.67223 13.67344 13.84956 26.71253 27.03216 28.47648 28.47913 28.98538
123 -12.35212 -0.71319 -0.57842 -0.57833 2.31973 2.59447 2.5947 3.39211 7.36145 7.63567 13.6942 13.6956 13.93211 26.56638 26.97277 28.4213 28.42434 29.08475
124 -12.34041 -0.79128 -0.61992 -0.61983 2.29608 2.65059 2.65085 3.46878 7.29991 7.65092 13.71947 13.72104 14.02532 26.40866 26.9045 28.35837 28.36178 29.18922
125 -12.32715 -0.87599 -0.66517 -0.66507 2.26963 2.71241 2.71269 3.55061 7.23397 7.66821 13.74797 13.74971 14.1285 26.24081 26.82748 28.288 28.29176 29.29762
126 -12.31232 -0.96646 -0.7137 -0.7136 2.24048 2.77948 2.77978 3.63617 7.16493 7.68754 13.77967 13.78157 14.24097 26.06398 26.74181 28.21051 28.21459 29.40908
127 -12.29594 -1.06189 -0.76507 -0.76496 2.20877 2.85134 2.85166 3.72393 7.09421 7.70892 13.81449 13.81653 14.36205 25.87916 26.64764 28.12628 28.13066 29.52288
128 -12.278 -1.16158 -0.81887 -0.81876 2.17464 2.92761 2.92794 3.8123 7.02337 7.73235 13.85235 13.85452 14.49112 25.68721 26.54512 28.03572 28.04037 29.63842
129 -12.25851 -1.26491 -0.87473 -0.87462 2.13823 3.00789 3.00823 3.89957 6.95413 7.75784 13.89317 13.89546 14.62756 25.48895 26.43442 27.93926 27.94415 29.75513
130 -12.23746 -1.37134 -0.93229 -0.93218 2.09971 3.09184 3.09219 3.98387 6.88842 7.78539 13.93684 13.93923 14.77081 25.28515 26.31572 27.83739 27.84248 29.87246
131 -12.21486 -1.4804 -0.99125 -0.99113 2.05922 3.17916 3.17952 4.06317 6.82834 7.815 13.98324 13.98572 14.92036 25.07652 26.18919 27.73059 27.73586 29.98989
132 -12.19071 -1.59169 -1.05133 -1.05121 2.01694 3.26957 3.26993 4.13526 6.77621 7.84669 14.03226 14.0348 15.07573 24.86379 26.05505 27.61941 27.62482 30.10686
133 -12.16501 -1.70487 -1.11226 -1.11214 1.97304 3.36282 3.36318 4.19779 6.73448 7.88045 14.08372 14.08632 15.23646 24.64765 25.91349 27.50441 27.50992 30.22283
134 -12.13776 -1.81962 -1.17384 -1.17372 1.92767 3.45869 3.45904 4.24841 6.70561 7.9163 14.13747 14.14011 15.40217 24.42876 25.76475 27.38619 27.39178 30.33722
135 -12.10898 -1.9357 -1.23585 -1.23572 1.88102 3.55697 3.55732 4.28499 6.69189 7.95424 14.19332 14.19597 15.57247 24.20777 25.60906 27.26539 27.27101 30.44944
136 -12.07865 -2.05289 -1.29811 -1.29799 1.83324 3.6575 3.65784 4.30585 6.69509 7.99428 14.25105 14.2537 15.74704 23.98527 25.44664 27.14263 27.14826 30.55895
137 -12.04678 -2.171 -1.36047 -1.36035 1.78452 3.76012 3.76045 4.31001 6.71632 8.03643 14.31043 14.31305 15.92557 23.76182 25.27775 27.01862 27.02422 30.66515
138 -12.01337 -2.28987 -1.42278 -1.42266 1.73501 3.86469 3.865 4.29739 6.75578 8.08069 14.37118 14.37376 16.10778 23.53797 25.10264 26.89407 26.8996 30.76748
139 -11.97843 -2.40936 -1.48491 -1.48479 1.68488 3.97108 3.97137 4.26872 6.81284 8.12708 14.43301 14.43553 16.2934 23.31421 24.92158 26.76971 26.77515 30.86538
140 -11.94196 -2.52936 -1.54674 -1.54662 1.6343 4.07919 4.07945 4.22541 6.8862 8.1756 14.49559 14.49804 16.48221 23.09098 24.73482 26.64632 26.65163 30.95832
141 -11.90397 -2.64975 -1.60817 -1.60804 1.58342 4.16928 4.1889 4.18914 6.97412 8.22626 14.55857 14.56091 16.67397 22.86872 24.54267 26.52469 26.52985 31.04579
142 -11.86445 -2.77047 -1.6691 -1.66898 1.53238 4.10227 4.30015 4.30036 7.07477 8.27908 14.62154 14.62375 16.8685 22.64776 24.34536 26.40564 26.41063 31.12731
143 -11.82341 -2.89144 -1.72945 -1.72933 1.48135 4.02629 4.41285 4.41303 7.18631 8.33406 14.68407 14.68615 17.06559 22.42844 24.14319 26.29003 26.29481 31.20244
144 -11.78086 -3.01259 -1.78915 -1.78903 1.43045 3.94306 4.52694 4.52708 7.30707 8.39122 14.74569 14.74761 17.26507 22.21104 23.93645 26.17873 26.18329 31.27077
145 -11.7368 -3.13387 -1.84812 -1.848 1.37984 3.85411 4.64234 4.64245 7.4356 8.45058 14.80589 14.80764 17.46678 21.99581 23.72542 26.07264 26.07695 31.33194
146 -11.69124 -3.25522 -1.90629 -1.90617 1.32963 3.76074 4.759 4.75907 7.57065 8.51213 14.86413 14.86569 17.67053 21.78297 23.5104 25.97268 25.97672 31.3856
147 -11.64417 -3.37662 -1.96361 -1.9635 1.27994 3.66402 4.87687 4.87693 7.71119 8.5759 14.91985 14.9212 17.87621 21.57266 23.29165 25.87977 25.88353 31.43149
148 -11.59561 -3.49802 -2.02003 -2.01992 1.23091 3.56489 4.9959 4.99597 7.85633 8.6419 14.97243 14.97356 18.08366 21.36504 23.06948 25.79485 25.79832 31.46937
149 -11.54557 -3.6194 -2.0755 -2.07539 1.18263 3.46408 5.11606 5.11616 8.00534 8.71014 15.02124 15.02215 18.29274 21.16021 22.84416 25.71887 25.72203 31.49905
150 -11.49404 -3.74073 -2.12998 -2.12987 1.13522 3.36225 5.23731 5.23745 8.15762 8.78064 15.06566 15.06634 18.50332 20.95826 22.61599 25.65274 25.65559 31.52038
151 -11.44103 -3.86198 -2.18341 -2.18331 1.08876 3.2599 5.35963 5.35982 8.31266 8.85342 15.10504 15.10548 18.71527 20.75923 22.38524 25.59737 25.59992 31.53326
152 -11.38656 -3.98312 -2.23577 -2.23567 1.04337 3.15749 5.48298 5.48323 8.47 8.92849 15.13873 15.13895 18.92845 20.56317 22.15221 25.55365 25.55588 31.53763
153 -11.33062 -4.10415 -2.28703 -2.28693 0.99911 3.05538 5.60736 5.60767 8.6293 9.00588 15.16606 15.16621 19.14278 20.37007 21.91715 25.52237 25.5243 31.53348
154 -11.27322 -4.22505 -2.33714 -2.33704 0.95607 2.95389 5.73275 5.7331 8.79024 9.08559 15.18638 15.18671 19.35811 20.17993 21.68035 25.5043 25.50592 31.52081
155 -11.21438 -4.34578 -2.38608 -2.38599 0.91433 2.85328 5.85911 5.85952 8.95254 9.16764 15.19929 15.19984 19.57434 19.99271 21.44206 25.50011 25.50144 31.4997
156 -11.15409 -4.46635 -2.43383 -2.43375 0.87396 2.75378 5.98644 5.98691 9.11595 9.25206 15.20432 15.20509 19.79134 19.8084 21.20255 25.51035 25.5114 31.47022
157 -11.09238 -4.58671 -2.48036 -2.48027 0.83502 2.65558 6.11471 6.11523 9.28026 9.33886 15.20111 15.20208 19.62691 20.00903 20.96209 25.53547 25.53625 31.43251
158 -11.02923 -4.70688 -2.52564 -2.52556 0.79756 2.55884 6.24393 6.24449 9.42807 9.44531 15.18934 15.1905 19.44818 20.22729 20.72091 25.57579 25.57633 31.3867
159 -10.96468 -4.82682 -2.56966 -2.56959 0.76165 2.4637 6.37406 6.37467 9.51971 9.6109 15.16881 15.17014 19.27215 20.446 20.47925 25.63147 25.6318 31.33297
160 -10.89871 -4.94653 -2.6124 -2.61233 0.72734 2.37028 6.50509 6.50575 9.61379 9.77689 15.13941 15.1409 19.09872 20.23734 20.66509 25.70253 25.70271 31.27152
161 -10.83135 -5.06598 -2.65383 -2.65377 0.69467 2.27869 6.63701 6.63771 9.71035 9.94315 15.10114 15.10277 18.9278 19.99543 20.88443 25.78875 25.78899 31.20254
162 -10.7626 -5.18515 -2.69395 -2.6939 0.66368 2.18901 6.76979 6.77053 9.80939 10.10954 15.05409 15.05583 18.75928 19.75372 21.10393 25.88991 25.8903 31.12628
163 -10.69248 -5.30403 -2.73274 -2.73269 0.63441 2.10132 6.9034 6.90418 9.91094 10.27594 14.99845 15.00028 18.59309 19.51245 21.32348 26.00559 26.00614 31.04296
164 -10.62098 -5.4226 -2.77018 -2.77014 0.6069 2.01567 7.03784 7.03865 10.01504 10.44228 14.93447 14.93638 18.42907 19.27178 21.54302 26.13523 26.13594 30.95284
165 -10.54813 -5.54085 -2.80627 -2.80623 0.58118 1.93213 7.17306 7.1739 10.1217 10.60843 14.86251 14.86446 18.26714 19.03192 21.76243 26.27809 26.27895 30.85616
166 -10.47394 -5.65875 -2.84099 -2.84096 0.55728 1.85074 7.30903 7.30988 10.23095 10.77432 14.78295 14.78494 18.10717 18.79307 21.98163 26.4333 26.4343 30.75318
167 -10.39841 -5.77628 -2.87433 -2.8743 0.53523 1.77154 7.44569 7.44656 10.34281 10.93986 14.69626 14.69826 17.94904 18.55538 22.20053 26.59986 26.60099 30.64417
168 -10.32157 -5.89342 -2.90629 -2.90626 0.51505 1.69456 7.58298 7.58385 10.4573 11.10497 14.60293 14.60493 17.79264 18.31906 22.41903 26.77666 26.77792 30.52938
169 -10.24342 -6.01015 -2.93686 -2.93683 0.49676 1.61982 7.72085 7.72172 10.57445 11.26959 14.50347 14.50545 17.63783 18.08422 22.63708 26.96249 26.96388 30.40906
170 -10.16397 -6.12646 -2.96603 -2.966 0.48039 1.54734 7.8592 7.86006 10.6943 11.43366 14.39843 14.40037 17.48449 17.85103 22.85458 27.15602 27.15754 30.28348
171 -10.08324 -6.24232 -2.99379 -2.99376 0.46596 1.47714 7.99793 7.99877 10.81686 11.59711 14.28837 14.29027 17.33251 17.61963 23.07145 27.35583 27.35748 30.15287
172 -10.00124 -6.35771 -3.02014 -3.02011 0.45348 1.40924 8.13692 8.13772 10.94215 11.7599 14.17388 14.17572 17.18175 17.39016 23.28762 27.56043 27.56222 30.01748
173 -9.918 -6.47259 -3.04508 -3.04504 0.44297 1.34363 8.27599 8.27676 11.0702 11.92196 14.05555 14.05731 17.03211 17.16275 23.503 27.76823 27.77015 29.87755
174 -9.83351 -6.58696 -3.0686 -3.06856 0.43444 1.28033 8.41498 8.4157 11.20104 12.08327 13.93397 13.93564 16.88344 16.93749 23.71755 27.9776 27.97966 29.73328
175 -9.74779 -6.7008 -3.09069 -3.09065 0.42791 1.21934 8.55364 8.5543 11.3347 12.24379 13.80977 13.81135 16.71444 16.73568 23.93118 28.18681 28.18902 29.58491
176 -9.66087 -6.81406 -3.11137 -3.11132 0.4234 1.16065 8.6917 8.6923 11.47119 12.40349 13.68361 13.68508 16.49384 16.5886 24.14383 28.39412 28.39648 29.43265
177 -9.57276 -6.92674 -3.13062 -3.13057 0.42091 1.10427 8.8288 8.82932 11.61055 12.56234 13.55617 13.55753 16.27566 16.44216 24.35543 28.59772 28.60023 29.27667
178 -9.48348 -7.03881 -3.14844 -3.14839 0.42046 1.05019 8.96452 8.96495 11.75279 12.72033 13.42822 13.42946 16.06003 16.29625 24.56593 28.7958 28.79847 29.11718
179 -9.39304 -7.15023 -3.16484 -3.16478 0.42206 0.99842 9.09829 9.09862 11.89792 12.87741 13.30059 13.3017 15.84702 16.15074 24.77524 28.95436 28.98652 28.98934
180 -9.30145 -7.261 -3.17981 -3.17975 0.42572 0.94893 9.22946 9.22969 12.04599 13.03362 13.1742 13.17517 15.63668 16.00552 24.98334 28.78836 29.16809 29.17106
181 -9.20875 -7.37108 -3.19335 -3.19329 0.43146 0.90173 9.35718 9.3573 12.19701 13.05014 13.05097 13.18892 15.42909 15.86049 25.19015 28.61934 29.33874 29.34186
182 -9.11494 -7.48046 -3.20546 -3.2054 0.43928 0.8568 9.48034 9.4804 12.35099 12.92969 12.93037 13.34333 15.22429 15.71555 25.39562 28.44745 29.49675 29.5
183 -9.02004 -7.5891 -3.21615 -3.21609 0.44919 0.81414 9.59755 9.59771 12.50796 12.81439 12.81492 13.49685 15.02233 15.5706 25.59967 28.27283 29.64048 29.64387
184 -8.92408 -7.69698 -3.22541 -3.22535 0.46121 0.77374 9.70718 9.70748 12.66791 12.70608 12.70647 13.64949 14.82328 15.42556 25.80226 28.09561 29.76842 29.77193
185 -8.82707 -7.80408 -3.23324 -3.23318 0.47535 0.73559 9.80718 9.80762 12.60696 12.60721 12.83088 13.80128 14.62714 15.28031 26.00334 27.9159 29.87921 29.88282
186 -8.72904 -7.91038 -3.23965 -3.23959 0.49162 0.69968 9.89507 9.89563 12.51963 12.51978 12.99687 13.95224 14.43395 15.13479 26.20283 27.73381 29.97161 29.97531
187 -8.63 -8.01585 -3.24464 -3.24457 0.51002 0.66599 9.968 9.96868 12.44698 12.44714 13.16589 14.10239 14.24374 14.98891 26.40068 27.54946 30.04459 30.04836
188 -8.52998 -8.12047 -3.2482 -3.24813 0.53058 0.63452 10.02299 10.02377 12.3921 12.39232 13.33795 14.05653 14.25178 14.84261 26.59683 27.36293 30.09732 30.10115
189 -8.42899 -8.22422 -3.25033 -3.25027 0.55329 0.60525 10.05732 10.05816 12.35781 12.35809 13.51304 13.87233 14.40045 14.6958 26.7912 27.17432 30.12921 30.13307
190 -8.32707 -8.32705 -3.25105 -3.25098 0.57813 0.57823 10.069 10.06987 12.34613 12.34643 13.69117 13.69118 14.54826 14.54862 26.98243 26.98501 30.13988 30.14375
191 -8.32682 -8.32681 -3.25325 -3.25319 0.58239 0.58248 10.06312 10.06399 12.32322 12.32352 13.70562 13.70562 14.56414 14.56449 26.9808 26.98337 30.13538 30.13925
192 -8.32609 -8.32607 -3.25984 -3.25978 0.59511 0.5952 10.04532 10.04617 12.2595 12.2598 13.7435 13.74353 14.61236 14.61269 26.97593 26.97848 30.12193 30.12577
193 -8.32486 -8.32485 -3.27071 -3.27064 0.6162 0.61629 10.01509 10.01591 12.16662 12.16693 13.79278 13.79284 14.69378 14.69408 26.96783 26.97036 30.09961 30.10342
194 -8.32316 -8.32315 -3.28567 -3.28561 0.64548 0.64557 9.97166 9.97244 12.05697 12.0573 13.84248 13.84257 14.80766 14.80792 26.95658 26.95907 30.06857 30.07232
195 -8.32099 -8.32098 -3.3045 -3.30444 0.68274 0.68283 9.91411 9.91485 11.9407 11.94104 13.88668 13.88679 14.95059 14.95081 26.94222 26.94466 30.029 30.03269
196 -8.31836 -8.31835 -3.32692 -3.32686 0.72769 0.72778 9.84158 9.84227 11.8252 11.82556 13.92395 13.92409 15.11731 15.11749 26.92487 26.92725 29.98116 29.98477
197 -8.31528 -8.31527 -3.3526 -3.35254 0.78004 0.78013 9.75344 9.75407 11.71556 11.71593 13.95521 13.95537 15.30226 15.30241 26.90461 26.90692 29.92537 29.92889
198 -8.31179 -8.31178 -3.38121 -3.38116 0.83945 0.83954 9.64953 9.65011 11.61501 11.6154 13.98197 13.98214 15.50063 15.50076 26.88157 26.88381 29.86197 29.86538
199 -8.30788 -8.30788 -3.41238 -3.41233 0.90558 0.90566 9.53032 9.53084 11.52528 11.52568 14.00561 14.0058 15.70861 15.70872 26.85589 26.85804 29.79139 29.79468
200 -8.3036 -8.30359 -3.44576 -3.4457 0.97807 0.97815 9.39683 9.3973 11.44686 11.44726 14.02721 14.0274 15.92334 15.92344 26.82771 26.82977 29.71405 29.71722
201 -8.29896 -8.29896 -3.48096 -3.48091 1.05658 1.05665 9.2506 9.25103 11.37938 11.37977 14.04749 14.04768 16.14259 16.14271 26.7972 26.79915 29.63047 29.6335
202 -8.294 -8.29399 -3.51763 -3.51758 1.14076 1.14083 9.09345 9.09383 11.32192 11.32228 14.06696 14.06714 16.36467 16.3648 26.76451 26.76636 29.54117 29.54405
203 -8.28873 -8.28873 -3.55542 -3.55538 1.23029 1.23036 8.92723 8.92758 11.27327 11.2736 14.08593 14.08611 16.58821 16.58836 26.72982 26.73155 29.44673 29.44945
204 -8.28321 -8.2832 -3.59401 -3.59396 1.32485 1.32492 8.75374 8.75407 11.23217 11.23246 14.10461 14.10479 16.81206 16.81225 26.69331 26.69492 29.34775 29.35031
205 -8.27746 -8.27745 -3.63306 -3.63302 1.42416 1.42423 8.57458 8.57489 11.19744 11.19769 14.12311 14.12329 17.0353 17.03554 26.65515 26.65664 29.24487 29.24725
206 -8.27151 -8.2715 -3.67229 -3.67225 1.52793 1.528 8.39115 8.39144 11.16803 11.16822 14.14149 14.14167 17.25706 17.25734 26.61553 26.61689 29.13875 29.14095
207 -8.26542 -8.26541 -3.71141 -3.71137 1.63592 1.63598 8.20462 8.20489 11.14303 11.14317 14.15975 14.15992 17.47656 17.4769 26.57463 26.57586 29.0301 29.03211
208 -8.25922 -8.2592 -3.75016 -3.75012 1.74786 1.74792 8.01598 8.01624 11.1217 11.12178 14.17786 14.17803 17.69307 17.69348 26.53262 26.53373 28.91964 28.92145
209 -8.25295 -8.25293 -3.78829 -3.78825 1.86354 1.8636 7.82605 7.8263 11.10342 11.10346 14.19578 14.19595 17.90589 17.90636 26.48969 26.49068 28.80813 28.80974
210 -8.24666 -8.24664 -3.82558 -3.82555 1.98276 1.98282 7.63548 7.63572 11.08765 11.08772 14.21344 14.21361 18.11434 18.11488 26.44602 26.44689 28.69632 28.69774
211 -8.24039 -8.24037 -3.86182 -3.86179 2.1053 2.10536 7.44483 7.44506 11.07401 11.07414 14.23077 14.23094 18.31772 18.31833 26.40179 26.40255 28.58503 28.58625
212 -8.23419 -8.23417 -3.89681 -3.89678 2.23099 2.23104 7.25456 7.25479 11.06218 11.06238 14.24768 14.24785 18.51531 18.516 26.3572 26.35787 28.47508 28.47608
213 -8.22811 -8.22808 -3.93037 -3.93033 2.35962 2.35967 7.06507 7.0653 11.0519 11.05216 14.26408 14.26425 18.7064 18.70717 26.31243 26.31306 28.36728 28.36809
214 -8.22219 -8.22216 -3.96232 -3.96229 2.49102 2.49107 6.87671 6.87693 11.04295 11.04328 14.27988 14.28006 18.89022 18.89107 26.26773 26.26834 28.2625 28.2631
215 -8.21648 -8.21645 -3.99252 -3.99249 2.62498 2.62503 6.68979 6.69 11.03515 11.03554 14.29498 14.29516 19.06596 19.0669 26.22333 26.22399 28.16156 28.16198
216 -8.21103 -8.211 -4.02082 -4.02079 2.76132 2.76137 6.50459 6.50479 11.02835 11.0288 14.30929 14.30947 19.23279 19.23382 26.17955 26.18028 28.06528 28.06555
217 -8.20587 -8.20584 -4.0471 -4.04707 2.89979 2.89984 6.3214 6.32161 11.02245 11.02295 14.32271 14.32289 19.38984 19.39096 26.13673 26.13757 27.97444 27.97467
218 -8.20106 -8.20103 -4.07123 -4.0712 3.0401 3.04015 6.14058 6.14078 11.01734 11.01789 14.33516 14.33534 19.53617 19.53737 26.0953 26.09626 27.8898 27.89012
219 -8.19664 -8.19661 -4.09311 -4.09308 3.18189 3.18194 5.9625 5.9627 11.01293 11.01354 14.34654 14.34673 19.67081 19.6721 26.05574 26.05683 27.81212 27.8126
220 -8.19264 -8.1926 -4.11264 -4.11261 3.32463 3.32468 5.78772 5.78791 11.00918 11.00982 14.35679 14.35698 19.79279 19.79416 26.0186 26.01982 27.74209 27.74273
221 -8.1891 -8.18906 -4.12974 -4.12971 3.46759 3.46764 5.61698 5.61718 11.00602 11.0067 14.36582 14.36602 19.90111 19.90256 25.98449 25.98584 27.68029 27.68107
222 -8.18604 -8.186 -4.14433 -4.1443 3.60953 3.60957 5.45153 5.45173 11.0034 11.00412 14.37358 14.37379 19.9948 19.99632 25.95407 25.95553 27.62722 27.62813
223 -8.1835 -8.18346 -4.15635 -4.15632 3.74836 3.74839 5.29347 5.29368 11.00131 11.00205 14.38001 14.38022 20.07294 20.07451 25.928 25.92957 27.58329 27.58431
224 -8.1815 -8.18147 -4.16576 -4.16573 3.88015 3.88017 5.14672 5.14694 10.99971 11.00047 14.38506 14.38527 20.13468 20.13631 25.90693 25.90858 27.54881 27.54992
225 -8.18006 -8.18002 -4.1725 -4.17248 3.99714 3.99715 5.01904 5.01927 10.99858 10.99936 14.38869 14.38891 20.17934 20.18099 25.89142 25.89313 27.52402 27.5252
226 -8.17919 -8.17915 -4.17656 -4.17653 4.08413 4.08415 4.92563 4.92588 10.9979 10.99869 14.39088 14.3911 20.20635 20.20803 25.88192 25.88367 27.50909 27.51031
227 -8.1789 -8.17886 -4.17791 -4.17789 4.11779 4.11782 4.88983 4.89008 10.99768 10.99847 14.39162 14.39183 20.2154 20.21709 25.87871 25.88048 27.5041 27.50534
228 -8.21861 -8.13957 -4.20744 -4.14602 4.05809 4.14353 4.88331 4.93413 10.91078 11.07987 14.29353 14.49509 20.139 20.28549 25.82748 25.92913 27.38535 27.62751
229 -8.25692 -8.10251 -4.23607 -4.11037 3.95044 4.1604 4.92919 4.98971 10.82026 11.15293 14.20339 14.60172 20.05549 20.3452 25.77785 25.97157 27.26684 27.75588
230 -8.2938 -8.06771 -4.26379 -4.07105 3.81444 4.16957 5.00811 5.05548 10.72684 11.21524 14.12334 14.71124 19.96579 20.39558 25.7308 26.00759 27.14967 27.88877
231 -8.32927 -8.03514 -4.29056 -4.02818 3.66417 4.17252 5.10609 5.12996 10.63081 11.26462 14.05559 14.82333 19.87002 20.4369 25.68638 26.03779 27.03425 28.02517
232 -8.36331 -8.00478 -4.31636 -3.98191 3.50731 4.17068 5.21166 5.21556 10.53242 11.29882 14.00248 14.93764 19.76836 20.46946 25.64465 26.06271 26.92105 28.16408
233 -8.39591 -7.97659 -4.34118 -3.93243 3.34796 4.1653 5.29931 5.33254 10.43189 11.31578 13.96611 15.05388 19.661 20.4936 25.60559 26.08285 26.81046 28.30457
234 -8.42709 -7.9505 -4.365 -3.87993 3.18838 4.15739 5.39184 5.4549 10.32939 11.3139 13.94817 15.17174 19.54818 20.50968 25.56916 26.09865 26.70285 28.44579
235 -8.45683 -7.92646 -4.3878 -3.82468 3.02997 4.14773 5.48844 5.58142 10.22511 11.2923 13.94962 15.29087 19.43015 20.51808 25.53532 26.1105 26.59862 28.58687
236 -8.48514 -7.90438 -4.40958 -3.76692 2.87367 4.13693 5.58844 5.71132 10.11919 11.25102 13.97052 15.41097 19.30722 20.51923 25.50396 26.11878 26.49806 28.72704
237 -8.512 -7.88418 -4.4303 -3.70699 2.72015 4.12544 5.69132 5.84413 10.01177 11.19094 14.01009 15.53166 19.17969 20.51354 25.47501 26.12384 26.40151 28.86552
238 -8.53743 -7.86577 -4.44998 -3.64521 2.56997 4.11363 5.79665 5.97951 9.90298 11.11361 14.06688 15.65257 19.0479 20.50148 25.44832 26.126 26.30922 29.00159
239 -8.56141 -7.84906 -4.46857 -3.58197 2.4236 4.10174 5.9041 6.11722 9.79296 11.02099 14.13904 15.77327 18.91221 20.4835 25.4238 26.12562 26.22149 29.13451
240 -8.58395 -7.83394 -4.48609 -3.51768 2.28153 4.09001 6.01335 6.25705 9.68182 10.91516 14.22459 15.8933 18.77298 20.46015 25.40127 26.12301 26.13851 29.26359
241 -8.60503 -7.82033 -4.50252 -3.45281 2.1442 4.07858 6.12417 6.39888 9.5697 10.79818 14.32158 16.01214 18.63059 20.43195 25.38062 26.06051 26.11853 29.38814
242 -8.62468 -7.80812 -4.51785 -3.38785 2.0121 4.0676 6.23627 6.54252 9.45672 10.67192 14.42822 16.12921 18.48546 20.39952 25.36168 25.98766 26.11248 29.5075
243 -8.64287 -7.79722 -4.53208 -3.32336 1.88574 4.05715 6.34943 6.68784 9.34305 10.53808 14.54291 16.24384 18.338 20.36347 25.34435 25.92014 26.10522 29.62103
244 -8.65961 -7.78755 -4.54519 -3.25994 1.76567 4.04733 6.46338 6.83467 9.22886 10.3981 14.66425 16.35534 18.18868 20.32456 25.32845 25.85807 26.09706 29.7281
245 -8.6749 -7.77902 -4.55717 -3.19823 1.65248 4.03819 6.57785 6.98283 9.11439 10.25332 14.79098 16.46283 18.03799 20.28354 25.3139 25.80158 26.08834 29.8281
246 -8.68874 -7.77155 -4.56804 -3.13894 1.54682 4.02982 6.6925 7.13207 8.99987 10.10487 14.92195 16.56545 17.88649 20.24133 25.30057 25.75071 26.07936 29.92049
247 -8.70112 -7.76507 -4.57777 -3.08282 1.44937 4.02221 6.80694 7.28209 8.88571 9.95386 15.05603 16.66213 17.73486 20.19886 25.28844 25.70556 26.07043 30.00471
248 -8.71204 -7.75951 -4.58637 -3.03064 1.36087 4.01544 6.92059 7.43241 8.77239 9.80136 15.19201 16.75178 17.58395 20.15724 25.27744 25.66608 26.06182 30.08028
249 -8.72152 -7.75482 -4.59382 -2.98321 1.28207 4.00952 7.03267 7.58239 8.66065 9.64855 15.32853 16.83319 17.43489 20.1176 25.26758 25.63225 26.05379 30.14674
250 -8.72953 -7.75093 -4.60014 -2.94133 1.21372 4.00447 7.14201 7.73096 8.55167 9.49695 15.46369 16.90509 17.28936 20.08113 25.25895 25.604 26.04659 30.2037
251 -8.73609 -7.74781 -4.60531 -2.90578 1.15657 4.00033 7.24663 7.87623 8.44736 9.34874 15.59472 16.96621 17.15 20.0491 25.25161 25.58118 26.0404 30.25079
252 -8.74119 -7.74543 -4.60933 -2.87728 1.11131 3.99707 7.34321 8.0147 8.35108 9.20775 15.71705 17.01529 17.02128 20.02267 25.24572 25.56366 26.03541 30.28773
253 -8.74484 -7.74374 -4.61221 -2.85644 1.07851 3.99476 7.42575 8.139 8.26873 9.08149 15.82271 16.9111 17.05128 20.00292 25.24138 25.55127 26.03174 30.31428
254 -8.74702 -7.74274 -4.61393 -2.84374 1.05864 3.99335 7.4843 8.21032 8.23345 8.98582 15.89829 16.83282 17.07323 19.99069 25.23874 25.54391 26.0295 30.33028
255 -8.74775 -7.7424 -4.61451 -2.83947 1.05199 3.9929 7.50605 8.18861 8.27087 8.94797 15.92655 16.80367 17.08063 19.98656 25.23783 25.54146 26.02874 30.33563
