1 -3.465 -2.645 -2.645 -0.895 0.128 7.854 7.854 10.087 11.196
2 -3.464 -2.647 -2.644 -0.895 0.127 7.829 7.845 10.114 11.212
3 -3.461 -2.653 -2.641 -0.895 0.122 7.76 7.82 10.192 11.259
4 -3.455 -2.663 -2.637 -0.895 0.115 7.652 7.779 10.312 11.335
5 -3.448 -2.677 -2.63 -0.895 0.106 7.517 7.726 10.465 11.439
6 -3.438 -2.694 -2.622 -0.895 0.094 7.361 7.662 10.644 11.568
7 -3.426 -2.715 -2.611 -0.896 0.079 7.191 7.59 10.842 11.719
8 -3.413 -2.74 -2.599 -0.898 0.063 7.012 7.512 11.054 11.889
9 -3.397 -2.768 -2.586 -0.902 0.045 6.826 7.43 11.278 12.077
10 -3.378 -2.799 -2.57 -0.906 0.027 6.637 7.347 11.511 12.28
11 -3.358 -2.833 -2.553 -0.913 0.008 6.444 7.263 11.752 12.496
12 -3.336 -2.871 -2.535 -0.921 -0.012 6.251 7.18 11.999 12.725
13 -3.311 -2.91 -2.514 -0.932 -0.031 6.056 7.098 12.252 12.965
14 -3.285 -2.953 -2.492 -0.945 -0.049 5.862 7.019 12.51 13.215
15 -3.256 -2.997 -2.469 -0.962 -0.067 5.668 6.942 12.773 13.475
16 -3.225 -3.044 -2.444 -0.982 -0.082 5.475 6.868 13.04 13.742
17 -3.193 -3.093 -2.418 -1.004 -0.096 5.283 6.797 13.311 14.018
18 -3.158 -3.144 -2.39 -1.03 -0.108 5.092 6.73 13.586 14.301
19 -3.196 -3.122 -2.361 -1.059 -0.118 4.902 6.666 13.864 14.591
20 -3.249 -3.083 -2.331 -1.09 -0.126 4.715 6.606 14.146 14.887
21 -3.304 -3.043 -2.299 -1.124 -0.132 4.528 6.549 14.431 15.188
22 -3.36 -3.001 -2.267 -1.16 -0.137 4.344 6.496 14.719 15.496
23 -3.416 -2.957 -2.233 -1.198 -0.139 4.162 6.446 15.01 15.809
24 -3.473 -2.912 -2.197 -1.237 -0.141 3.981 6.4 15.305 16.127
25 -3.531 -2.866 -2.161 -1.277 -0.141 3.802 6.357 15.602 16.449
26 -3.589 -2.819 -2.123 -1.318 -0.14 3.626 6.316 15.901 16.776
27 -3.646 -2.77 -2.084 -1.359 -0.138 3.451 6.279 16.204 17.107
28 -3.704 -2.72 -2.043 -1.4 -0.135 3.278 6.244 16.509 17.442
29 -3.76 -2.67 -2.0 -1.44 -0.132 3.108 6.212 16.816 17.78
30 -3.816 -2.619 -1.956 -1.48 -0.128 2.94 6.182 17.126 18.122
31 -3.872 -2.568 -1.91 -1.52 -0.124 2.773 6.155 17.437 18.466
32 -3.926 -2.518 -1.862 -1.558 -0.12 2.609 6.13 17.751 18.813
33 -3.979 -2.468 -1.811 -1.595 -0.115 2.448 6.107 18.065 19.163
34 -4.03 -2.419 -1.758 -1.631 -0.111 2.288 6.086 18.381 19.514
35 -4.08 -2.372 -1.701 -1.665 -0.106 2.131 6.066 18.698 19.867
36 -4.128 -2.326 -1.698 -1.642 -0.102 1.975 6.049 19.015 20.221
37 -4.174 -2.283 -1.729 -1.579 -0.098 1.823 6.032 19.332 20.575
38 -4.218 -2.241 -1.759 -1.512 -0.093 1.672 6.018 19.647 20.93
39 -4.26 -2.203 -1.786 -1.442 -0.089 1.524 6.005 19.959 21.284
40 -4.299 -2.167 -1.812 -1.368 -0.086 1.378 5.993 20.268 21.636
41 -4.335 -2.134 -1.836 -1.291 -0.082 1.235 5.982 20.57 21.986
42 -4.369 -2.105 -1.858 -1.209 -0.079 1.094 5.973 20.864 22.332
43 -4.4 -2.078 -1.878 -1.125 -0.076 0.955 5.964 21.147 22.673
44 -4.428 -2.054 -1.896 -1.037 -0.073 0.819 5.957 21.413 23.007
45 -4.453 -2.033 -1.912 -0.945 -0.071 0.686 5.951 21.658 23.331
46 -4.474 -2.015 -1.926 -0.851 -0.069 0.556 5.945 21.877 23.642
47 -4.493 -1.999 -1.938 -0.754 -0.067 0.428 5.941 22.064 23.934
48 -4.508 -1.986 -1.947 -0.656 -0.065 0.305 5.937 22.216 24.202
49 -4.52 -1.977 -1.955 -0.556 -0.064 0.186 5.934 22.332 24.435
50 -4.528 -1.97 -1.96 -0.459 -0.063 0.075 5.932 22.411 24.62
51 -4.533 -1.966 -1.963 -0.373 -0.063 -0.019 5.931 22.458 24.741
52 -4.535 -1.964 -1.964 -0.332 -0.063 -0.063 5.93 22.473 24.783
53 -4.536 -1.964 -1.964 -0.342 -0.064 -0.064 5.946 22.475 24.783
54 -4.541 -1.963 -1.963 -0.37 -0.066 -0.066 5.992 22.481 24.784
55 -4.548 -1.961 -1.961 -0.417 -0.071 -0.071 6.067 22.491 24.784
56 -4.558 -1.958 -1.958 -0.48 -0.078 -0.078 6.171 22.504 24.785
57 -4.571 -1.954 -1.954 -0.557 -0.086 -0.086 6.301 22.522 24.786
58 -4.588 -1.95 -1.95 -0.646 -0.096 -0.096 6.455 22.543 24.788
59 -4.609 -1.945 -1.945 -0.745 -0.108 -0.108 6.631 22.568 24.79
60 -4.632 -1.939 -1.939 -0.851 -0.121 -0.121 6.826 22.597 24.793
61 -4.661 -1.933 -1.933 -0.962 -0.136 -0.136 7.04 22.629 24.797
62 -4.694 -1.926 -1.926 -1.076 -0.153 -0.153 7.27 22.665 24.802
63 -4.733 -1.918 -1.918 -1.191 -0.171 -0.171 7.515 22.704 24.808
64 -4.777 -1.91 -1.91 -1.304 -0.19 -0.19 7.773 22.747 24.816
65 -4.828 -1.901 -1.901 -1.415 -0.211 -0.211 8.042 22.793 24.825
66 -4.884 -1.891 -1.891 -1.522 -0.233 -0.233 8.323 22.842 24.835
67 -4.947 -1.881 -1.881 -1.623 -0.257 -0.257 8.613 22.894 24.848
68 -5.017 -1.871 -1.871 -1.719 -0.281 -0.281 8.912 22.949 24.862
69 -5.094 -1.861 -1.861 -1.807 -0.306 -0.306 9.219 23.007 24.878
70 -5.177 -1.888 -1.85 -1.85 -0.333 -0.333 9.534 23.068 24.896
71 -5.267 -1.96 -1.838 -1.838 -0.36 -0.36 9.856 23.13 24.916
72 -5.364 -2.025 -1.827 -1.827 -0.387 -0.387 10.184 23.195 24.939
73 -5.466 -2.082 -1.816 -1.816 -0.415 -0.415 10.518 23.262 24.963
74 -5.573 -2.132 -1.804 -1.804 -0.444 -0.444 10.859 23.331 24.99
75 -5.685 -2.174 -1.793 -1.793 -0.472 -0.472 11.204 23.402 25.019
76 -5.8 -2.209 -1.781 -1.781 -0.5 -0.5 11.554 23.473 25.051
77 -5.919 -2.238 -1.77 -1.77 -0.529 -0.529 11.91 23.546 25.085
78 -6.041 -2.261 -1.759 -1.759 -0.557 -0.557 12.269 23.62 25.121
79 -6.164 -2.278 -1.749 -1.749 -0.585 -0.585 12.634 23.694 25.16
80 -6.289 -2.29 -1.739 -1.739 -0.612 -0.612 13.002 23.769 25.202
81 -6.414 -2.299 -1.73 -1.73 -0.638 -0.638 13.374 23.844 25.246
82 -6.54 -2.303 -1.722 -1.722 -0.664 -0.664 13.749 23.918 25.292
83 -6.665 -2.304 -1.715 -1.715 -0.688 -0.688 14.129 23.992 25.341
84 -6.79 -2.301 -1.709 -1.709 -0.712 -0.712 14.511 24.065 25.392
85 -6.913 -2.296 -1.704 -1.704 -0.733 -0.733 14.897 24.137 25.446
86 -7.035 -2.288 -1.7 -1.7 -0.753 -0.753 15.286 24.208 25.503
87 -7.155 -2.278 -1.698 -1.698 -0.772 -0.772 15.677 24.276 25.562
88 -7.272 -2.267 -1.697 -1.697 -0.789 -0.789 16.071 24.344 25.624
89 -7.387 -2.254 -1.698 -1.698 -0.803 -0.803 16.468 24.409 25.689
90 -7.5 -2.239 -1.7 -1.7 -0.816 -0.816 16.866 24.472 25.756
91 -7.609 -2.224 -1.704 -1.704 -0.827 -0.827 17.267 24.533 25.826
92 -7.715 -2.208 -1.709 -1.709 -0.837 -0.837 17.669 24.591 25.899
93 -7.818 -2.191 -1.716 -1.716 -0.844 -0.844 18.073 24.648 25.973
94 -7.918 -2.173 -1.724 -1.724 -0.85 -0.85 18.477 24.702 26.051
95 -8.014 -2.155 -1.733 -1.733 -0.854 -0.854 18.882 24.755 26.131
96 -8.106 -2.137 -1.743 -1.743 -0.856 -0.856 19.287 24.807 26.213
97 -8.194 -2.119 -1.754 -1.754 -0.858 -0.858 19.69 24.858 26.297
98 -8.278 -2.101 -1.765 -1.765 -0.858 -0.858 20.092 24.909 26.384
99 -8.358 -2.083 -1.777 -1.777 -0.857 -0.857 20.491 24.961 26.473
100 -8.434 -2.067 -1.789 -1.789 -0.855 -0.855 20.885 25.017 26.563
101 -8.506 -2.05 -1.801 -1.801 -0.852 -0.852 21.272 25.077 26.656
102 -8.573 -2.034 -1.813 -1.813 -0.849 -0.849 21.65 25.144 26.749
103 -8.636 -2.018 -1.824 -1.824 -0.846 -0.846 22.015 25.222 26.844
104 -8.695 -2.003 -1.836 -1.836 -0.843 -0.843 22.362 25.316 26.94
105 -8.749 -1.989 -1.847 -1.847 -0.839 -0.839 22.686 25.43 27.035
106 -8.798 -1.976 -1.857 -1.857 -0.835 -0.835 22.98 25.57 27.131
107 -8.843 -1.964 -1.867 -1.867 -0.832 -0.832 23.238 25.742 27.225
108 -8.883 -1.953 -1.876 -1.876 -0.828 -0.828 23.456 25.948 27.316
109 -8.919 -1.944 -1.883 -1.883 -0.825 -0.825 23.633 26.187 27.405
110 -8.95 -1.935 -1.891 -1.891 -0.822 -0.822 23.771 26.453 27.488
111 -8.976 -1.928 -1.897 -1.897 -0.819 -0.819 23.877 26.737 27.564
112 -8.997 -1.922 -1.902 -1.902 -0.817 -0.817 23.955 27.025 27.631
113 -9.014 -1.917 -1.906 -1.906 -0.815 -0.815 24.01 27.299 27.687
114 -9.026 -1.913 -1.908 -1.908 -0.814 -0.814 24.047 27.537 27.73
115 -9.033 -1.911 -1.91 -1.91 -0.813 -0.813 24.068 27.703 27.756
116 -9.035 -1.911 -1.911 -1.911 -0.813 -0.813 24.075 27.765 27.765
117 -9.033 -1.912 -1.91 -1.91 -0.814 -0.813 24.069 27.732 27.732
118 -9.026 -1.914 -1.908 -1.908 -0.816 -0.812 24.048 27.637 27.637
119 -9.014 -1.919 -1.905 -1.905 -0.82 -0.81 24.015 27.493 27.493
120 -8.997 -1.925 -1.9 -1.9 -0.826 -0.808 23.97 27.313 27.313
121 -8.976 -1.933 -1.894 -1.894 -0.834 -0.805 23.913 27.107 27.107
122 -8.95 -1.943 -1.886 -1.886 -0.843 -0.802 23.847 26.884 26.884
123 -8.919 -1.955 -1.877 -1.877 -0.853 -0.797 23.771 26.648 26.648
124 -8.884 -1.968 -1.867 -1.867 -0.865 -0.793 23.688 26.404 26.404
125 -8.843 -1.983 -1.855 -1.855 -0.879 -0.787 23.599 26.154 26.154
126 -8.799 -2.0 -1.843 -1.843 -0.894 -0.782 23.504 25.9 25.9
127 -8.749 -2.018 -1.828 -1.828 -0.911 -0.775 23.404 25.643 25.643
128 -8.695 -2.038 -1.813 -1.813 -0.928 -0.768 23.301 25.385 25.385
129 -8.637 -2.06 -1.796 -1.796 -0.947 -0.76 23.196 25.125 25.125
130 -8.574 -2.083 -1.778 -1.778 -0.968 -0.752 23.089 24.865 24.865
131 -8.506 -2.107 -1.758 -1.758 -0.989 -0.743 22.98 24.605 24.605
132 -8.435 -2.133 -1.737 -1.737 -1.012 -0.734 22.871 24.345 24.345
133 -8.359 -2.16 -1.715 -1.715 -1.036 -0.724 22.762 24.086 24.086
134 -8.278 -2.188 -1.692 -1.692 -1.06 -0.714 22.653 23.828 23.828
135 -8.194 -2.218 -1.668 -1.668 -1.086 -0.704 22.545 23.571 23.571
136 -8.105 -2.249 -1.642 -1.642 -1.112 -0.692 22.438 23.315 23.315
137 -8.013 -2.281 -1.615 -1.615 -1.139 -0.681 22.332 23.061 23.061
138 -7.916 -2.313 -1.587 -1.587 -1.166 -0.669 22.228 22.808 22.808
139 -7.816 -2.347 -1.558 -1.558 -1.193 -0.656 22.125 22.558 22.558
140 -7.713 -2.382 -1.527 -1.527 -1.22 -0.644 22.024 22.309 22.309
141 -7.605 -2.417 -1.496 -1.496 -1.248 -0.63 21.925 22.062 22.062
142 -7.495 -2.453 -1.463 -1.463 -1.275 -0.617 21.817 21.817 21.828
143 -7.381 -2.49 -1.43 -1.43 -1.302 -0.603 21.575 21.575 21.733
144 -7.264 -2.527 -1.395 -1.395 -1.329 -0.589 21.335 21.335 21.641
145 -7.145 -2.565 -1.36 -1.36 -1.354 -0.575 21.098 21.098 21.551
146 -7.023 -2.604 -1.378 -1.324 -1.324 -0.56 20.863 20.863 21.463
147 -6.899 -2.642 -1.4 -1.286 -1.286 -0.546 20.631 20.631 21.377
148 -6.773 -2.681 -1.421 -1.248 -1.248 -0.531 20.402 20.402 21.294
149 -6.645 -2.72 -1.439 -1.209 -1.209 -0.515 20.176 20.176 21.214
150 -6.516 -2.759 -1.454 -1.169 -1.169 -0.5 19.953 19.953 21.119
151 -6.387 -2.798 -1.467 -1.128 -1.128 -0.484 19.733 19.733 20.802
152 -6.256 -2.837 -1.475 -1.087 -1.087 -0.469 19.516 19.516 20.477
153 -6.127 -2.877 -1.48 -1.045 -1.045 -0.453 19.302 19.302 20.143
154 -5.997 -2.916 -1.481 -1.003 -1.003 -0.438 19.092 19.092 19.801
155 -5.87 -2.955 -1.476 -0.96 -0.96 -0.423 18.886 18.886 19.453
156 -5.744 -2.994 -1.465 -0.918 -0.918 -0.407 18.683 18.683 19.1
157 -5.621 -3.032 -1.447 -0.875 -0.875 -0.392 18.484 18.484 18.742
158 -5.501 -3.07 -1.422 -0.831 -0.831 -0.377 18.289 18.289 18.38
159 -5.386 -3.108 -1.389 -0.787 -0.787 -0.362 18.016 18.098 18.098
160 -5.276 -3.145 -1.347 -0.743 -0.743 -0.347 17.649 17.911 17.911
161 -5.171 -3.181 -1.295 -0.699 -0.699 -0.332 17.281 17.729 17.729
162 -5.072 -3.217 -1.234 -0.656 -0.656 -0.317 16.913 17.551 17.551
163 -4.981 -3.252 -1.162 -0.612 -0.612 -0.303 16.544 17.378 17.378
164 -4.896 -3.286 -1.079 -0.568 -0.568 -0.289 16.176 17.209 17.209
165 -4.82 -3.319 -0.985 -0.525 -0.525 -0.275 15.809 17.045 17.045
166 -4.75 -3.352 -0.879 -0.483 -0.483 -0.261 15.444 16.886 16.886
167 -4.689 -3.383 -0.763 -0.441 -0.441 -0.248 15.082 16.732 16.732
168 -4.635 -3.414 -0.637 -0.399 -0.399 -0.235 14.722 16.583 16.583
169 -4.588 -3.444 -0.501 -0.359 -0.359 -0.223 14.366 16.44 16.44
170 -4.547 -3.472 -0.356 -0.319 -0.319 -0.211 14.014 16.302 16.302
171 -4.513 -3.499 -0.28 -0.28 -0.202 -0.199 13.666 16.17 16.17
172 -4.484 -3.526 -0.243 -0.243 -0.188 -0.041 13.324 16.043 16.043
173 -4.46 -3.551 -0.206 -0.206 -0.177 0.126 12.987 15.923 15.923
174 -4.44 -3.574 -0.171 -0.171 -0.167 0.298 12.657 15.808 15.808
175 -4.424 -3.597 -0.157 -0.138 -0.138 0.474 12.335 15.7 15.7
176 -4.411 -3.618 -0.148 -0.106 -0.106 0.653 12.021 15.597 15.597
177 -4.401 -3.638 -0.14 -0.076 -0.076 0.834 11.716 15.502 15.502
178 -4.394 -3.657 -0.132 -0.047 -0.047 1.014 11.421 15.413 15.413
179 -4.389 -3.674 -0.125 -0.02 -0.02 1.192 11.139 15.33 15.33
180 -4.385 -3.69 -0.118 0.004 0.004 1.368 10.869 15.254 15.254
181 -4.382 -3.704 -0.111 0.027 0.027 1.537 10.615 15.185 15.185
182 -4.38 -3.717 -0.106 0.048 0.048 1.699 10.378 15.123 15.123
183 -4.379 -3.728 -0.101 0.066 0.066 1.852 10.159 15.069 15.069
184 -4.379 -3.738 -0.097 0.082 0.082 1.992 9.963 15.021 15.021
185 -4.379 -3.747 -0.093 0.095 0.095 2.116 9.79 14.98 14.98
186 -4.379 -3.754 -0.09 0.107 0.107 2.224 9.644 14.947 14.947
187 -4.379 -3.759 -0.088 0.115 0.115 2.31 9.527 14.921 14.921
188 -4.379 -3.763 -0.086 0.122 0.122 2.374 9.441 14.903 14.903
189 -4.38 -3.765 -0.085 0.125 0.125 2.413 9.389 14.892 14.892
190 -4.379 -3.766 -0.084 0.127 0.127 2.426 9.372 14.888 14.888
191 -4.378 -3.765 -0.086 0.119 0.127 2.436 9.372 14.872 14.879
192 -4.375 -3.763 -0.089 0.097 0.127 2.464 9.374 14.824 14.852
193 -4.368 -3.759 -0.094 0.061 0.127 2.51 9.376 14.746 14.808
194 -4.359 -3.753 -0.102 0.013 0.127 2.572 9.38 14.642 14.747
195 -4.348 -3.746 -0.111 -0.045 0.127 2.648 9.385 14.515 14.672
196 -4.334 -3.737 -0.123 -0.112 0.127 2.736 9.391 14.368 14.582
197 -4.317 -3.727 -0.186 -0.137 0.127 2.836 9.399 14.205 14.481
198 -4.299 -3.715 -0.265 -0.153 0.127 2.945 9.407 14.029 14.37
199 -4.277 -3.701 -0.348 -0.171 0.127 3.062 9.417 13.842 14.249
200 -4.254 -3.686 -0.435 -0.19 0.127 3.187 9.428 13.647 14.121
201 -4.229 -3.67 -0.524 -0.212 0.127 3.318 9.44 13.445 13.987
202 -4.201 -3.651 -0.615 -0.236 0.127 3.454 9.453 13.237 13.849
203 -4.172 -3.631 -0.707 -0.261 0.127 3.595 9.468 13.025 13.707
204 -4.141 -3.61 -0.799 -0.288 0.127 3.741 9.484 12.811 13.564
205 -4.108 -3.586 -0.892 -0.316 0.127 3.89 9.502 12.593 13.419
206 -4.074 -3.561 -0.984 -0.346 0.127 4.044 9.521 12.374 13.273
207 -4.039 -3.535 -1.076 -0.377 0.128 4.2 9.541 12.154 13.128
208 -4.002 -3.506 -1.168 -0.409 0.128 4.36 9.563 11.933 12.984
209 -3.965 -3.477 -1.258 -0.442 0.128 4.523 9.587 11.711 12.842
210 -3.926 -3.445 -1.348 -0.476 0.128 4.689 9.612 11.49 12.702
211 -3.888 -3.412 -1.436 -0.511 0.128 4.858 9.638 11.268 12.566
212 -3.849 -3.377 -1.523 -0.546 0.128 5.029 9.666 11.047 12.432
213 -3.81 -3.34 -1.609 -0.58 0.128 5.203 9.695 10.826 12.302
214 -3.772 -3.302 -1.694 -0.615 0.128 5.379 9.726 10.606 12.177
215 -3.734 -3.262 -1.777 -0.649 0.128 5.557 9.758 10.387 12.056
216 -3.697 -3.22 -1.858 -0.682 0.128 5.738 9.792 10.169 11.94
217 -3.662 -3.177 -1.938 -0.714 0.128 5.92 9.826 9.952 11.829
218 -3.628 -3.131 -2.016 -0.745 0.128 6.105 9.736 9.861 11.725
219 -3.597 -3.084 -2.093 -0.774 0.128 6.292 9.521 9.896 11.627
220 -3.568 -3.035 -2.168 -0.8 0.128 6.481 9.308 9.931 11.536
221 -3.542 -2.985 -2.241 -0.823 0.128 6.671 9.096 9.965 11.454
222 -3.519 -2.933 -2.313 -0.844 0.128 6.864 8.885 9.998 11.38
223 -3.5 -2.879 -2.383 -0.862 0.128 7.058 8.676 10.027 11.317
224 -3.485 -2.823 -2.451 -0.876 0.128 7.254 8.468 10.052 11.266
225 -3.474 -2.766 -2.518 -0.886 0.128 7.452 8.261 10.071 11.227
226 -3.467 -2.706 -2.582 -0.893 0.128 7.652 8.057 10.083 11.204
227 -3.465 -2.645 -2.645 -0.895 0.128 7.854 7.854 10.087 11.196
228 -3.466 -2.686 -2.604 -0.894 0.128 7.722 7.972 10.096 11.207
229 -3.467 -2.727 -2.561 -0.891 0.126 7.594 8.059 10.12 11.244
230 -3.47 -2.768 -2.519 -0.887 0.123 7.47 8.114 10.152 11.312
231 -3.473 -2.809 -2.475 -0.881 0.119 7.349 8.142 10.184 11.417
232 -3.477 -2.849 -2.431 -0.874 0.113 7.233 8.147 10.209 11.56
233 -3.482 -2.888 -2.386 -0.865 0.107 7.121 8.134 10.226 11.738
234 -3.488 -2.927 -2.342 -0.855 0.099 7.013 8.108 10.234 11.946
235 -3.495 -2.965 -2.297 -0.844 0.09 6.91 8.073 10.235 12.178
236 -3.502 -3.001 -2.252 -0.833 0.08 6.81 8.031 10.23 12.43
237 -3.51 -3.036 -2.207 -0.821 0.069 6.715 7.985 10.222 12.697
238 -3.518 -3.07 -2.162 -0.808 0.058 6.625 7.937 10.212 12.976
239 -3.527 -3.101 -2.119 -0.795 0.045 6.54 7.887 10.2 13.264
240 -3.536 -3.131 -2.075 -0.782 0.031 6.459 7.838 10.187 13.559
241 -3.545 -3.159 -2.033 -0.769 0.017 6.383 7.79 10.174 13.86
242 -3.555 -3.185 -1.991 -0.756 0.002 6.311 7.743 10.161 14.164
243 -3.565 -3.209 -1.951 -0.743 -0.013 6.245 7.698 10.149 14.47
244 -3.575 -3.231 -1.913 -0.731 -0.028 6.184 7.655 10.137 14.777
245 -3.584 -3.251 -1.876 -0.719 -0.043 6.128 7.615 10.127 15.082
246 -3.594 -3.268 -1.842 -0.708 -0.058 6.077 7.578 10.117 15.384
247 -3.603 -3.283 -1.81 -0.698 -0.072 6.031 7.545 10.108 15.681
248 -3.611 -3.297 -1.78 -0.689 -0.085 5.99 7.515 10.1 15.968
249 -3.619 -3.308 -1.754 -0.68 -0.097 5.955 7.489 10.093 16.243
250 -3.626 -3.318 -1.731 -0.673 -0.108 5.925 7.466 10.087 16.498
251 -3.631 -3.325 -1.712 -0.667 -0.118 5.9 7.448 10.082 16.729
252 -3.636 -3.331 -1.697 -0.663 -0.125 5.881 7.433 10.078 16.925
253 -3.639 -3.335 -1.686 -0.659 -0.131 5.868 7.423 10.075 17.076
254 -3.641 -3.338 -1.679 -0.657 -0.134 5.86 7.417 10.073 17.173
255 -3.642 -3.338 -1.677 -0.656 -0.135 5.857 7.415 10.073 17.206
