1 -3.971964 -3.174314 -3.046114 -1.277454 0.434246 7.422136 7.459216 9.700886 16.342886
2 -3.971174 -3.176044 -3.047774 -1.276274 0.432176 7.398766 7.440346 9.752376 16.356126
3 -3.968784 -3.181804 -3.052104 -1.272844 0.426026 7.321076 7.399846 9.898336 16.395596
4 -3.964814 -3.193214 -3.057164 -1.267434 0.415886 7.203506 7.342166 10.119746 16.460626
5 -3.959234 -3.212214 -3.060574 -1.260474 0.401946 7.067316 7.265076 10.397376 16.550126
6 -3.952044 -3.239904 -3.060574 -1.252524 0.384476 6.926566 7.169026 10.716356 16.662696
7 -3.943244 -3.276074 -3.056734 -1.244204 0.363806 6.789916 7.055346 11.066176 16.796686
8 -3.932814 -3.319674 -3.049374 -1.236174 0.340366 6.662466 6.925666 11.439386 16.950306
9 -3.920744 -3.369464 -3.039044 -1.229094 0.314626 6.547046 6.781736 11.830516 17.121716
10 -3.907014 -3.424324 -3.026194 -1.223574 0.287146 6.444936 6.625386 12.235356 17.309056
11 -3.891624 -3.483284 -3.011174 -1.220224 0.258516 6.356046 6.458846 12.650516 17.510526
12 -3.874554 -3.545544 -2.994234 -1.219544 0.229356 6.265986 6.297936 13.073216 17.724376
13 -3.855804 -3.610434 -2.975564 -1.221984 0.200286 6.092566 6.225776 13.501106 17.948986
14 -3.835394 -3.677344 -2.955344 -1.227904 0.171916 5.902076 6.176606 13.932206 18.182816
15 -3.813544 -3.745584 -2.933684 -1.237574 0.144776 5.705596 6.139606 14.364866 18.424466
16 -3.817694 -3.787284 -2.910734 -1.251144 0.119356 5.504696 6.113236 14.797696 18.672616
17 -3.887164 -3.762774 -2.886594 -1.268664 0.096026 5.300476 6.096306 15.229506 18.926046
18 -3.958264 -3.735444 -2.861384 -1.290064 0.075066 5.093856 6.087696 15.659346 19.183616
19 -4.029784 -3.706254 -2.835214 -1.315194 0.056626 4.885636 6.086336 16.086456 19.444296
20 -4.101434 -3.675264 -2.808174 -1.343784 0.040766 4.676536 6.091216 16.510186 19.707086
21 -4.173004 -3.642494 -2.780384 -1.375484 0.027456 4.467186 6.101376 16.930026 19.971066
22 -4.244294 -3.607954 -2.751934 -1.409924 0.016576 4.258146 6.115946 17.345566 20.235366
23 -4.315154 -3.571654 -2.722944 -1.446664 0.007966 4.049946 6.134106 17.756426 20.499166
24 -4.385424 -3.533624 -2.693494 -1.485264 0.001416 3.843036 6.155146 18.162286 20.761676
25 -4.454944 -3.493864 -2.663694 -1.525284 -0.003294 3.637816 6.178406 18.562856 21.022166
26 -4.523584 -3.452424 -2.633624 -1.566304 -0.006394 3.434676 6.203296 18.957806 21.279896
27 -4.591194 -3.409324 -2.603394 -1.607924 -0.008104 3.233946 6.229316 19.346806 21.534186
28 -4.657634 -3.364614 -2.573084 -1.649764 -0.008644 3.035936 6.256026 19.729466 21.784366
29 -4.722754 -3.318354 -2.542784 -1.691494 -0.008204 2.840946 6.283016 20.105366 22.029786
30 -4.786424 -3.270634 -2.512554 -1.732794 -0.006954 2.649226 6.309986 20.474016 22.269836
31 -4.848494 -3.221524 -2.482484 -1.773384 -0.005074 2.461056 6.336636 20.834856 22.503906
32 -4.908834 -3.171144 -2.452614 -1.813014 -0.002714 2.276656 6.362736 21.187276 22.731396
33 -4.967284 -3.119634 -2.422994 -1.851444 1.6e-05 2.096276 6.388096 21.530586 22.951756
34 -5.023724 -3.067184 -2.393664 -1.888464 0.002996 1.920156 6.412546 21.864046 23.164426
35 -5.078004 -3.013994 -2.364654 -1.923884 0.006106 1.748536 6.435976 22.186846 23.368876
36 -5.129994 -2.960344 -2.335944 -1.957484 0.009266 1.581686 6.458276 22.498126 23.564606
37 -5.179564 -2.906564 -2.307554 -1.989084 0.012376 1.419866 6.479356 22.796996 23.751106
38 -5.226584 -2.853054 -2.279464 -2.018434 0.015356 1.263406 6.499176 23.082526 23.927926
39 -5.270934 -2.800324 -2.251724 -2.045234 0.018096 1.112666 6.517676 23.353756 24.094606
40 -5.312494 -2.748944 -2.224574 -2.068944 0.020516 0.968056 6.534826 23.609746 24.250736
41 -5.351164 -2.699624 -2.198834 -2.088424 0.022476 0.830116 6.550616 23.849516 24.395906
42 -5.386824 -2.653124 -2.177404 -2.100474 0.023796 0.699496 6.565026 24.072136 24.529746
43 -5.419384 -2.610234 -2.167224 -2.097914 0.024226 0.577036 6.578056 24.276706 24.651926
44 -5.448764 -2.571734 -2.169944 -2.079044 0.023306 0.463886 6.589696 24.462346 24.762116
45 -5.474874 -2.538254 -2.177394 -2.052264 0.020256 0.361706 6.599946 24.628246 24.860026
46 -5.497654 -2.510184 -2.184814 -2.022974 0.013626 0.272986 6.608816 24.773646 24.945416
47 -5.517034 -2.487594 -2.190804 -1.993704 0.000906 0.201406 6.616316 24.897886 25.018046
48 -5.532964 -2.470254 -2.195094 -1.966304 -0.020414 0.150856 6.622436 25.000366 25.077736
49 -5.545394 -2.457674 -2.197884 -1.942524 -0.048544 0.120976 6.627196 25.080596 25.124326
50 -5.554304 -2.449274 -2.199494 -1.924054 -0.075904 0.105616 6.630586 25.138196 25.157696
51 -5.559654 -2.444484 -2.200294 -1.912304 -0.095044 0.098556 6.632616 25.172866 25.177746
52 -5.561444 -2.442934 -2.200524 -1.908284 -0.101834 0.096516 6.633296 25.184436 25.184446
53 -5.567024 -2.442464 -2.200054 -1.915144 -0.103034 0.095326 6.654266 25.187766 25.187776
54 -5.583774 -2.441054 -2.198654 -1.935354 -0.106604 0.091776 6.716736 25.197756 25.197766
55 -5.611714 -2.438724 -2.196314 -1.967734 -0.112554 0.085866 6.819416 25.214356 25.214386
56 -5.650894 -2.435474 -2.193054 -2.010484 -0.120864 0.077626 6.960296 25.237546 25.237596
57 -5.701304 -2.431364 -2.188884 -2.061374 -0.131484 0.067086 7.136826 25.267266 25.267346
58 -5.762924 -2.426444 -2.183814 -2.117964 -0.144404 0.054296 7.346156 25.303446 25.303566
59 -5.835604 -2.420844 -2.177864 -2.177684 -0.159564 0.039306 7.585206 25.345986 25.346156
60 -5.919104 -2.414854 -2.238054 -2.171034 -0.176924 0.022166 7.850976 25.394806 25.395016
61 -6.013064 -2.409394 -2.296174 -2.163384 -0.196394 0.002956 8.140576 25.449766 25.450036
62 -6.116924 -2.408834 -2.346074 -2.154914 -0.217934 -0.018254 8.451276 25.510746 25.511076
63 -6.230064 -2.431064 -2.368644 -2.145664 -0.241444 -0.041384 8.780656 25.577596 25.577986
64 -6.351694 -2.473014 -2.366114 -2.135664 -0.266834 -0.066334 9.126546 25.650166 25.650616
65 -6.480964 -2.515354 -2.357274 -2.124954 -0.294034 -0.093014 9.487086 25.728266 25.728786
66 -6.616944 -2.553644 -2.346314 -2.113564 -0.322934 -0.121304 9.860606 25.811726 25.812306
67 -6.758694 -2.586954 -2.334124 -2.101554 -0.353414 -0.151104 10.245766 25.900336 25.900986
68 -6.905304 -2.615134 -2.321024 -2.088954 -0.385394 -0.182304 10.641466 25.993896 25.994626
69 -7.055854 -2.638264 -2.307164 -2.075834 -0.418724 -0.214764 11.046716 26.092186 26.092976
70 -7.209504 -2.656574 -2.292634 -2.062244 -0.453314 -0.248364 11.460806 26.194966 26.195826
71 -7.365474 -2.670384 -2.277524 -2.048234 -0.489034 -0.282964 11.883156 26.302006 26.302926
72 -7.523034 -2.680004 -2.261894 -2.033874 -0.525754 -0.318444 12.313356 26.413056 26.414036
73 -7.681534 -2.685774 -2.245814 -2.019234 -0.563344 -0.354644 12.750976 26.527836 26.528886
74 -7.840394 -2.688034 -2.229354 -2.004404 -0.601664 -0.391424 13.195836 26.646106 26.647206
75 -7.999084 -2.687094 -2.212574 -1.989444 -0.640584 -0.428624 13.647756 26.767586 26.768736
76 -8.157144 -2.683274 -2.195554 -1.974444 -0.679974 -0.466094 14.106556 26.891976 26.893176
77 -8.314144 -2.676854 -2.178364 -1.959514 -0.719664 -0.503654 14.572166 27.018996 27.020246
78 -8.469724 -2.668094 -2.161094 -1.944744 -0.759524 -0.541164 15.044506 27.148356 27.149636
79 -8.623574 -2.657244 -2.143824 -1.930234 -0.799404 -0.578434 15.523526 27.279766 27.281076
80 -8.775374 -2.644524 -2.126644 -1.916104 -0.839144 -0.615284 16.009056 27.412896 27.414226
81 -8.924864 -2.630154 -2.109664 -1.902484 -0.878584 -0.651534 16.501006 27.547446 27.548796
82 -9.071824 -2.614334 -2.092964 -1.889494 -0.917564 -0.687004 16.999216 27.683096 27.684456
83 -9.216044 -2.597244 -2.076674 -1.877274 -0.955904 -0.721494 17.503506 27.819556 27.820916
84 -9.357314 -2.579064 -2.060924 -1.865964 -0.993434 -0.754804 18.013526 27.956466 27.957826
85 -9.495474 -2.559944 -2.045824 -1.855724 -1.029974 -0.786744 18.528976 28.093526 28.094876
86 -9.630364 -2.540044 -2.031524 -1.846674 -1.065324 -0.817134 19.049466 28.230416 28.231756
87 -9.761834 -2.519514 -2.018164 -1.838984 -1.099294 -0.845754 19.574406 28.366796 28.368116
88 -9.889764 -2.498484 -2.005904 -1.832774 -1.131684 -0.872454 20.103216 28.502346 28.503646
89 -10.014024 -2.477104 -1.994894 -1.828164 -1.162294 -0.897074 20.635206 28.636756 28.638016
90 -10.134514 -2.455494 -1.985294 -1.825264 -1.190934 -0.919464 21.169576 28.769686 28.770916
91 -10.251124 -2.433774 -1.977244 -1.824134 -1.217394 -0.939534 21.705326 28.900826 28.902006
92 -10.363754 -2.412084 -1.970874 -1.824814 -1.241524 -0.957214 22.241436 29.029846 29.030976
93 -10.472344 -2.390534 -1.966284 -1.827274 -1.263184 -0.972504 22.776756 29.156446 29.157526
94 -10.576794 -2.369244 -1.963534 -1.831484 -1.282254 -0.985414 23.309936 29.280296 29.281326
95 -10.677024 -2.348344 -1.962624 -1.837324 -1.298694 -0.996034 23.839556 29.401096 29.402076
96 -10.772984 -2.327944 -1.963484 -1.844654 -1.312524 -1.004484 24.364096 29.518556 29.519476
97 -10.864604 -2.308174 -1.966004 -1.853314 -1.323824 -1.010924 24.881906 29.632386 29.633236
98 -10.951834 -2.289174 -1.969984 -1.863094 -1.332704 -1.015534 25.391146 29.742276 29.743066
99 -11.034604 -2.271074 -1.975174 -1.873764 -1.339374 -1.018514 25.889946 29.847966 29.848686
100 -11.112884 -2.254014 -1.981244 -1.885114 -1.344054 -1.020094 26.376386 29.949186 29.949846
101 -11.186624 -2.238164 -1.987874 -1.896904 -1.347004 -1.020474 26.848306 30.045666 30.046266
102 -11.255774 -2.223684 -1.994674 -1.908924 -1.348474 -1.019874 27.303626 30.137166 30.137696
103 -11.320304 -2.210754 -2.001264 -1.920964 -1.348744 -1.018484 27.740166 30.223456 30.223916
104 -11.380184 -2.199564 -2.007294 -1.932834 -1.348064 -1.016504 28.155766 30.304296 30.304706
105 -11.435384 -2.190244 -2.012414 -1.944344 -1.346644 -1.014094 28.548156 30.379486 30.379836
106 -11.485864 -2.182914 -2.016374 -1.955354 -1.344724 -1.011424 28.915196 30.448826 30.449116
107 -11.531614 -2.177564 -2.019024 -1.965704 -1.342474 -1.008614 29.254756 30.512126 30.512376
108 -11.572604 -2.174064 -2.020394 -1.975284 -1.340064 -1.005794 29.564836 30.569236 30.569436
109 -11.608814 -2.172164 -2.020624 -1.983964 -1.337624 -1.003064 29.843456 30.619986 30.620146
110 -11.640234 -2.171494 -2.019984 -1.991674 -1.335294 -1.000534 30.088846 30.664256 30.664366
111 -11.666834 -2.171684 -2.018804 -1.998334 -1.333154 -0.998254 30.299416 30.701906 30.701996
112 -11.688624 -2.172354 -2.017384 -2.003854 -1.331304 -0.996314 30.473716 30.732856 30.732916
113 -11.705574 -2.173194 -2.016004 -2.008214 -1.329794 -0.994754 30.610576 30.757016 30.757056
114 -11.717694 -2.173974 -2.014864 -2.011344 -1.328684 -0.993604 30.709016 30.774316 30.774336
115 -11.724964 -2.174504 -2.014134 -2.013244 -1.328004 -0.992904 30.768376 30.784716 30.784726
116 -11.727384 -2.174684 -2.013874 -2.013874 -1.327774 -0.992674 30.788186 30.788196 30.788206
117 -11.724974 -2.173954 -2.014784 -2.013134 -1.327694 -0.993214 30.776866 30.776886 30.784136
118 -11.717714 -2.171754 -2.017504 -2.010934 -1.327464 -0.994844 30.742936 30.742986 30.771956
119 -11.705634 -2.168074 -2.022044 -2.007254 -1.327124 -0.997524 30.686556 30.686666 30.751586
120 -11.688724 -2.162934 -2.028384 -2.002104 -1.326724 -1.001184 30.608026 30.608226 30.722966
121 -11.667004 -2.156334 -2.036504 -1.995484 -1.326344 -1.005734 30.507716 30.508016 30.685976
122 -11.640474 -2.148254 -2.046404 -1.987404 -1.326084 -1.011054 30.386116 30.386546 30.640486
123 -11.609144 -2.138724 -2.058054 -1.977854 -1.326094 -1.016994 30.243796 30.244376 30.586326
124 -11.573044 -2.127724 -2.071424 -1.966834 -1.326534 -1.023354 30.081436 30.082186 30.523316
125 -11.532184 -2.115274 -2.086494 -1.954354 -1.327614 -1.029904 29.899776 29.900716 30.451266
126 -11.486574 -2.103224 -2.101364 -1.940424 -1.329594 -1.036364 29.699646 29.700796 30.369946
127 -11.436254 -2.121594 -2.086004 -1.925034 -1.332724 -1.042444 29.481936 29.483306 30.279126
128 -11.381254 -2.141554 -2.069194 -1.908194 -1.337324 -1.047794 29.247576 29.249196 30.178586
129 -11.321594 -2.163064 -2.050944 -1.889904 -1.343644 -1.052114 28.997586 28.999446 30.068086
130 -11.257304 -2.186084 -2.031254 -1.870184 -1.351964 -1.055094 28.732956 28.735086 29.947396
131 -11.188444 -2.210554 -2.010144 -1.849014 -1.362434 -1.056524 28.454766 28.457166 29.816296
132 -11.115044 -2.236444 -1.987604 -1.826424 -1.375174 -1.056244 28.164066 28.166756 29.674576
133 -11.037144 -2.263684 -1.963644 -1.802414 -1.390174 -1.054204 27.861956 27.864936 29.522056
134 -10.954824 -2.292234 -1.938284 -1.776994 -1.407344 -1.050424 27.549526 27.552806 29.358576
135 -10.868124 -2.322024 -1.911524 -1.750164 -1.426554 -1.044984 27.227836 27.231406 29.183976
136 -10.777124 -2.352994 -1.883384 -1.721944 -1.447594 -1.038004 26.897976 26.901846 28.998186
137 -10.681884 -2.385084 -1.853864 -1.692344 -1.470274 -1.029614 26.560956 26.565126 28.801096
138 -10.582494 -2.418234 -1.822994 -1.661374 -1.494364 -1.019954 26.217846 26.222306 28.592706
139 -10.479044 -2.452374 -1.790774 -1.629054 -1.519654 -1.009164 25.869596 25.874356 28.373006
140 -10.371624 -2.487444 -1.757224 -1.595394 -1.545924 -0.997354 25.517186 25.522226 28.142036
141 -10.260364 -2.523364 -1.722364 -1.572964 -1.560424 -0.984644 25.161556 25.166876 27.899916
142 -10.145354 -2.560064 -1.686224 -1.600574 -1.524154 -0.971124 24.803556 24.809156 27.646746
143 -10.026744 -2.597484 -1.648814 -1.628554 -1.486594 -0.956894 24.444066 24.449926 27.382716
144 -9.904674 -2.635554 -1.656714 -1.610154 -1.447794 -0.942034 24.083866 24.089966 27.108026
145 -9.779304 -2.674174 -1.684844 -1.570284 -1.407764 -0.926594 23.723726 23.730066 26.822946
146 -9.650794 -2.713304 -1.712754 -1.529234 -1.366534 -0.910674 23.364346 23.370916 26.527726
147 -9.519334 -2.752854 -1.740254 -1.487024 -1.324144 -0.894304 23.006416 23.013176 26.222696
148 -9.385134 -2.792744 -1.767124 -1.443704 -1.280614 -0.877564 22.650566 22.657526 25.908196
149 -9.248404 -2.832914 -1.793174 -1.399294 -1.235994 -0.860494 22.297366 22.304496 25.584566
150 -9.109394 -2.873274 -1.818174 -1.353864 -1.190324 -0.843154 21.947396 21.954676 25.252176
151 -8.968354 -2.913764 -1.841914 -1.307424 -1.143654 -0.825574 21.601136 21.608536 24.911396
152 -8.825574 -2.954304 -1.864174 -1.260054 -1.096014 -0.807824 21.259086 21.266596 24.562596
153 -8.681334 -2.994824 -1.884694 -1.211784 -1.047474 -0.789934 20.921656 20.929256 24.206136
154 -8.535974 -3.035244 -1.903254 -1.162684 -0.998094 -0.771944 20.589296 20.596946 23.842366
155 -8.389814 -3.075494 -1.919594 -1.112824 -0.947914 -0.753914 20.262336 20.270026 23.471596
156 -8.243234 -3.115504 -1.933454 -1.062244 -0.897014 -0.735864 19.941146 19.948856 23.094126
157 -8.096624 -3.155204 -1.944554 -1.011044 -0.845474 -0.717844 19.626066 19.633766 22.710226
158 -7.950364 -3.194524 -1.952624 -0.959294 -0.793364 -0.699894 19.317366 19.325026 22.320076
159 -7.804904 -3.233394 -1.957374 -0.907064 -0.740764 -0.682054 19.015346 19.022946 21.923876
160 -7.660654 -3.271754 -1.958514 -0.854454 -0.687754 -0.664354 18.720246 18.727756 21.521726
161 -7.518084 -3.309524 -1.955744 -0.801554 -0.646844 -0.634454 18.432336 18.439736 21.113716
162 -7.377644 -3.346654 -1.948744 -0.748454 -0.629544 -0.580934 18.151816 18.159076 20.699846
163 -7.239794 -3.383074 -1.937234 -0.695284 -0.612494 -0.527324 17.878906 17.886006 20.280116
164 -7.105014 -3.418724 -1.920884 -0.642134 -0.595734 -0.473724 17.613836 17.620736 19.854486
165 -6.973724 -3.453554 -1.899424 -0.589134 -0.579294 -0.420254 17.356766 17.363456 19.422836
166 -6.846394 -3.487494 -1.872544 -0.563204 -0.536414 -0.367054 17.107916 17.114366 18.985146
167 -6.723404 -3.520484 -1.839994 -0.547504 -0.484094 -0.314234 16.867426 16.873626 18.541296
168 -6.605164 -3.552484 -1.801514 -0.532214 -0.432304 -0.261944 16.635516 16.641436 18.091326
169 -6.491994 -3.583434 -1.756904 -0.517374 -0.381204 -0.210334 16.412326 16.417946 17.635226
170 -6.384194 -3.613284 -1.705964 -0.503004 -0.330934 -0.159544 16.198026 16.203336 17.173216
171 -6.282034 -3.641994 -1.648584 -0.489134 -0.281654 -0.109734 15.992806 15.997796 16.705616
172 -6.185674 -3.669514 -1.584674 -0.475794 -0.233514 -0.061064 15.796816 15.801456 16.232926
173 -6.095264 -3.695794 -1.514244 -0.462994 -0.186684 -0.013704 15.610216 15.614506 15.755986
174 -6.010864 -3.720794 -1.437354 -0.450764 -0.141314 0.032186 15.275826 15.433166 15.437096
175 -5.932514 -3.744484 -1.354194 -0.439114 -0.097584 0.076426 14.793946 15.265846 15.269416
176 -5.860174 -3.766814 -1.265054 -0.428074 -0.055664 0.118866 14.312186 15.108386 15.111596
177 -5.793764 -3.787764 -1.170374 -0.417634 -0.015714 0.159306 13.832906 14.960966 14.963806
178 -5.733194 -3.807294 -1.070804 -0.407794 0.022086 0.197596 13.358916 14.823716 14.826216
179 -5.678304 -3.825364 -0.967184 -0.398534 0.057586 0.233556 12.893596 14.696806 14.698956
180 -5.628944 -3.841964 -0.860704 -0.389804 0.090626 0.267026 12.440906 14.580386 14.582206
181 -5.584954 -3.857054 -0.752904 -0.381454 0.121036 0.297846 12.005296 14.474576 14.476076
182 -5.546144 -3.870624 -0.645894 -0.373144 0.148686 0.325876 11.591836 14.379506 14.380726
183 -5.512364 -3.882644 -0.542914 -0.363804 0.173436 0.350966 11.206026 14.295316 14.296256
184 -5.483444 -3.893094 -0.451114 -0.348844 0.195156 0.372996 10.853816 14.222106 14.222816
185 -5.459234 -3.901974 -0.392804 -0.308854 0.213736 0.391836 10.541346 14.159976 14.160476
186 -5.439614 -3.909244 -0.373554 -0.241444 0.229076 0.407396 10.274826 14.109026 14.109346
187 -5.424464 -3.914924 -0.366164 -0.177064 0.241096 0.419596 10.060146 14.069316 14.069496
188 -5.413714 -3.918974 -0.362294 -0.127064 0.249736 0.428356 9.902546 14.040906 14.040986
189 -5.407284 -3.921414 -0.360274 -0.095654 0.254926 0.433626 9.806196 14.023846 14.023866
190 -5.405144 -3.922224 -0.359634 -0.084954 0.256666 0.435396 9.773766 14.018156 14.018156
191 -5.403334 -3.921614 -0.360914 -0.130364 0.305176 0.435386 9.773666 14.011506 14.022406
192 -5.397914 -3.919774 -0.364734 -0.227604 0.411736 0.435386 9.773386 13.991576 14.035126
193 -5.388884 -3.916704 -0.371094 -0.340114 0.435376 0.539776 9.772916 13.958436 14.056236
194 -5.376244 -3.912394 -0.456434 -0.379964 0.435356 0.677816 9.772256 13.912196 14.085576
195 -5.360034 -3.906864 -0.572924 -0.391324 0.435336 0.822236 9.771436 13.852996 14.122936
196 -5.340254 -3.900094 -0.688164 -0.405134 0.435316 0.971626 9.770436 13.781036 14.168056
197 -5.316954 -3.892094 -0.801554 -0.421334 0.435296 1.125356 9.769286 13.696536 14.220616
198 -5.290144 -3.882854 -0.912794 -0.439894 0.435266 1.283116 9.767986 13.599766 14.280226
199 -5.259884 -3.872364 -1.021704 -0.460734 0.435236 1.444756 9.766556 13.491036 14.346466
200 -5.226224 -3.860634 -1.128234 -0.483794 0.435196 1.610186 9.764996 13.370686 14.418856
201 -5.189224 -3.847654 -1.232334 -0.509004 0.435156 1.779366 9.763316 13.239076 14.496856
202 -5.148974 -3.833424 -1.334024 -0.536284 0.435116 1.952286 9.761546 13.096616 14.579906
203 -5.105554 -3.817924 -1.433284 -0.565524 0.435076 2.128926 9.759676 12.943736 14.667376
204 -5.059094 -3.801164 -1.530154 -0.596654 0.435036 2.309306 9.757726 12.780876 14.758626
205 -5.009724 -3.783134 -1.624644 -0.629544 0.434986 2.493406 9.755696 12.608516 14.852966
206 -4.957594 -3.763824 -1.716794 -0.664094 0.434936 2.681246 9.753606 12.427146 14.949696
207 -4.902904 -3.743224 -1.806644 -0.700154 0.434886 2.872826 9.751466 12.237276 15.048066
208 -4.845864 -3.721334 -1.894204 -0.737584 0.434846 3.068136 9.749266 12.039436 15.147346
209 -4.786754 -3.698154 -1.979534 -0.776214 0.434796 3.267176 9.747026 11.834126 15.246776
210 -4.725854 -3.673664 -2.062664 -0.815864 0.434746 3.469936 9.744746 11.621926 15.345606
211 -4.663524 -3.647854 -2.143634 -0.856314 0.434696 3.676396 9.742416 11.403336 15.443106
212 -4.600164 -3.620714 -2.222474 -0.897304 0.434646 3.886506 9.740056 11.178936 15.538536
213 -4.536224 -3.592244 -2.299234 -0.938574 0.434606 4.100266 9.737666 10.949236 15.631186
214 -4.472244 -3.562424 -2.373934 -0.979784 0.434556 4.317596 9.735236 10.714796 15.720396
215 -4.408794 -3.531254 -2.446624 -1.020544 0.434516 4.538446 9.732776 10.476136 15.805516
216 -4.346534 -3.498704 -2.517344 -1.060444 0.434476 4.762756 9.730276 10.233776 15.885956
217 -4.286194 -3.464784 -2.586114 -1.098984 0.434436 4.990426 9.727746 9.988246 15.961176
218 -4.228564 -3.429454 -2.652974 -1.135614 0.434406 5.221366 9.725176 9.740016 16.030676
219 -4.174504 -3.392724 -2.717974 -1.169744 0.434376 5.455446 9.489586 9.722576 16.094006
220 -4.124904 -3.354564 -2.781124 -1.200724 0.434346 5.692556 9.237426 9.719936 16.150796
221 -4.080664 -3.314974 -2.842474 -1.227884 0.434316 5.932546 8.983976 9.717276 16.200686
222 -4.042694 -3.273914 -2.902054 -1.250534 0.434296 6.175226 8.729686 9.714576 16.243406
223 -4.011844 -3.231384 -2.959884 -1.268054 0.434276 6.420436 8.474956 9.711856 16.278726
224 -3.988844 -3.187364 -3.015994 -1.279874 0.434266 6.667966 8.220186 9.709116 16.306456
225 -3.974304 -3.141824 -3.070424 -1.285534 0.434256 6.917596 7.965736 9.706366 16.326446
226 -3.968624 -3.123184 -3.094744 -1.284764 0.434246 7.169066 7.711976 9.703616 16.338616
227 -3.971964 -3.174314 -3.046114 -1.277454 0.434246 7.422136 7.459216 9.700886 16.342886
228 -3.978724 -3.208654 -3.013044 -1.268614 0.433406 7.295296 7.569336 9.720866 16.346956
229 -3.988374 -3.244924 -2.979184 -1.256284 0.430886 7.136816 7.674606 9.783906 16.359026
230 -4.000594 -3.282694 -2.944604 -1.240804 0.426676 6.983896 7.740406 9.885276 16.379436
231 -4.015074 -3.321494 -2.909394 -1.222604 0.420806 6.836606 7.773566 10.016006 16.408396
232 -4.031544 -3.360794 -2.873644 -1.202104 0.413286 6.695076 7.782536 10.165626 16.445966
233 -4.049764 -3.400104 -2.837444 -1.179724 0.404156 6.559366 7.775136 10.324596 16.492056
234 -4.069494 -3.438914 -2.800914 -1.155894 0.393466 6.429576 7.757496 10.485296 16.546306
235 -4.090524 -3.476814 -2.764154 -1.130994 0.381296 6.305766 7.734006 10.642256 16.608196
236 -4.112614 -3.513414 -2.727304 -1.105394 0.367716 6.187996 7.707636 10.791696 16.676926
237 -4.135544 -3.548414 -2.690494 -1.079424 0.352846 6.076306 7.680346 10.931276 16.751556
238 -4.159074 -3.581564 -2.653874 -1.053394 0.336796 5.970766 7.653386 11.059646 16.830926
239 -4.182944 -3.612704 -2.617614 -1.027574 0.319736 5.871386 7.627516 11.176236 16.913786
240 -4.206924 -3.641734 -2.581874 -1.002204 0.301816 5.778166 7.603206 11.280996 16.998786
241 -4.230724 -3.668584 -2.546854 -0.977534 0.283246 5.691156 7.580656 11.374306 17.084596
242 -4.254104 -3.693244 -2.512744 -0.953744 0.264226 5.610316 7.560026 11.456736 17.169856
243 -4.276794 -3.715754 -2.479774 -0.931024 0.244996 5.535656 7.541286 11.529046 17.253336
244 -4.298554 -3.736154 -2.448154 -0.909544 0.225806 5.467146 7.524446 11.592046 17.333836
245 -4.319154 -3.754494 -2.418124 -0.889454 0.206936 5.404776 7.509386 11.646576 17.410346
246 -4.338394 -3.770844 -2.389934 -0.870874 0.188656 5.348496 7.496086 11.693416 17.481916
247 -4.356084 -3.785274 -2.363824 -0.853934 0.171266 5.298286 7.484416 11.733326 17.547766
248 -4.372054 -3.797844 -2.340044 -0.838744 0.155046 5.254096 7.474326 11.766986 17.607216
249 -4.386164 -3.808614 -2.318834 -0.825394 0.140286 5.215896 7.465726 11.794976 17.659716
250 -4.398304 -3.817644 -2.300434 -0.813954 0.127266 5.183646 7.458556 11.817816 17.704826
251 -4.408364 -3.824974 -2.285054 -0.804504 0.116226 5.157306 7.452766 11.835936 17.742166
252 -4.416264 -3.830634 -2.272874 -0.797094 0.107396 5.136866 7.448296 11.849676 17.771486
253 -4.421954 -3.834654 -2.264064 -0.791774 0.100946 5.122276 7.445146 11.859306 17.792546
254 -4.425374 -3.837064 -2.258724 -0.788564 0.097026 5.113536 7.443246 11.865016 17.805256
255 -4.426524 -3.837864 -2.256934 -0.787494 0.095706 5.110616 7.442626 11.866896 17.809486
