1 -3.004 -3.004 0.164 4.325 25.208 33.169
2 -3.034 -3.008 0.2 4.333 25.2 33.169
3 -3.121 -3.021 0.302 4.357 25.175 33.167
4 -3.254 -3.042 0.462 4.398 25.134 33.165
5 -3.424 -3.072 0.668 4.454 25.078 33.162
6 -3.618 -3.109 0.909 4.525 25.009 33.157
7 -3.83 -3.153 1.178 4.611 24.928 33.152
8 -4.053 -3.204 1.468 4.712 24.837 33.145
9 -4.282 -3.261 1.775 4.826 24.738 33.138
10 -4.516 -3.323 2.095 4.952 24.633 33.129
11 -4.75 -3.39 2.427 5.091 24.523 33.118
12 -4.984 -3.461 2.767 5.241 24.41 33.107
13 -5.217 -3.536 3.115 5.402 24.296 33.094
14 -5.446 -3.613 3.469 5.573 24.182 33.079
15 -5.673 -3.693 3.829 5.753 24.069 33.062
16 -5.896 -3.774 4.193 5.942 23.96 33.044
17 -6.115 -3.857 4.561 6.14 23.854 33.024
18 -6.329 -3.941 4.931 6.344 23.754 33.001
19 -6.538 -4.025 5.304 6.556 23.66 32.976
20 -6.742 -4.109 5.678 6.774 23.573 32.948
21 -6.941 -4.193 6.053 6.998 23.495 32.917
22 -7.134 -4.277 6.427 7.228 23.426 32.882
23 -7.321 -4.359 6.801 7.462 23.368 32.844
24 -7.503 -4.44 7.172 7.701 23.321 32.801
25 -7.679 -4.52 7.54 7.943 23.287 32.752
26 -7.849 -4.599 7.905 8.188 23.267 32.698
27 -8.013 -4.675 8.264 8.437 23.262 32.637
28 -8.171 -4.75 8.618 8.687 23.273 32.568
29 -8.323 -4.822 8.939 8.964 23.302 32.49
30 -8.469 -4.892 9.192 9.301 23.348 32.402
31 -8.608 -4.96 9.445 9.629 23.414 32.302
32 -8.741 -5.025 9.698 9.946 23.502 32.19
33 -8.868 -5.088 9.949 10.251 23.61 32.064
34 -8.989 -5.148 10.199 10.543 23.742 31.924
35 -9.103 -5.205 10.445 10.821 23.897 31.77
36 -9.21 -5.259 10.688 11.083 24.077 31.601
37 -9.312 -5.31 10.925 11.33 24.282 31.421
38 -9.406 -5.358 11.157 11.56 24.512 31.231
39 -9.495 -5.403 11.382 11.773 24.768 31.033
40 -9.577 -5.445 11.598 11.969 25.049 30.831
41 -9.652 -5.484 11.804 12.147 25.354 30.629
42 -9.721 -5.52 12.0 12.308 25.684 30.43
43 -9.783 -5.552 12.182 12.452 26.036 30.239
44 -9.839 -5.581 12.351 12.578 26.41 30.057
45 -9.888 -5.606 12.505 12.689 26.804 29.889
46 -9.931 -5.628 12.641 12.783 27.213 29.736
47 -9.967 -5.647 12.759 12.862 27.635 29.603
48 -9.997 -5.663 12.858 12.926 28.062 29.491
49 -10.02 -5.675 12.936 12.976 28.481 29.402
50 -10.036 -5.683 12.993 13.01 28.866 29.337
51 -10.046 -5.688 13.027 13.031 29.165 29.297
52 -10.049 -5.69 13.038 13.038 29.284 29.284
53 -10.075 -5.66 13.039 13.039 29.288 29.288
54 -10.148 -5.57 13.043 13.043 29.301 29.301
55 -10.265 -5.427 13.049 13.049 29.323 29.323
56 -10.417 -5.238 13.057 13.057 29.353 29.353
57 -10.598 -5.011 13.067 13.067 29.392 29.392
58 -10.8 -4.751 13.08 13.08 29.439 29.439
59 -11.018 -4.466 13.095 13.095 29.494 29.494
60 -11.247 -4.159 13.112 13.112 29.558 29.558
61 -11.484 -3.834 13.131 13.131 29.631 29.631
62 -11.725 -3.493 13.153 13.153 29.711 29.711
63 -11.97 -3.14 13.177 13.177 29.8 29.8
64 -12.215 -2.775 13.204 13.204 29.897 29.897
65 -12.461 -2.4 13.233 13.233 30.001 30.001
66 -12.706 -2.016 13.264 13.264 30.114 30.114
67 -12.949 -1.624 13.297 13.297 30.234 30.234
68 -13.19 -1.225 13.333 13.333 30.361 30.361
69 -13.428 -0.818 13.371 13.371 30.495 30.495
70 -13.663 -0.405 13.411 13.411 30.637 30.637
71 -13.895 0.013 13.454 13.454 30.785 30.785
72 -14.122 0.438 13.499 13.499 30.94 30.94
73 -14.346 0.867 13.546 13.546 31.101 31.101
74 -14.565 1.301 13.595 13.595 31.267 31.267
75 -14.78 1.739 13.646 13.646 31.212 31.439
76 -14.991 2.182 13.7 13.7 31.072 31.615
77 -15.197 2.628 13.755 13.755 30.932 31.796
78 -15.398 3.078 13.813 13.813 30.792 31.98
79 -15.594 3.53 13.872 13.872 30.654 32.167
80 -15.786 3.986 13.934 13.934 30.518 32.355
81 -15.972 4.443 13.997 13.997 30.386 32.544
82 -16.154 4.903 14.062 14.062 30.259 32.733
83 -16.331 5.364 14.128 14.128 30.136 32.92
84 -16.502 5.826 14.197 14.197 30.019 33.103
85 -16.669 6.288 14.266 14.266 29.909 33.28
86 -16.83 6.751 14.337 14.337 29.806 33.449
87 -16.986 7.213 14.409 14.409 29.711 33.607
88 -17.137 7.674 14.482 14.482 29.624 33.752
89 -17.283 8.132 14.556 14.556 29.547 33.881
90 -17.423 8.589 14.631 14.631 29.48 33.99
91 -17.558 9.042 14.706 14.706 29.423 34.077
92 -17.689 9.49 14.782 14.782 29.378 34.14
93 -17.813 9.933 14.858 14.858 29.345 34.177
94 -17.933 10.371 14.933 14.933 29.325 34.188
95 -18.047 10.801 15.008 15.008 29.319 34.174
96 -18.156 11.222 15.083 15.083 29.328 34.135
97 -18.26 11.634 15.157 15.157 29.352 34.076
98 -18.358 12.035 15.229 15.229 29.393 33.998
99 -18.451 12.424 15.3 15.3 29.452 33.906
100 -18.539 12.8 15.37 15.37 29.529 33.803
101 -18.621 13.16 15.437 15.437 29.625 33.692
102 -18.699 13.504 15.502 15.502 29.74 33.576
103 -18.771 13.831 15.565 15.565 29.876 33.459
104 -18.837 14.139 15.624 15.624 30.033 33.342
105 -18.898 14.426 15.68 15.68 30.21 33.228
106 -18.954 14.692 15.733 15.733 30.407 33.118
107 -19.005 14.936 15.781 15.781 30.624 33.015
108 -19.05 15.156 15.825 15.825 30.858 32.919
109 -19.09 15.351 15.865 15.865 31.107 32.832
110 -19.125 15.522 15.9 15.9 31.368 32.755
111 -19.154 15.668 15.931 15.931 31.633 32.688
112 -19.178 15.787 15.955 15.955 31.894 32.633
113 -19.197 15.88 15.975 15.975 32.137 32.589
114 -19.21 15.947 15.989 15.989 32.342 32.557
115 -19.218 15.987 15.998 15.998 32.482 32.538
116 -19.221 16.001 16.001 16.001 32.532 32.532
117 -19.218 15.992 15.992 15.999 32.47 32.544
118 -19.21 15.965 15.965 15.996 32.296 32.581
119 -19.197 15.921 15.921 15.99 32.037 32.643
120 -19.178 15.86 15.86 15.982 31.722 32.729
121 -19.154 15.782 15.782 15.971 31.372 32.837
122 -19.125 15.689 15.689 15.958 30.999 32.969
123 -19.09 15.581 15.581 15.943 30.614 33.122
124 -19.051 15.459 15.459 15.924 30.222 33.295
125 -19.005 15.325 15.325 15.903 29.826 33.488
126 -18.955 15.178 15.178 15.879 29.43 33.699
127 -18.899 15.021 15.021 15.852 29.035 33.927
128 -18.838 14.854 14.854 15.822 28.642 34.171
129 -18.772 14.678 14.678 15.789 28.252 34.429
130 -18.7 14.495 14.495 15.752 27.867 34.701
131 -18.623 14.305 14.305 15.711 27.485 34.986
132 -18.541 14.108 14.108 15.666 27.109 35.281
133 -18.453 13.907 13.907 15.616 26.737 34.571
134 -18.36 13.702 13.702 15.562 26.371 33.866
135 -18.262 13.494 13.494 15.502 26.011 33.171
136 -18.158 13.282 13.282 15.437 25.656 32.487
137 -18.049 13.069 13.069 15.365 25.307 31.815
138 -17.935 12.854 12.854 15.286 24.964 31.155
139 -17.816 12.638 12.638 15.199 24.627 30.509
140 -17.691 12.421 12.421 15.104 24.296 29.878
141 -17.561 12.205 12.205 15.0 23.972 29.262
142 -17.426 11.989 11.989 14.886 23.653 28.663
143 -17.286 11.775 11.775 14.761 23.341 28.081
144 -17.14 11.561 11.561 14.624 23.036 27.518
145 -16.989 11.349 11.349 14.473 22.736 26.975
146 -16.833 11.139 11.139 14.309 22.443 26.453
147 -16.671 10.931 10.931 14.129 22.157 25.954
148 -16.504 10.726 10.726 13.934 21.877 25.477
149 -16.333 10.523 10.523 13.721 21.603 25.025
150 -16.156 10.324 10.324 13.491 21.336 24.598
151 -15.973 10.127 10.127 13.242 21.075 24.196
152 -15.786 9.934 9.934 12.975 20.821 23.82
153 -15.594 9.744 9.744 12.689 20.573 23.471
154 -15.396 9.558 9.558 12.385 20.332 23.147
155 -15.194 9.376 9.376 12.063 20.097 22.849
156 -14.986 9.198 9.198 11.723 19.869 22.575
157 -14.774 9.024 9.024 11.368 19.648 22.325
158 -14.557 8.854 8.854 10.998 19.433 22.097
159 -14.335 8.689 8.689 10.614 19.224 21.891
160 -14.108 8.528 8.528 10.218 19.022 21.704
161 -13.877 8.371 8.371 9.812 18.827 21.536
162 -13.641 8.219 8.219 9.396 18.638 21.385
163 -13.4 8.072 8.072 8.973 18.456 21.25
164 -13.156 7.93 7.93 8.543 18.281 21.128
165 -12.907 7.793 7.793 8.109 18.112 21.02
166 -12.654 7.66 7.66 7.671 17.95 20.923
167 -12.397 7.231 7.533 7.533 17.794 20.837
168 -12.136 6.79 7.41 7.41 17.645 20.76
169 -11.873 6.348 7.293 7.293 17.503 20.692
170 -11.606 5.908 7.181 7.181 17.367 20.632
171 -11.336 5.471 7.074 7.074 17.238 20.578
172 -11.064 5.036 6.972 6.972 17.115 20.531
173 -10.79 4.606 6.876 6.876 16.999 20.489
174 -10.515 4.182 6.785 6.785 16.89 20.453
175 -10.239 3.764 6.699 6.699 16.787 20.42
176 -9.964 3.354 6.619 6.619 16.691 20.392
177 -9.689 2.953 6.544 6.544 16.601 20.367
178 -9.417 2.562 6.475 6.475 16.518 20.346
179 -9.149 2.184 6.411 6.411 16.442 20.327
180 -8.887 1.82 6.352 6.352 16.373 20.311
181 -8.632 1.473 6.3 6.3 16.31 20.297
182 -8.387 1.146 6.252 6.252 16.253 20.286
183 -8.155 0.841 6.21 6.21 16.203 20.276
184 -7.94 0.562 6.174 6.174 16.16 20.268
185 -7.747 0.314 6.143 6.143 16.124 20.261
186 -7.578 0.101 6.118 6.118 16.094 20.256
187 -7.441 -0.071 6.098 6.098 16.071 20.252
188 -7.338 -0.198 6.084 6.084 16.054 20.249
189 -7.275 -0.277 6.076 6.076 16.044 20.247
190 -7.253 -0.303 6.073 6.073 16.041 20.246
191 -7.25 -0.303 6.054 6.07 16.067 20.254
192 -7.241 -0.3 5.995 6.06 16.144 20.277
193 -7.225 -0.297 5.899 6.042 16.269 20.316
194 -7.203 -0.292 5.769 6.019 16.442 20.37
195 -7.175 -0.286 5.608 5.989 16.658 20.438
196 -7.14 -0.279 5.42 5.953 16.913 20.521
197 -7.099 -0.27 5.208 5.911 17.203 20.618
198 -7.052 -0.261 4.976 5.864 17.526 20.728
199 -6.998 -0.249 4.727 5.812 17.878 20.851
200 -6.939 -0.237 4.465 5.756 18.255 20.986
201 -6.873 -0.224 4.192 5.696 18.655 21.132
202 -6.8 -0.21 3.91 5.632 19.076 21.289
203 -6.722 -0.194 3.621 5.566 19.516 21.455
204 -6.637 -0.178 3.327 5.497 19.972 21.63
205 -6.546 -0.161 3.03 5.426 20.444 21.814
206 -6.449 -0.143 2.731 5.354 20.93 22.004
207 -6.346 -0.125 2.43 5.281 21.429 22.199
208 -6.236 -0.106 2.13 5.207 21.94 22.4
209 -6.12 -0.086 1.83 5.134 22.462 22.604
210 -5.998 -0.066 1.531 5.061 22.81 22.994
211 -5.87 -0.046 1.233 4.99 23.018 23.536
212 -5.736 -0.026 0.938 4.92 23.225 24.087
213 -5.596 -0.007 0.646 4.852 23.43 24.647
214 -5.449 0.013 0.357 4.787 23.633 25.215
215 -5.297 0.032 0.072 4.725 23.83 25.79
216 -5.138 -0.21 0.05 4.665 24.021 26.373
217 -4.973 -0.487 0.068 4.61 24.204 26.963
218 -4.803 -0.761 0.085 4.558 24.377 27.56
219 -4.626 -1.03 0.1 4.511 24.538 28.162
220 -4.444 -1.294 0.115 4.469 24.686 28.771
221 -4.255 -1.554 0.127 4.431 24.818 29.385
222 -4.061 -1.808 0.138 4.399 24.934 30.005
223 -3.861 -2.058 0.147 4.373 25.03 30.629
224 -3.655 -2.302 0.155 4.352 25.107 31.258
225 -3.444 -2.542 0.16 4.337 25.163 31.892
226 -3.226 -2.775 0.163 4.328 25.197 32.529
227 -3.004 -3.004 0.164 4.325 25.208 33.169
228 -3.15 -2.87 0.179 4.329 25.199 32.752
229 -3.291 -2.766 0.222 4.345 25.171 32.349
230 -3.428 -2.694 0.293 4.372 25.122 31.965
231 -3.559 -2.65 0.387 4.412 25.049 31.603
232 -3.684 -2.63 0.5 4.466 24.95 31.267
233 -3.805 -2.632 0.624 4.537 24.824 30.958
234 -3.92 -2.649 0.755 4.624 24.669 30.678
235 -4.03 -2.678 0.885 4.728 24.486 30.43
236 -4.135 -2.716 1.012 4.851 24.275 30.213
237 -4.234 -2.76 1.131 4.992 24.039 30.025
238 -4.329 -2.808 1.24 5.151 23.781 29.865
239 -4.417 -2.858 1.339 5.325 23.504 29.731
240 -4.501 -2.908 1.426 5.513 23.212 29.619
241 -4.579 -2.958 1.501 5.713 22.911 29.527
242 -4.652 -3.006 1.566 5.921 22.605 29.452
243 -4.719 -3.053 1.622 6.135 22.297 29.39
244 -4.781 -3.097 1.669 6.351 21.993 29.341
245 -4.838 -3.139 1.708 6.565 21.697 29.3
246 -4.889 -3.177 1.741 6.774 21.412 29.268
247 -4.935 -3.212 1.768 6.975 21.143 29.243
248 -4.976 -3.243 1.79 7.164 20.894 29.222
249 -5.011 -3.27 1.808 7.337 20.668 29.207
250 -5.041 -3.294 1.822 7.491 20.469 29.194
251 -5.065 -3.313 1.833 7.622 20.301 29.185
252 -5.084 -3.328 1.841 7.728 20.166 29.178
253 -5.098 -3.339 1.847 7.806 20.068 29.174
254 -5.106 -3.345 1.85 7.853 20.008 29.171
255 -5.108 -3.347 1.851 7.869 19.988 29.17
