1 -86.4467 -46.0627 -46.0627 -45.7897 -5.5787 -4.0267 -4.0267 -0.7737 3.0363 9.1513 9.8763 9.8763
2 -86.4467 -46.0627 -46.0617 -45.7887 -5.5767 -4.0307 -4.0237 -0.7727 3.0293 9.0953 9.8663 9.9433
3 -86.4467 -46.0647 -46.0607 -45.7877 -5.5707 -4.0447 -4.0177 -0.7667 3.0103 8.9693 9.8363 10.1083
4 -86.4467 -46.0677 -46.0587 -45.7847 -5.5617 -4.0667 -4.0077 -0.7577 2.9803 8.8193 9.7873 10.3193
5 -86.4477 -46.0717 -46.0557 -45.7817 -5.5487 -4.0987 -3.9937 -0.7457 2.9373 8.6673 9.7203 10.5563
6 -86.4477 -46.0767 -46.0507 -45.7777 -5.5317 -4.1377 -3.9747 -0.7317 2.8853 8.5233 9.6373 10.8103
7 -86.4477 -46.0827 -46.0457 -45.7727 -5.5107 -4.1847 -3.9517 -0.7167 2.8233 8.3893 9.5383 11.0763
8 -86.4487 -46.0897 -46.0397 -45.7667 -5.4867 -4.2387 -3.9257 -0.7017 2.7533 8.2663 9.4263 11.3513
9 -86.4487 -46.0967 -46.0337 -45.7607 -5.4587 -4.2997 -3.8947 -0.6867 2.6773 8.1573 9.3033 11.6333
10 -86.4487 -46.1047 -46.0257 -45.7547 -5.4277 -4.3657 -3.8597 -0.6747 2.5973 8.0603 9.1683 11.9213
11 -86.4497 -46.1127 -46.0167 -45.7477 -5.3927 -4.4377 -3.8207 -0.6667 2.5153 7.9753 9.0253 12.2133
12 -86.4497 -46.1217 -46.0077 -45.7407 -5.3537 -4.5147 -3.7787 -0.6637 2.4323 7.9033 8.8743 12.5093
13 -86.4507 -46.1307 -45.9977 -45.7337 -5.3117 -4.5957 -3.7317 -0.6667 2.3513 7.8413 8.7163 12.8063
14 -86.4517 -46.1407 -45.9877 -45.7267 -5.2667 -4.6807 -3.6817 -0.6777 2.2743 7.7913 8.5523 13.1053
15 -86.4517 -46.1497 -45.9757 -45.7187 -5.2187 -4.7687 -3.6267 -0.6967 2.2033 7.7503 8.3823 13.4043
16 -86.4527 -46.1597 -45.9637 -45.7117 -5.1667 -4.8597 -3.5687 -0.7267 2.1393 7.7193 8.2093 13.7013
17 -86.4537 -46.1697 -45.9517 -45.7037 -5.1127 -4.9537 -3.5077 -0.7657 2.0843 7.6963 8.0313 13.9973
18 -86.4537 -46.1797 -45.9387 -45.6967 -5.0547 -5.0497 -3.4417 -0.8147 2.0383 7.6823 7.8503 14.2903
19 -86.4547 -46.1897 -45.9247 -45.6887 -5.1467 -4.9947 -3.3727 -0.8747 2.0023 7.6673 7.6743 14.5793
20 -86.4557 -46.1997 -45.9107 -45.6817 -5.2457 -4.9317 -3.3007 -0.9427 1.9753 7.4813 7.6743 14.8643
21 -86.4567 -46.2097 -45.8967 -45.6747 -5.3457 -4.8657 -3.2247 -1.0197 1.9573 7.2933 7.6793 15.1433
22 -86.4577 -46.2197 -45.8817 -45.6677 -5.4467 -4.7977 -3.1457 -1.1047 1.9473 7.1033 7.6913 15.4163
23 -86.4587 -46.2297 -45.8667 -45.6607 -5.5477 -4.7277 -3.0627 -1.1947 1.9453 6.9123 7.7073 15.6833
24 -86.4587 -46.2397 -45.8517 -45.6537 -5.6497 -4.6557 -2.9777 -1.2887 1.9493 6.7203 7.7283 15.9423
25 -86.4597 -46.2497 -45.8357 -45.6467 -5.7507 -4.5827 -2.8887 -1.3867 1.9583 6.5273 7.7543 15.9353
26 -86.4607 -46.2587 -45.8207 -45.6407 -5.8517 -4.5067 -2.7967 -1.4857 1.9713 6.3333 7.7833 15.8903
27 -86.4617 -46.2677 -45.8047 -45.6347 -5.9517 -4.4297 -2.7017 -1.5867 1.9883 6.1393 7.8163 15.8243
28 -86.4627 -46.2767 -45.7887 -45.6287 -6.0517 -4.3517 -2.6037 -1.6867 2.0083 5.9453 7.8513 15.7383
29 -86.4637 -46.2857 -45.7737 -45.6227 -6.1497 -4.2737 -2.5037 -1.7867 2.0293 5.7513 7.8893 15.6333
30 -86.4647 -46.2947 -45.7577 -45.6167 -6.2457 -4.1937 -2.4007 -1.8847 2.0523 5.5583 7.9303 15.5143
31 -86.4657 -46.3027 -45.7427 -45.6117 -6.3407 -4.1147 -2.2947 -1.9797 2.0753 5.3653 7.9723 15.3823
32 -86.4657 -46.3107 -45.7277 -45.6057 -6.4327 -4.0347 -2.1867 -2.0727 2.0993 5.1733 8.0153 15.2403
33 -86.4667 -46.3187 -45.7127 -45.6017 -6.5227 -3.9557 -2.1627 -2.0767 2.1233 4.9813 8.0603 15.0923
34 -86.4677 -46.3257 -45.6987 -45.5967 -6.6107 -3.8777 -2.2487 -1.9647 2.1463 4.7923 8.1053 14.9393
35 -86.4687 -46.3327 -45.6847 -45.5917 -6.6947 -3.8007 -2.3307 -1.8507 2.1693 4.6033 8.1503 14.7853
36 -86.4697 -46.3397 -45.6717 -45.5877 -6.7757 -3.7247 -2.4087 -1.7347 2.1913 4.4173 8.1953 14.6323
37 -86.4697 -46.3457 -45.6587 -45.5837 -6.8537 -3.6517 -2.4827 -1.6177 2.2123 4.2333 8.2403 14.4803
38 -86.4707 -46.3517 -45.6457 -45.5797 -6.9277 -3.5797 -2.5517 -1.4997 2.2323 4.0523 8.2843 14.3333
39 -86.4717 -46.3577 -45.6337 -45.5767 -6.9977 -3.5117 -2.6167 -1.3817 2.2513 3.8743 8.3263 14.1913
40 -86.4717 -46.3627 -45.6227 -45.5737 -7.0627 -3.4457 -2.6767 -1.2627 2.2683 3.7003 8.3673 14.0553
41 -86.4727 -46.3677 -45.6127 -45.5707 -7.1247 -3.3827 -2.7327 -1.1437 2.2853 3.5313 8.4063 13.9263
42 -86.4727 -46.3727 -45.6027 -45.5677 -7.1807 -3.3247 -2.7827 -1.0267 2.2993 3.3673 8.4433 13.8063
43 -86.4737 -46.3767 -45.5937 -45.5657 -7.2327 -3.2707 -2.8287 -0.9117 2.3133 3.2093 8.4773 13.6953
44 -86.4737 -46.3797 -45.5857 -45.5627 -7.2797 -3.2207 -2.8697 -0.8007 2.3253 3.0593 8.5083 13.5943
45 -86.4747 -46.3837 -45.5787 -45.5607 -7.3207 -3.1767 -2.9067 -0.6937 2.3363 2.9183 8.5363 13.5043
46 -86.4747 -46.3867 -45.5727 -45.5597 -7.3577 -3.1377 -2.9377 -0.5927 2.3453 2.7873 8.5613 13.4243
47 -86.4747 -46.3887 -45.5667 -45.5577 -7.3887 -3.1037 -2.9647 -0.5007 2.3533 2.6703 8.5833 13.3563
48 -86.4757 -46.3907 -45.5627 -45.5567 -7.4137 -3.0757 -2.9867 -0.4197 2.3593 2.5683 8.6013 13.3003
49 -86.4757 -46.3927 -45.5597 -45.5557 -7.4337 -3.0537 -3.0037 -0.3527 2.3643 2.4853 8.6153 13.2553
50 -86.4757 -46.3937 -45.5567 -45.5557 -7.4487 -3.0377 -3.0157 -0.3017 2.3683 2.4223 8.6253 13.2243
51 -86.4757 -46.3937 -45.5557 -45.5547 -7.4567 -3.0287 -3.0227 -0.2697 2.3703 2.3843 8.6313 13.2053
52 -86.4757 -46.3947 -45.5547 -45.5547 -7.4597 -3.0247 -3.0247 -0.2587 2.3703 2.3703 8.6333 13.1983
53 -86.4757 -46.3937 -45.5547 -45.5547 -7.4597 -3.0247 -3.0247 -0.2687 2.3673 2.3673 8.6443 13.2033
54 -86.4757 -46.3917 -45.5547 -45.5547 -7.4597 -3.0217 -3.0217 -0.2977 2.3563 2.3563 8.6793 13.2163
55 -86.4767 -46.3897 -45.5537 -45.5537 -7.4587 -3.0167 -3.0167 -0.3457 2.3383 2.3383 8.7373 13.2393
56 -86.4767 -46.3857 -45.5537 -45.5537 -7.4577 -3.0107 -3.0107 -0.4107 2.3133 2.3133 8.8153 13.2713
57 -86.4767 -46.3807 -45.5527 -45.5527 -7.4577 -3.0027 -3.0027 -0.4927 2.2813 2.2813 8.9143 13.3123
58 -86.4777 -46.3747 -45.5517 -45.5517 -7.4567 -2.9927 -2.9927 -0.5897 2.2423 2.2423 9.0313 13.3633
59 -86.4787 -46.3667 -45.5507 -45.5507 -7.4567 -2.9817 -2.9817 -0.6997 2.1983 2.1983 9.1653 13.4243
60 -86.4787 -46.3587 -45.5497 -45.5497 -7.4567 -2.9687 -2.9687 -0.8207 2.1473 2.1473 9.3123 13.4943
61 -86.4797 -46.3497 -45.5487 -45.5487 -7.4577 -2.9537 -2.9537 -0.9517 2.0903 2.0903 9.4733 13.5753
62 -86.4807 -46.3397 -45.5467 -45.5467 -7.4587 -2.9377 -2.9377 -1.0907 2.0283 2.0283 9.6433 13.6663
63 -86.4817 -46.3277 -45.5457 -45.5457 -7.4607 -2.9197 -2.9197 -1.2357 1.9613 1.9613 9.8223 13.7683
64 -86.4827 -46.3157 -45.5437 -45.5437 -7.4647 -2.9007 -2.9007 -1.3857 1.8903 1.8903 10.0073 13.8813
65 -86.4847 -46.3027 -45.5417 -45.5417 -7.4697 -2.8797 -2.8797 -1.5387 1.8153 1.8153 10.1963 14.0043
66 -86.4857 -46.2887 -45.5397 -45.5397 -7.4767 -2.8587 -2.8587 -1.6927 1.7363 1.7363 10.3893 14.1393
67 -86.4867 -46.2737 -45.5377 -45.5377 -7.4857 -2.8357 -2.8357 -1.8477 1.6533 1.6533 10.5833 14.2843
68 -86.4887 -46.2577 -45.5357 -45.5357 -7.4977 -2.8117 -2.8117 -2.0007 1.5683 1.5683 10.7783 14.4393
69 -86.4897 -46.2407 -45.5327 -45.5327 -7.5137 -2.7867 -2.7867 -2.1517 1.4813 1.4813 10.9713 14.6043
70 -86.4917 -46.2237 -45.5307 -45.5307 -7.5317 -2.7607 -2.7607 -2.2997 1.3923 1.3923 11.1643 14.7773
71 -86.4937 -46.2057 -45.5277 -45.5277 -7.5547 -2.7347 -2.7347 -2.4417 1.3013 1.3013 11.3543 14.9583
72 -86.4957 -46.1857 -45.5257 -45.5257 -7.5817 -2.7077 -2.7077 -2.5787 1.2103 1.2103 11.5413 15.1443
73 -86.4967 -46.1667 -45.5227 -45.5227 -7.6127 -2.7087 -2.6797 -2.6797 1.1183 1.1183 11.7263 15.3353
74 -86.4987 -46.1457 -45.5197 -45.5197 -7.6497 -2.8317 -2.6527 -2.6527 1.0273 1.0273 11.9093 15.5263
75 -86.5007 -46.1257 -45.5167 -45.5167 -7.6927 -2.9457 -2.6247 -2.6247 0.9363 0.9363 12.0893 15.7163
76 -86.5027 -46.1037 -45.5137 -45.5137 -7.7407 -3.0517 -2.5977 -2.5977 0.8463 0.8463 12.2663 15.9023
77 -86.5047 -46.0817 -45.5107 -45.5107 -7.7947 -3.1477 -2.5707 -2.5707 0.7573 0.7573 12.4423 16.0793
78 -86.5067 -46.0597 -45.5077 -45.5077 -7.8547 -3.2337 -2.5437 -2.5437 0.6703 0.6703 12.6173 16.2453
79 -86.5087 -46.0367 -45.5047 -45.5047 -7.9207 -3.3097 -2.5187 -2.5187 0.5863 0.5863 12.7903 16.3963
80 -86.5107 -46.0137 -45.5007 -45.5007 -7.9927 -3.3767 -2.4947 -2.4947 0.5043 0.5043 12.9623 16.5273
81 -86.5127 -45.9907 -45.4977 -45.4977 -8.0707 -3.4327 -2.4727 -2.4727 0.4263 0.4263 13.1343 16.6353
82 -86.5157 -45.9667 -45.4947 -45.4947 -8.1527 -3.4797 -2.4527 -2.4527 0.3513 0.3513 13.3063 16.7173
83 -86.5177 -45.9437 -45.4917 -45.4917 -8.2407 -3.5177 -2.4347 -2.4347 0.2813 0.2813 13.4783 16.7723
84 -86.5197 -45.9197 -45.4877 -45.4877 -8.3327 -3.5457 -2.4187 -2.4187 0.2153 0.2153 13.6503 16.7983
85 -86.5217 -45.8957 -45.4847 -45.4847 -8.4277 -3.5657 -2.4057 -2.4057 0.1543 0.1543 13.8223 16.7963
86 -86.5237 -45.8717 -45.4817 -45.4817 -8.5267 -3.5777 -2.3967 -2.3967 0.0983 0.0983 13.9943 16.7683
87 -86.5257 -45.8477 -45.4777 -45.4777 -8.6277 -3.5827 -2.3897 -2.3897 0.0473 0.0473 14.1673 16.7173
88 -86.5277 -45.8247 -45.4747 -45.4747 -8.7297 -3.5807 -2.3877 -2.3877 0.0033 0.0033 14.3383 16.6453
89 -86.5297 -45.8007 -45.4717 -45.4717 -8.8337 -3.5737 -2.3887 -2.3887 -0.0357 -0.0357 14.5093 16.5583
90 -86.5317 -45.7777 -45.4687 -45.4687 -8.9377 -3.5597 -2.3927 -2.3927 -0.0677 -0.0677 14.6763 16.4603
91 -86.5347 -45.7547 -45.4657 -45.4657 -9.0427 -3.5417 -2.4007 -2.4007 -0.0947 -0.0947 14.8373 16.3583
92 -86.5367 -45.7317 -45.4617 -45.4617 -9.1457 -3.5197 -2.4127 -2.4127 -0.1157 -0.1157 14.9863 16.2603
93 -86.5377 -45.7097 -45.4587 -45.4587 -9.2487 -3.4937 -2.4277 -2.4277 -0.1317 -0.1317 15.1133 16.1783
94 -86.5397 -45.6877 -45.4557 -45.4557 -9.3497 -3.4647 -2.4457 -2.4457 -0.1417 -0.1417 15.2013 16.1343
95 -86.5417 -45.6667 -45.4537 -45.4537 -9.4487 -3.4327 -2.4667 -2.4667 -0.1477 -0.1477 15.2283 16.1493
96 -86.5437 -45.6457 -45.4507 -45.4507 -9.5457 -3.3987 -2.4897 -2.4897 -0.1487 -0.1487 15.1923 16.2273
97 -86.5457 -45.6257 -45.4477 -45.4477 -9.6397 -3.3637 -2.5147 -2.5147 -0.1457 -0.1457 15.1113 16.3533
98 -86.5467 -45.6057 -45.4447 -45.4447 -9.7297 -3.3267 -2.5407 -2.5407 -0.1407 -0.1407 15.0033 16.5093
99 -86.5487 -45.5877 -45.4427 -45.4427 -9.8177 -3.2897 -2.5677 -2.5677 -0.1317 -0.1317 14.8833 16.6813
100 -86.5507 -45.5697 -45.4397 -45.4397 -9.9007 -3.2517 -2.5957 -2.5957 -0.1207 -0.1207 14.7583 16.8633
101 -86.5517 -45.5527 -45.4377 -45.4377 -9.9807 -3.2147 -2.6227 -2.6227 -0.1077 -0.1077 14.6323 17.0503
102 -86.5527 -45.5357 -45.4357 -45.4357 -10.0567 -3.1767 -2.6507 -2.6507 -0.0937 -0.0937 14.5083 17.2423
103 -86.5547 -45.5207 -45.4337 -45.4337 -10.1277 -3.1407 -2.6777 -2.6777 -0.0787 -0.0787 14.3883 17.4343
104 -86.5557 -45.5067 -45.4317 -45.4317 -10.1937 -3.1057 -2.7037 -2.7037 -0.0637 -0.0637 14.2733 17.6273
105 -86.5567 -45.4927 -45.4297 -45.4297 -10.2557 -3.0727 -2.7287 -2.7287 -0.0477 -0.0477 14.1653 17.8183
106 -86.5577 -45.4807 -45.4277 -45.4277 -10.3127 -3.0407 -2.7527 -2.7527 -0.0327 -0.0327 14.0643 18.0053
107 -86.5587 -45.4687 -45.4267 -45.4267 -10.3647 -3.0107 -2.7747 -2.7747 -0.0177 -0.0177 13.9713 18.1883
108 -86.5597 -45.4587 -45.4257 -45.4257 -10.4117 -2.9837 -2.7947 -2.7947 -0.0037 -0.0037 13.8863 18.3643
109 -86.5607 -45.4497 -45.4237 -45.4237 -10.4527 -2.9587 -2.8127 -2.8127 0.0093 0.0093 13.8103 18.5313
110 -86.5607 -45.4417 -45.4227 -45.4227 -10.4887 -2.9367 -2.8287 -2.8287 0.0203 0.0203 13.7443 18.6863
111 -86.5617 -45.4357 -45.4227 -45.4227 -10.5197 -2.9177 -2.8427 -2.8427 0.0303 0.0303 13.6873 18.8253
112 -86.5627 -45.4297 -45.4217 -45.4217 -10.5447 -2.9027 -2.8537 -2.8537 0.0393 0.0393 13.6403 18.9473
113 -86.5627 -45.4257 -45.4207 -45.4207 -10.5647 -2.8907 -2.8627 -2.8627 0.0463 0.0463 13.6033 19.0463
114 -86.5627 -45.4227 -45.4207 -45.4207 -10.5787 -2.8817 -2.8697 -2.8697 0.0503 0.0503 13.5773 19.1203
115 -86.5627 -45.4207 -45.4207 -45.4207 -10.5877 -2.8757 -2.8727 -2.8727 0.0533 0.0533 13.5613 19.1663
116 -86.5627 -45.4207 -45.4207 -45.4207 -10.5897 -2.8747 -2.8747 -2.8747 0.0543 0.0543 13.5563 19.1813
117 -86.5627 -45.4207 -45.4207 -45.4207 -10.5877 -2.8767 -2.8727 -2.8727 0.0523 0.0553 13.5613 19.1723
118 -86.5627 -45.4217 -45.4207 -45.4207 -10.5787 -2.8837 -2.8677 -2.8677 0.0433 0.0583 13.5773 19.1453
119 -86.5627 -45.4247 -45.4217 -45.4217 -10.5647 -2.8967 -2.8597 -2.8597 0.0293 0.0623 13.6033 19.1023
120 -86.5627 -45.4277 -45.4227 -45.4227 -10.5447 -2.9137 -2.8487 -2.8487 0.0093 0.0683 13.6403 19.0443
121 -86.5617 -45.4317 -45.4247 -45.4247 -10.5197 -2.9347 -2.8337 -2.8337 -0.0157 0.0763 13.6873 18.9743
122 -86.5607 -45.4357 -45.4257 -45.4257 -10.4887 -2.9607 -2.8157 -2.8157 -0.0467 0.0863 13.7443 18.8943
123 -86.5607 -45.4417 -45.4277 -45.4277 -10.4527 -2.9917 -2.7947 -2.7947 -0.0827 0.0973 13.8123 18.8083
124 -86.5597 -45.4487 -45.4307 -45.4307 -10.4117 -3.0267 -2.7707 -2.7707 -0.1237 0.1103 13.8893 18.7173
125 -86.5587 -45.4557 -45.4337 -45.4337 -10.3647 -3.0657 -2.7427 -2.7427 -0.1707 0.1253 13.9763 18.6233
126 -86.5577 -45.4647 -45.4367 -45.4367 -10.3117 -3.1087 -2.7127 -2.7127 -0.2217 0.1413 14.0733 18.5293
127 -86.5567 -45.4737 -45.4397 -45.4397 -10.2547 -3.1567 -2.6787 -2.6787 -0.2777 0.1593 14.1793 18.4353
128 -86.5557 -45.4837 -45.4437 -45.4437 -10.1917 -3.2067 -2.6417 -2.6417 -0.3377 0.1783 14.2943 18.3443
129 -86.5547 -45.4937 -45.4477 -45.4477 -10.1237 -3.2607 -2.6017 -2.6017 -0.4017 0.1993 14.4183 18.2563
130 -86.5527 -45.5057 -45.4517 -45.4517 -10.0517 -3.3187 -2.5587 -2.5587 -0.4697 0.2223 14.5503 18.1723
131 -86.5517 -45.5177 -45.4557 -45.4557 -9.9737 -3.3787 -2.5117 -2.5117 -0.5417 0.2473 14.6913 18.0923
132 -86.5507 -45.5307 -45.4607 -45.4607 -9.8917 -3.4417 -2.4627 -2.4627 -0.6167 0.2733 14.8403 18.0183
133 -86.5487 -45.5437 -45.4657 -45.4657 -9.8047 -3.5077 -2.4097 -2.4097 -0.6937 0.3003 14.9973 17.9503
134 -86.5467 -45.5577 -45.4707 -45.4707 -9.7137 -3.5757 -2.3537 -2.3537 -0.7747 0.3293 15.1613 17.8883
135 -86.5457 -45.5727 -45.4767 -45.4767 -9.6187 -3.6457 -2.2947 -2.2947 -0.8567 0.3593 15.3333 17.8333
136 -86.5437 -45.5877 -45.4817 -45.4817 -9.5197 -3.7177 -2.2327 -2.2327 -0.9417 0.3903 15.5123 17.7833
137 -86.5417 -45.6037 -45.4877 -45.4877 -9.4167 -3.7907 -2.1677 -2.1677 -1.0267 0.4233 15.6973 17.7413
138 -86.5397 -45.6197 -45.4937 -45.4937 -9.3097 -3.8667 -2.0997 -2.0997 -1.1137 0.4583 15.8893 17.7053
139 -86.5377 -45.6367 -45.5007 -45.5007 -9.1997 -3.9427 -2.0287 -2.0287 -1.2007 0.4933 16.0873 17.6763
140 -86.5357 -45.6537 -45.5067 -45.5067 -9.0877 -4.0207 -1.9547 -1.9547 -1.2877 0.5303 16.2903 17.6533
141 -86.5337 -45.6707 -45.5137 -45.5137 -8.9717 -4.0987 -1.8777 -1.8777 -1.3737 0.5683 16.5003 17.6373
142 -86.5317 -45.6887 -45.5197 -45.5197 -8.8547 -4.1777 -1.7987 -1.7987 -1.4587 0.6073 16.7143 17.6283
143 -86.5287 -45.7067 -45.5267 -45.5267 -8.7347 -4.2577 -1.7157 -1.7157 -1.5427 0.6473 16.9343 17.6243
144 -86.5267 -45.7257 -45.5337 -45.5337 -8.6137 -4.3377 -1.6307 -1.6307 -1.6237 0.6893 17.1583 17.6273
145 -86.5247 -45.7437 -45.5417 -45.5417 -8.4917 -4.4177 -1.7017 -1.5417 -1.5417 0.7313 17.3873 17.6353
146 -86.5217 -45.7627 -45.5487 -45.5487 -8.3697 -4.4987 -1.7757 -1.4507 -1.4507 0.7743 17.6203 17.6483
147 -86.5197 -45.7817 -45.5557 -45.5557 -8.2477 -4.5787 -1.8457 -1.3567 -1.3567 0.8183 17.6673 17.8573
148 -86.5177 -45.8017 -45.5637 -45.5637 -8.1267 -4.6587 -1.9107 -1.2607 -1.2607 0.8623 17.6913 18.0973
149 -86.5147 -45.8207 -45.5707 -45.5707 -8.0077 -4.7377 -1.9697 -1.1617 -1.1617 0.9083 17.7183 18.3403
150 -86.5127 -45.8407 -45.5787 -45.5787 -7.8907 -4.8167 -2.0207 -1.0607 -1.0607 0.9543 17.7503 18.5873
151 -86.5097 -45.8597 -45.5857 -45.5857 -7.7767 -4.8947 -2.0647 -0.9567 -0.9567 1.0003 17.7843 18.8063
152 -86.5077 -45.8797 -45.5937 -45.5937 -7.6667 -4.9727 -2.0997 -0.8497 -0.8497 1.0483 17.8213 18.6343
153 -86.5047 -45.8987 -45.6007 -45.6007 -7.5617 -5.0487 -2.1247 -0.7417 -0.7417 1.0953 17.8583 18.4493
154 -86.5027 -45.9177 -45.6087 -45.6087 -7.4627 -5.1247 -2.1387 -0.6307 -0.6307 1.1433 17.8963 18.2543
155 -86.5007 -45.9377 -45.6157 -45.6157 -7.3697 -5.1997 -2.1407 -0.5177 -0.5177 1.1913 17.9323 18.0483
156 -86.4977 -45.9567 -45.6237 -45.6237 -7.2847 -5.2727 -2.1307 -0.4027 -0.4027 1.2393 17.8353 17.8353
157 -86.4957 -45.9757 -45.6317 -45.6317 -7.2077 -5.3447 -2.1077 -0.2847 -0.2847 1.2883 17.6143 17.6143
158 -86.4927 -45.9937 -45.6387 -45.6387 -7.1397 -5.4157 -2.0707 -0.1657 -0.1657 1.3363 17.3873 17.3873
159 -86.4907 -46.0127 -45.6457 -45.6457 -7.0797 -5.4847 -2.0197 -0.0447 -0.0447 1.3853 17.1553 17.1553
160 -86.4877 -46.0307 -45.6527 -45.6527 -7.0297 -5.5517 -1.9547 0.0773 0.0773 1.4333 16.9193 16.9193
161 -86.4857 -46.0487 -45.6607 -45.6607 -6.9887 -5.6177 -1.8747 0.2013 0.2013 1.4813 16.6813 16.6813
162 -86.4837 -46.0667 -45.6677 -45.6677 -6.9567 -5.6827 -1.7807 0.3263 0.3263 1.5283 16.4413 16.4413
163 -86.4807 -46.0837 -45.6747 -45.6747 -6.9337 -5.7447 -1.6737 0.4523 0.4523 1.5753 16.2003 16.2003
164 -86.4787 -46.1007 -45.6807 -45.6807 -6.9187 -5.8057 -1.5547 0.5803 0.5803 1.6223 15.9593 15.9593
165 -86.4767 -46.1167 -45.6877 -45.6877 -6.9107 -5.8647 -1.4227 0.7083 0.7083 1.6683 15.7183 15.7183
166 -86.4747 -46.1327 -45.6947 -45.6947 -6.9097 -5.9217 -1.2797 0.8373 0.8373 1.7133 15.4793 15.4793
167 -86.4727 -46.1487 -45.7007 -45.7007 -6.9147 -5.9767 -1.1267 0.9663 0.9663 1.7573 15.2413 15.2413
168 -86.4707 -46.1637 -45.7067 -45.7067 -6.9247 -6.0297 -0.9657 1.0953 1.0953 1.8003 15.0073 15.0073
169 -86.4687 -46.1787 -45.7127 -45.7127 -6.9387 -6.0807 -0.7957 1.2233 1.2233 1.8423 14.7753 14.7753
170 -86.4667 -46.1927 -45.7187 -45.7187 -6.9567 -6.1297 -0.6197 1.3513 1.3513 1.8833 14.5473 14.5473
171 -86.4647 -46.2057 -45.7237 -45.7237 -6.9777 -6.1767 -0.4377 1.4793 1.4793 1.9233 14.3243 14.3243
172 -86.4637 -46.2187 -45.7297 -45.7297 -7.0007 -6.2207 -0.2517 1.6053 1.6053 1.9623 14.1063 14.1063
173 -86.4617 -46.2317 -45.7347 -45.7347 -7.0247 -6.2637 -0.0627 1.7293 1.7293 1.9993 13.8943 13.8943
174 -86.4597 -46.2427 -45.7387 -45.7387 -7.0507 -6.3037 0.1293 1.8513 1.8513 2.0343 13.6883 13.6883
175 -86.4587 -46.2547 -45.7437 -45.7437 -7.0767 -6.3407 0.3213 1.9713 1.9713 2.0683 13.4893 13.4893
176 -86.4567 -46.2647 -45.7477 -45.7477 -7.1027 -6.3767 0.5123 2.0873 2.0873 2.1003 13.2983 13.2983
177 -86.4557 -46.2747 -45.7517 -45.7517 -7.1287 -6.4097 0.7023 2.1303 2.2003 2.2003 13.1153 13.1153
178 -86.4547 -46.2837 -45.7557 -45.7557 -7.1547 -6.4407 0.8883 2.1593 2.3083 2.3083 12.9413 12.9413
179 -86.4537 -46.2917 -45.7597 -45.7597 -7.1787 -6.4687 1.0693 2.1853 2.4123 2.4123 12.7773 12.7773
180 -86.4517 -46.2997 -45.7627 -45.7627 -7.2017 -6.4947 1.2443 2.2103 2.5103 2.5103 12.6243 12.6243
181 -86.4517 -46.3067 -45.7657 -45.7657 -7.2227 -6.5177 1.4103 2.2323 2.6013 2.6013 12.4823 12.4823
182 -86.4507 -46.3127 -45.7677 -45.7677 -7.2427 -6.5397 1.5663 2.2523 2.6863 2.6863 12.3523 12.3523
183 -86.4497 -46.3187 -45.7707 -45.7707 -7.2607 -6.5577 1.7113 2.2703 2.7623 2.7623 12.2363 12.2363
184 -86.4487 -46.3237 -45.7727 -45.7727 -7.2757 -6.5737 1.8413 2.2863 2.8303 2.8303 12.1333 12.1333
185 -86.4487 -46.3277 -45.7737 -45.7737 -7.2897 -6.5877 1.9563 2.2993 2.8903 2.8903 12.0443 12.0443
186 -86.4477 -46.3307 -45.7757 -45.7757 -7.3007 -6.5987 2.0523 2.3103 2.9393 2.9393 11.9713 11.9713
187 -86.4477 -46.3337 -45.7767 -45.7767 -7.3097 -6.6077 2.1293 2.3193 2.9783 2.9783 11.9133 11.9353
188 -86.4467 -46.3357 -45.7777 -45.7777 -7.3157 -6.6137 2.1863 2.3253 3.0063 3.0063 11.8613 11.8713
189 -86.4467 -46.3367 -45.7777 -45.7777 -7.3197 -6.6177 2.2203 2.3293 3.0233 3.0233 11.8163 11.8463
190 -86.4467 -46.3367 -45.7777 -45.7777 -7.3207 -6.6187 2.2323 2.3303 3.0283 3.0283 11.8013 11.8383
191 -86.4467 -46.3367 -45.7787 -45.7777 -7.3187 -6.6167 2.1803 2.3253 3.0283 3.0813 11.6693 11.8373
192 -86.4467 -46.3357 -45.7787 -45.7777 -7.3117 -6.6107 2.0513 2.3113 3.0293 3.2123 11.5213 11.8353
193 -86.4467 -46.3347 -45.7807 -45.7787 -7.3007 -6.6017 1.8863 2.2883 3.0293 3.3813 11.3743 11.8323
194 -86.4467 -46.3327 -45.7827 -45.7787 -7.2847 -6.5877 1.7043 2.2553 3.0293 3.5693 11.2303 11.8273
195 -86.4467 -46.3307 -45.7847 -45.7787 -7.2647 -6.5697 1.5143 2.2133 3.0293 3.7663 11.0893 11.8213
196 -86.4467 -46.3287 -45.7877 -45.7787 -7.2407 -6.5477 1.3203 2.1623 3.0293 3.9693 10.9523 11.8143
197 -86.4467 -46.3257 -45.7907 -45.7797 -7.2117 -6.5227 1.1243 2.1033 3.0293 4.1743 10.8193 11.8043
198 -86.4467 -46.3217 -45.7947 -45.7797 -7.1787 -6.4927 0.9283 2.0353 3.0293 4.3823 10.6903 11.7933
199 -86.4467 -46.3177 -45.7987 -45.7797 -7.1417 -6.4597 0.7313 1.9593 3.0293 4.5913 10.5673 11.7803
200 -86.4467 -46.3127 -45.8037 -45.7797 -7.1007 -6.4217 0.5363 1.8763 3.0303 4.8013 10.4493 11.7653
201 -86.4467 -46.3077 -45.8087 -45.7807 -7.0557 -6.3807 0.3413 1.7853 3.0303 5.0123 10.3373 11.7483
202 -86.4467 -46.3027 -45.8147 -45.7807 -7.0067 -6.3357 0.1473 1.6883 3.0303 5.2223 10.2303 11.7293
203 -86.4467 -46.2967 -45.8207 -45.7817 -6.9547 -6.2867 -0.0447 1.5843 3.0303 5.4323 10.1293 11.7063
204 -86.4467 -46.2907 -45.8277 -45.7817 -6.8987 -6.2337 -0.2357 1.4743 3.0313 5.6423 10.0343 11.6813
205 -86.4467 -46.2837 -45.8347 -45.7827 -6.8397 -6.1777 -0.4247 1.3603 3.0313 5.8513 9.9463 11.6533
206 -86.4467 -46.2767 -45.8427 -45.7827 -6.7777 -6.1177 -0.6127 1.2413 3.0313 6.0593 9.8633 11.6223
207 -86.4467 -46.2697 -45.8497 -45.7827 -6.7127 -6.0527 -0.7977 1.1183 3.0313 6.2663 9.7853 11.5873
208 -86.4467 -46.2617 -45.8587 -45.7837 -6.6447 -5.9847 -0.9817 0.9923 3.0323 6.4733 9.7143 11.5493
209 -86.4467 -46.2537 -45.8667 -45.7837 -6.5757 -5.9137 -1.1637 0.8643 3.0323 6.6773 9.6473 11.5073
210 -86.4467 -46.2447 -45.8757 -45.7847 -6.5037 -5.8387 -1.3437 0.7353 3.0323 6.8803 9.5863 11.4603
211 -86.4467 -46.2357 -45.8847 -45.7847 -6.4307 -5.7597 -1.5217 0.6043 3.0333 7.0813 9.5303 11.4093
212 -86.4467 -46.2267 -45.8947 -45.7857 -6.3567 -5.6767 -1.6967 0.4743 3.0333 7.2803 9.4793 11.3543
213 -86.4467 -46.2177 -45.9047 -45.7857 -6.2817 -5.5907 -1.8697 0.3463 3.0333 7.4773 9.4323 11.2933
214 -86.4467 -46.2077 -45.9147 -45.7867 -6.2077 -5.5007 -2.0407 0.2193 3.0333 7.6713 9.3903 11.2283
215 -86.4467 -46.1977 -45.9247 -45.7867 -6.1327 -5.4077 -2.2097 0.0953 3.0343 7.8633 9.3513 11.1583
216 -86.4467 -46.1877 -45.9357 -45.7867 -6.0607 -5.3107 -2.3757 -0.0247 3.0343 8.0523 9.3173 11.0823
217 -86.4467 -46.1767 -45.9467 -45.7877 -5.9897 -5.2107 -2.5397 -0.1397 3.0343 8.2373 9.2863 11.0003
218 -86.4467 -46.1657 -45.9577 -45.7877 -5.9217 -5.1077 -2.7007 -0.2487 3.0343 8.4193 9.2593 10.9143
219 -86.4467 -46.1547 -45.9687 -45.7887 -5.8577 -5.0007 -2.8587 -0.3497 3.0343 8.5983 9.2353 10.8213
220 -86.4467 -46.1437 -45.9807 -45.7887 -5.7977 -4.8897 -3.0147 -0.4427 3.0353 8.7733 9.2153 10.7233
221 -86.4467 -46.1327 -45.9917 -45.7887 -5.7427 -4.7767 -3.1677 -0.5267 3.0353 8.9443 9.1973 10.6193
222 -86.4467 -46.1217 -46.0037 -45.7887 -5.6947 -4.6587 -3.3177 -0.5997 3.0353 9.1113 9.1833 10.5093
223 -86.4467 -46.1097 -46.0157 -45.7897 -5.6547 -4.5387 -3.4657 -0.6607 3.0353 9.1713 9.2743 10.3943
224 -86.4467 -46.0977 -46.0267 -45.7897 -5.6217 -4.4157 -3.6097 -0.7097 3.0353 9.1623 9.4313 10.2723
225 -86.4467 -46.0857 -46.0387 -45.7897 -5.5977 -4.2887 -3.7517 -0.7457 3.0353 9.1553 9.5843 10.1463
226 -86.4467 -46.0747 -46.0507 -45.7897 -5.5837 -4.1587 -3.8907 -0.7667 3.0363 9.1523 9.7333 10.0133
227 -86.4467 -46.0627 -46.0627 -45.7897 -5.5787 -4.0267 -4.0267 -0.7737 3.0363 9.1513 9.8763 9.8763
228 -86.4467 -46.0707 -46.0547 -45.7887 -5.5797 -4.1157 -3.9367 -0.7707 3.0333 9.1293 9.7853 9.9873
229 -86.4467 -46.0777 -46.0477 -45.7887 -5.5837 -4.2047 -3.8457 -0.7587 3.0253 9.0753 9.7003 10.1253
230 -86.4467 -46.0847 -46.0407 -45.7877 -5.5907 -4.2937 -3.7537 -0.7407 3.0123 9.0003 9.6193 10.2763
231 -86.4467 -46.0927 -46.0337 -45.7857 -5.6017 -4.3807 -3.6607 -0.7157 2.9943 8.9143 9.5433 10.4343
232 -86.4467 -46.0997 -46.0277 -45.7837 -5.6147 -4.4657 -3.5677 -0.6847 2.9703 8.8183 9.4723 10.5953
233 -86.4477 -46.1057 -46.0227 -45.7807 -5.6317 -4.5477 -3.4727 -0.6477 2.9423 8.7173 9.4053 10.7553
234 -86.4477 -46.1127 -46.0177 -45.7777 -5.6527 -4.6247 -3.3777 -0.6057 2.9103 8.6123 9.3433 10.9133
235 -86.4477 -46.1187 -46.0127 -45.7747 -5.6767 -4.6987 -3.2827 -0.5597 2.8733 8.5033 9.2863 11.0683
236 -86.4477 -46.1247 -46.0087 -45.7707 -5.7047 -4.7667 -3.1877 -0.5107 2.8313 8.3933 9.2333 11.2193
237 -86.4477 -46.1307 -46.0057 -45.7667 -5.7357 -4.8297 -3.0927 -0.4577 2.7873 8.2823 9.1843 11.3653
238 -86.4477 -46.1357 -46.0027 -45.7617 -5.7707 -4.8867 -2.9987 -0.4027 2.7393 8.1713 9.1403 11.5053
239 -86.4477 -46.1407 -45.9997 -45.7567 -5.8077 -4.9377 -2.9067 -0.3457 2.6893 8.0603 9.0993 11.6373
240 -86.4477 -46.1457 -45.9977 -45.7517 -5.8477 -4.9827 -2.8147 -0.2867 2.6363 7.9513 9.0623 11.7623
241 -86.4487 -46.1507 -45.9957 -45.7477 -5.8887 -5.0227 -2.7247 -0.2277 2.5813 7.8443 9.0293 11.8793
242 -86.4487 -46.1547 -45.9947 -45.7427 -5.9317 -5.0577 -2.6377 -0.1697 2.5263 7.7413 8.9993 11.9873
243 -86.4487 -46.1587 -45.9937 -45.7377 -5.9737 -5.0887 -2.5537 -0.1107 2.4703 7.6403 8.9733 12.0873
244 -86.4487 -46.1627 -45.9927 -45.7327 -6.0147 -5.1147 -2.4717 -0.0547 2.4143 7.5453 8.9493 12.1773
245 -86.4487 -46.1657 -45.9917 -45.7287 -6.0547 -5.1377 -2.3947 0.000299999999999 2.3593 7.4553 8.9283 12.2583
246 -86.4487 -46.1687 -45.9907 -45.7247 -6.0927 -5.1577 -2.3217 0.0523 2.3073 7.3703 8.9093 12.3313
247 -86.4487 -46.1717 -45.9907 -45.7207 -6.1277 -5.1737 -2.2547 0.1013 2.2563 7.2923 8.8933 12.3943
248 -86.4487 -46.1737 -45.9897 -45.7167 -6.1607 -5.1887 -2.1927 0.1463 2.2103 7.2223 8.8803 12.4493
249 -86.4497 -46.1767 -45.9897 -45.7137 -6.1887 -5.2007 -2.1367 0.1863 2.1673 7.1593 8.8683 12.4963
250 -86.4497 -46.1777 -45.9897 -45.7107 -6.2137 -5.2097 -2.0887 0.2213 2.1303 7.1053 8.8583 12.5353
251 -86.4497 -46.1797 -45.9897 -45.7087 -6.2337 -5.2177 -2.0487 0.2513 2.0983 7.0603 8.8513 12.5673
252 -86.4497 -46.1807 -45.9897 -45.7067 -6.2507 -5.2237 -2.0167 0.2743 2.0723 7.0243 8.8453 12.5913
253 -86.4497 -46.1817 -45.9897 -45.7057 -6.2617 -5.2277 -1.9927 0.2913 2.0533 6.9983 8.8413 12.6083
254 -86.4497 -46.1817 -45.9897 -45.7047 -6.2687 -5.2307 -1.9787 0.3013 2.0423 6.9833 8.8383 12.6183
255 -86.4497 -46.1817 -45.9897 -45.7047 -6.2717 -5.2317 -1.9737 0.3053 2.0383 6.9783 8.8373 12.6213
