1 -4.600733 9.140947 9.140947 10.362807
2 -4.6055530000000005 9.138476999999998 9.145077 10.365016999999998
3 -4.619953000000001 9.131117 9.157407 10.371576999999998
4 -4.6437729999999995 9.119047 9.177776999999999 10.382327
5 -4.676743 9.102557 9.205917 10.396967
6 -4.718503 9.081987 9.241487 10.415177
7 -4.768613 9.057757 9.284037000000001 10.436537000000001
8 -4.826543 9.030267 9.333057 10.460667
9 -4.891723 8.999937 9.387986999999999 10.487147
10 -4.963513 8.967167 9.448207 10.515607
11 -5.041263 8.932326999999999 9.513077 10.545677000000001
12 -5.124293 8.895767 9.581937 10.577037
13 -5.211903 8.857787 9.654136999999999 10.609407000000001
14 -5.303423 8.818677 9.729016999999999 10.642506999999998
15 -5.398163 8.778677 9.805947 10.676137
16 -5.4954730000000005 8.738017 9.884307 10.710066999999999
17 -5.594733 8.696907 9.963527 10.744136999999998
18 -5.695333 8.655517 10.043057000000001 10.778186999999999
19 -5.796723 8.614027 10.122406999999999 10.812076999999999
20 -5.898373 8.572587 10.201117 10.845687000000002
21 -5.999793 8.531317 10.278787000000001 10.878906999999998
22 -6.100543 8.490357 10.355027 10.911646999999999
23 -6.200213 8.449817 10.429537 10.943817
24 -6.298413 8.409817 10.502016999999999 10.975347
25 -6.394833 8.370436999999999 10.572237000000001 11.006167000000001
26 -6.489153 8.331787 10.640007 11.036207000000001
27 -6.581123 8.293937 10.705157 11.065437
28 -6.670503 8.256977 10.767557 11.093786999999999
29 -6.757083 8.220987 10.827107000000002 11.121217000000001
30 -6.840673 8.186037 10.883757 11.147687000000001
31 -6.921133 8.152187 10.937446999999999 11.173176999999999
32 -6.998323 8.119507 10.988157000000001 11.197637
33 -7.072113 8.088057 11.035896999999999 11.221046999999999
34 -7.142423 8.057897 11.080677000000001 11.243376999999999
35 -7.209173 8.029067 11.122527000000002 11.264617000000001
36 -7.272283 8.001627 11.161497 11.284727
37 -7.331713000000001 7.975617 11.197637 11.303697
38 -7.387403 7.951086999999999 11.231006999999998 11.321507
39 -7.439323 7.928077 11.261667 11.338147
40 -7.487443 7.906617000000001 11.289687 11.353607
41 -7.531753 7.886756999999999 11.315147 11.367867
42 -7.572223 7.868506999999999 11.338107 11.380917
43 -7.608863 7.851907000000001 11.358647000000001 11.392747
44 -7.641643 7.836987000000001 11.376816999999999 11.403357
45 -7.6705630000000005 7.823777 11.392696999999998 11.412737
46 -7.695633 7.812277 11.406327000000001 11.420877
47 -7.716843 7.802517 11.417777000000001 11.427767
48 -7.734203 7.794506999999999 11.427077 11.433416999999999
49 -7.747693 7.788276999999999 11.434266999999998 11.437807
50 -7.757333 7.7838069999999995 11.439387 11.440947000000001
51 -7.763113000000001 7.781127 11.442447000000001 11.442837
52 -7.765043 7.780237 11.443466999999998 11.443466999999998
53 -7.771323 7.787247000000001 11.443877 11.443877
54 -7.790093000000001 7.8082069999999995 11.445107 11.445107
55 -7.821103 7.842827 11.447147000000001 11.447147000000001
56 -7.863973 7.8906670000000005 11.449997 11.449997
57 -7.918173 7.951107 11.453657 11.453657
58 -7.983073 8.023417 11.458106999999998 11.458106999999998
59 -8.057903 8.106707 11.463346999999999 11.463346999999999
60 -8.141883 8.200057 11.469356999999999 11.469356999999999
61 -8.234113 8.302407 11.476126999999998 11.476126999999998
62 -8.333713 8.412717 11.483647000000001 11.483647000000001
63 -8.439753 8.529887 11.491886999999998 11.491886999999998
64 -8.551303 8.652817 11.500837 11.500837
65 -8.667513 8.780457 11.510477000000002 11.510477000000002
66 -8.787493 8.911747 11.520776999999999 11.520776999999999
67 -8.910433000000001 9.045717 11.531717 11.531717
68 -9.035563 9.181407 11.543267 11.543267
69 -9.162173 9.317957 11.555416999999998 11.555416999999998
70 -9.289593 9.454547000000002 11.568127 11.568127
71 -9.417213 9.590426999999998 11.581357 11.581357
72 -9.544513 9.724957 11.595096999999999 11.595096999999999
73 -9.670973 9.857496999999999 11.609297000000002 11.609297000000002
74 -9.796193 9.987556999999999 11.623937000000002 11.623937000000002
75 -9.919753 10.114636999999998 11.638967000000001 11.638967000000001
76 -10.041343000000001 10.238387 11.654377 11.654377
77 -10.160663 10.358436999999999 11.670107000000002 11.670107000000002
78 -10.277463000000001 10.474497 11.686117 11.686126999999999
79 -10.391533 10.586386999999998 11.702397000000001 11.702397000000001
80 -10.502693 10.693897 11.718876999999999 11.718876999999999
81 -10.610813 10.796917 11.735547 11.735547
82 -10.715762999999999 10.895347000000001 11.752337 11.752337
83 -10.817453 10.989166999999998 11.769237 11.769237
84 -10.915823 11.078337000000001 11.786176999999999 11.786176999999999
85 -11.010793 11.162866999999999 11.803137 11.803137
86 -11.102373 11.242826999999998 11.820066999999998 11.820066999999998
87 -11.190503 11.318266999999999 11.836936999999999 11.836936999999999
88 -11.275213 11.389277 11.853687 11.853687
89 -11.356483 11.455967000000001 11.870297 11.870297
90 -11.434333 11.518446999999998 11.886707000000001 11.886707000000001
91 -11.508793 11.576857 11.902897 11.902897
92 -11.579882999999999 11.631326999999999 11.918807000000001 11.918807000000001
93 -11.647632999999999 11.682016999999998 11.934417 11.934417
94 -11.712083 11.729067 11.949667000000002 11.949667000000002
95 -11.773283 11.772647 11.964547 11.964547
96 -11.831273 11.812907 11.978997 11.978997
97 -11.886073 11.850007000000002 11.992987 11.992996999999999
98 -11.937753 11.884117 12.006497 12.006497
99 -11.986343 11.915377 12.019476999999998 12.019476999999998
100 -12.031893 11.943957000000001 12.031897 12.031897
101 -12.074443 11.969987 12.043727 12.043727
102 -12.114033 11.993617 12.054936999999999 12.054936999999999
103 -12.150713 12.014987000000001 12.065507 12.065507
104 -12.184512999999999 12.034227000000001 12.075406999999998 12.075406999999998
105 -12.215463 12.051447 12.084596999999999 12.084596999999999
106 -12.243603 12.066787000000001 12.093077000000001 12.093077000000001
107 -12.268972999999999 12.080327 12.100817 12.100817
108 -12.291592999999999 12.092177 12.107786999999998 12.107786999999998
109 -12.311482999999999 12.102416999999999 12.113987000000002 12.113987000000002
110 -12.328683 12.111137 12.119387 12.119387
111 -12.343193 12.118407000000001 12.123987 12.123987
112 -12.355043 12.124267 12.127756999999999 12.127756999999999
113 -12.364243 12.128777 12.130707000000001 12.130707000000001
114 -12.370813 12.131967 12.132817 12.132817
115 -12.374753 12.133866999999999 12.134087000000001 12.134087000000001
116 -12.376063 12.134507 12.134507 12.134507
117 -12.374753 12.133676999999999 12.133676999999999 12.134687
118 -12.370823000000001 12.131197 12.131197 12.135207000000001
119 -12.364283 12.127077 12.127077 12.136077
120 -12.355113 12.121317000000001 12.121317000000001 12.137267000000001
121 -12.343303 12.113927 12.113927 12.138756999999998
122 -12.328842999999999 12.104937 12.104937 12.140517
123 -12.311723 12.094337 12.094337 12.142496999999999
124 -12.291933 12.082177000000001 12.082177000000001 12.144656999999999
125 -12.269442999999999 12.068466999999998 12.068466999999998 12.146937000000001
126 -12.244243 12.053237 12.053237 12.149287000000001
127 -12.216293 12.036517 12.036517 12.151627000000001
128 -12.185583000000001 12.018346999999999 12.018346999999999 12.153887000000001
129 -12.152073000000001 11.998747000000002 11.998747000000002 12.155977
130 -12.115723 11.977777 11.977777 12.157817000000001
131 -12.076513 11.955457 11.955457 12.159296999999999
132 -12.034393000000001 11.931847000000001 11.931847000000001 12.160326999999999
133 -11.989333 11.906987 11.906987 12.160777
134 -11.941272999999999 11.880927 11.880927 12.160526999999998
135 -11.890183 11.853717 11.853717 12.159457
136 -11.835993 11.825417000000002 11.825417000000002 12.157426999999998
137 -11.778653 11.796067 11.796067 12.154287
138 -11.718112999999999 11.765737000000001 11.765737000000001 12.149897
139 -11.654303 11.734487000000001 11.734487000000001 12.144096999999999
140 -11.587173 11.702366999999999 11.702366999999999 12.136717
141 -11.516633 11.669446999999998 11.669446999999998 12.127586999999998
142 -11.442633 11.635787 11.635787 12.116527000000001
143 -11.365083 11.601447 11.601447 12.103356999999999
144 -11.283923 11.566486999999999 11.566496999999998 12.087876999999999
145 -11.199062999999999 11.530997 11.530997 12.069887000000001
146 -11.110423 11.495017 11.495017 12.049197
147 -11.017923 11.458627 11.458627 12.025597000000001
148 -10.921472999999999 11.421886999999998 11.421886999999998 11.998877
149 -10.821003000000001 11.384877 11.384877 11.968817000000001
150 -10.716413 11.347656999999998 11.347656999999998 11.935196999999999
151 -10.607633 11.310296999999998 11.310296999999998 11.897817
152 -10.494572999999999 11.272856999999998 11.272856999999998 11.856437
153 -10.377143 11.235416999999998 11.235416999999998 11.810866999999998
154 -10.255303 11.198037 11.198037 11.760887
155 -10.128953 11.160787 11.160787 11.706277
156 -9.998043 11.123736999999998 11.123736999999998 11.646847000000001
157 -9.862532999999999 11.086946999999999 11.086946999999999 11.582417
158 -9.722383 11.050477 11.050477 11.512806999999999
159 -9.577543 11.014406999999999 11.014406999999999 11.437857000000001
160 -9.428043 10.978787 10.978787 11.357416999999998
161 -9.273883 10.943677000000001 10.943677000000001 11.271377000000001
162 -9.115123 10.909157 10.909157 11.179647
163 -8.951803 10.875257000000001 10.875257000000001 11.082166999999998
164 -8.784053 10.842057 10.842067 10.978917
165 -8.612033 10.809617 10.809617 10.869937
166 -8.435913 10.755267 10.777977 10.777977
167 -8.255933 10.635067 10.747197 10.747197
168 -8.072413000000001 10.509507 10.717327000000001 10.717327000000001
169 -7.885743 10.378867 10.688417000000001 10.688417000000001
170 -7.6963230000000005 10.243486999999998 10.660526999999998 10.660526999999998
171 -7.504703 10.103787 10.633686999999998 10.633686999999998
172 -7.311503 9.960317 10.607947 10.607947
173 -7.1174230000000005 9.813676999999998 10.583347 10.583347
174 -6.923293 9.664627 10.559937000000001 10.559937000000001
175 -6.730053 9.514026999999999 10.537747 10.537747
176 -6.538743 9.362877000000001 10.516817 10.516817
177 -6.350543 9.212267 10.497177 10.497177
178 -6.166733 9.063437 10.478867000000001 10.478867000000001
179 -5.988733 8.917777 10.461907 10.461907
180 -5.818073 8.776757 10.446337 10.446337
181 -5.656363 8.641947 10.432167 10.432167
182 -5.505283 8.515007 10.419426999999999 10.419426999999999
183 -5.366583 8.397657 10.408137 10.408137
184 -5.241963 8.291587 10.398316999999999 10.398316999999999
185 -5.133103 8.198447 10.389976999999998 10.389976999999998
186 -5.041583 8.119807 10.383137000000001 10.383137000000001
187 -4.968803 8.057057 10.377807 10.377807
188 -4.915923 8.011347 10.373997 10.373997
189 -4.8838230000000005 7.983556999999999 10.371707 10.371707
190 -4.873063 7.974226999999999 10.370937000000001 10.370937000000001
191 -4.872573 7.9752469999999995 10.369807000000002 10.370926999999998
192 -4.871113 7.978327 10.366387 10.370887
193 -4.868693 7.983437 10.360707000000001 10.370816999999999
194 -4.865313 7.990587 10.352777 10.370716999999999
195 -4.861023 7.999757000000001 10.342607000000001 10.370587
196 -4.855843 8.010937 10.330217000000001 10.370436999999999
197 -4.849803 8.024106999999999 10.315627 10.370256999999999
198 -4.842953 8.039257 10.298887 10.370057
199 -4.835333 8.056347 10.280017 10.369827
200 -4.827013 8.075367 10.259066999999998 10.369587
201 -4.818043 8.096277 10.236066999999998 10.369316999999999
202 -4.808493 8.119047 10.211067 10.369036999999999
203 -4.798423 8.143637 10.184127 10.368737
204 -4.787903 8.170027 10.155297000000001 10.368427
205 -4.777023 8.198157 10.124637 10.368106999999998
206 -4.765843 8.227987 10.092206999999998 10.367777
207 -4.754463 8.259466999999999 10.058077 10.367436999999999
208 -4.742953 8.292557 10.022307000000001 10.367087000000001
209 -4.731393000000001 8.327197 9.984977 10.366747
210 -4.719873 8.363337 9.946166999999999 10.366397
211 -4.708473 8.400917 9.905947000000001 10.366057000000001
212 -4.697273 8.439867 9.864397 10.365727
213 -4.686363 8.480137 9.821597 10.365397000000002
214 -4.675813 8.521647 9.777636999999999 10.365077
215 -4.665703000000001 8.564347 9.732596999999998 10.364777
216 -4.656103 8.608147 9.686567 10.364487
217 -4.647093 8.652997 9.639637 10.364217
218 -4.638723000000001 8.698796999999999 9.591897 10.363957
219 -4.631063 8.745487 9.543437 10.363727
220 -4.624173000000001 8.792977 9.494347000000001 10.363516999999998
221 -4.618093 8.841187 9.444727 10.363337000000001
222 -4.6128730000000004 8.890047 9.394656999999999 10.363177
223 -4.608543 8.939467 9.344237 10.363046999999998
224 -4.605143 8.989347 9.293567 10.362936999999999
225 -4.602703 9.039617 9.242736999999998 10.362867000000001
226 -4.601233000000001 9.090177 9.191827 10.362817
227 -4.600733 9.140947 9.140947 10.362807
228 -4.602883 9.107787 9.174767 10.363747
229 -4.6090230000000005 9.075486999999999 9.208677000000002 10.366627000000001
230 -4.618743 9.044097 9.242176999999998 10.371537
231 -4.631603 9.013657 9.274797 10.378506999999999
232 -4.647183 8.984177 9.306127 10.387557000000001
233 -4.665073 8.955707 9.335816999999999 10.398657
234 -4.684873 8.928277 9.363596999999999 10.411726999999999
235 -4.706203 8.901917 9.389277 10.426646999999999
236 -4.728703 8.876637 9.412727 10.443237
237 -4.752003 8.852487 9.433917000000001 10.461257
238 -4.775803 8.829487 9.452846999999998 10.480457000000001
239 -4.799783 8.807667 9.469607 10.500526999999998
240 -4.823653 8.787037 9.484307000000001 10.521156999999999
241 -4.8471530000000005 8.767637 9.497097 10.542037
242 -4.870043000000001 8.749477 9.508137000000001 10.562836999999998
243 -4.892083 8.732577 9.517596999999999 10.583276999999999
244 -4.913083 8.716957 9.525647 10.603047
245 -4.932853 8.702637 9.532447000000001 10.621917
246 -4.951223000000001 8.689637 9.538146999999999 10.639627
247 -4.968053 8.677967 9.542897 10.655997
248 -4.983193 8.667627 9.546797000000002 10.670827
249 -4.996543 8.658647 9.549976999999998 10.683966999999999
250 -5.008003 8.651037 9.552516999999998 10.695297
251 -5.017493 8.644797 9.554486999999998 10.704706999999999
252 -5.024943 8.639937 9.555966999999999 10.712107
253 -5.030303 8.636467 9.556987 10.717437
254 -5.033523000000001 8.634377 9.557587000000002 10.720657
255 -5.034603000000001 8.633677 9.557777000000002 10.721727000000001
