1 -26.7186 -3.8076 -3.8076 -3.6306 15.7894 16.6614 16.6614 20.1614
2 -26.7186 -3.8076 -3.8066 -3.6306 15.7774 16.6554 16.6754 20.1674
3 -26.7186 -3.8096 -3.8056 -3.6296 15.7434 16.6404 16.7174 20.1884
4 -26.7186 -3.8116 -3.8046 -3.6276 15.6934 16.6154 16.7814 20.2214
5 -26.7196 -3.8146 -3.8026 -3.6256 15.6314 16.5814 16.8614 20.2674
6 -26.7196 -3.8186 -3.7996 -3.6226 15.5624 16.5384 16.9544 20.3244
7 -26.7196 -3.8236 -3.7966 -3.6186 15.4884 16.4874 17.0564 20.3924
8 -26.7196 -3.8286 -3.7926 -3.6146 15.4134 16.4304 17.1664 20.4704
9 -26.7206 -3.8346 -3.7886 -3.6106 15.3364 16.3674 17.2814 20.5584
10 -26.7206 -3.8406 -3.7836 -3.6056 15.2604 16.3004 17.4024 20.6534
11 -26.7206 -3.8466 -3.7776 -3.6016 15.1844 16.2284 17.5284 20.7554
12 -26.7216 -3.8536 -3.7716 -3.5966 15.1094 16.1524 17.6584 20.8644
13 -26.7216 -3.8606 -3.7656 -3.5916 15.0354 16.0744 17.7914 20.9784
14 -26.7226 -3.8686 -3.7586 -3.5866 14.9634 15.9944 17.9294 21.0984
15 -26.7226 -3.8756 -3.7516 -3.5816 14.8924 15.9124 18.0704 21.2214
16 -26.7236 -3.8836 -3.7436 -3.5766 14.8244 15.8304 18.2144 21.3484
17 -26.7236 -3.8906 -3.7356 -3.5716 14.7574 15.7464 18.3614 21.4794
18 -26.7246 -3.8986 -3.7266 -3.5666 14.6924 15.6634 18.5124 21.6124
19 -26.7256 -3.9066 -3.7176 -3.5616 14.6294 15.5804 18.6664 21.7474
20 -26.7256 -3.9146 -3.7086 -3.5566 14.5684 15.4974 18.8234 21.8834
21 -26.7266 -3.9226 -3.6996 -3.5516 14.5094 15.4144 18.9834 22.0214
22 -26.7276 -3.9296 -3.6906 -3.5476 14.4514 15.3334 19.1464 22.1604
23 -26.7286 -3.9376 -3.6806 -3.5426 14.3964 15.2534 19.3124 22.2984
24 -26.7286 -3.9456 -3.6706 -3.5386 14.3434 15.1744 19.4814 22.4374
25 -26.7296 -3.9526 -3.6606 -3.5346 14.2924 15.0974 19.6524 22.5754
26 -26.7306 -3.9606 -3.6506 -3.5296 14.2424 15.0214 19.8274 22.7114
27 -26.7306 -3.9676 -3.6406 -3.5266 14.1954 14.9484 20.0054 22.8464
28 -26.7316 -3.9746 -3.6306 -3.5226 14.1504 14.8764 20.1854 22.9784
29 -26.7326 -3.9816 -3.6196 -3.5186 14.1074 14.8064 20.3684 23.1074
30 -26.7336 -3.9876 -3.6096 -3.5156 14.0654 14.7394 20.5544 23.2334
31 -26.7336 -3.9946 -3.5996 -3.5116 14.0264 14.6744 20.7424 23.3554
32 -26.7346 -4.0006 -3.5906 -3.5086 13.9884 14.6114 20.9334 23.4724
33 -26.7356 -4.0066 -3.5806 -3.5056 13.9534 14.5514 21.1264 23.5844
34 -26.7356 -4.0126 -3.5716 -3.5026 13.9194 14.4944 21.3224 23.6904
35 -26.7366 -4.0186 -3.5626 -3.4996 13.8874 14.4394 21.5204 23.7894
36 -26.7376 -4.0236 -3.5536 -3.4976 13.8574 14.3874 21.7204 23.8824
37 -26.7376 -4.0286 -3.5446 -3.4946 13.8294 14.3374 21.9224 23.9684
38 -26.7386 -4.0336 -3.5366 -3.4926 13.8034 14.2914 22.1264 24.0474
39 -26.7386 -4.0386 -3.5296 -3.4906 13.7794 14.2474 22.3314 24.1184
40 -26.7396 -4.0426 -3.5216 -3.4886 13.7564 14.2074 22.5384 24.1834
41 -26.7396 -4.0466 -3.5156 -3.4866 13.7354 14.1704 22.7454 24.2404
42 -26.7406 -4.0496 -3.5086 -3.4856 13.7174 14.1354 22.9524 24.2904
43 -26.7406 -4.0526 -3.5036 -3.4836 13.7004 14.1044 23.1584 24.3344
44 -26.7416 -4.0556 -3.4976 -3.4826 13.6844 14.0764 23.3624 24.3724
45 -26.7416 -4.0586 -3.4936 -3.4816 13.6714 14.0514 23.5634 24.4044
46 -26.7416 -4.0606 -3.4896 -3.4806 13.6594 14.0304 23.7584 24.4304
47 -26.7416 -4.0626 -3.4856 -3.4796 13.6504 14.0114 23.9444 24.4524
48 -26.7426 -4.0646 -3.4826 -3.4786 13.6424 13.9964 24.1174 24.4704
49 -26.7426 -4.0656 -3.4806 -3.4786 13.6354 13.9854 24.2694 24.4834
50 -26.7426 -4.0666 -3.4796 -3.4786 13.6314 13.9764 24.3914 24.4924
51 -26.7426 -4.0676 -3.4786 -3.4776 13.6284 13.9714 24.4714 24.4984
52 -26.7426 -4.0676 -3.4776 -3.4776 13.6274 13.9704 24.4994 24.4994
53 -26.7426 -4.0666 -3.4776 -3.4776 13.5694 14.0304 24.5004 24.5004
54 -26.7426 -4.0656 -3.4776 -3.4776 13.4494 14.1554 24.5034 24.5034
55 -26.7426 -4.0636 -3.4776 -3.4776 13.3124 14.2994 24.5074 24.5074
56 -26.7436 -4.0616 -3.4776 -3.4776 13.1714 14.4524 24.5144 24.5144
57 -26.7436 -4.0586 -3.4766 -3.4766 13.0284 14.6094 24.5224 24.5224
58 -26.7446 -4.0546 -3.4766 -3.4766 12.8864 14.7684 24.5324 24.5324
59 -26.7446 -4.0496 -3.4756 -3.4756 12.7444 14.9314 24.5434 24.5434
60 -26.7456 -4.0446 -3.4756 -3.4756 12.6044 15.0954 24.5564 24.5564
61 -26.7466 -4.0386 -3.4746 -3.4746 12.4654 15.2624 24.5714 24.5714
62 -26.7466 -4.0316 -3.4736 -3.4736 12.3274 15.4304 24.5884 24.5884
63 -26.7476 -4.0246 -3.4736 -3.4736 12.1914 15.6004 24.6064 24.6064
64 -26.7486 -4.0166 -3.4726 -3.4726 12.0564 15.7724 24.6264 24.6264
65 -26.7496 -4.0076 -3.4716 -3.4716 11.9234 15.9464 24.6474 24.6474
66 -26.7506 -3.9986 -3.4706 -3.4706 11.7914 16.1214 24.6704 24.6704
67 -26.7526 -3.9896 -3.4696 -3.4696 11.6624 16.2984 24.6944 24.6944
68 -26.7536 -3.9786 -3.4676 -3.4676 11.5334 16.4764 24.7204 24.7204
69 -26.7546 -3.9676 -3.4666 -3.4666 11.4074 16.6574 24.7464 24.7464
70 -26.7566 -3.9566 -3.4656 -3.4656 11.2834 16.8394 24.7754 24.7754
71 -26.7576 -3.9446 -3.4646 -3.4646 11.1604 17.0224 24.8044 24.8044
72 -26.7596 -3.9326 -3.4626 -3.4626 11.0394 17.2074 24.8344 24.8344
73 -26.7606 -3.9196 -3.4616 -3.4616 10.9204 17.3944 24.8654 24.8654
74 -26.7626 -3.9056 -3.4596 -3.4596 10.8034 17.5834 24.8984 24.8984
75 -26.7636 -3.8926 -3.4586 -3.4586 10.6884 17.7734 24.9314 24.9314
76 -26.7656 -3.8786 -3.4566 -3.4566 10.5744 17.9654 24.9644 24.9644
77 -26.7676 -3.8636 -3.4556 -3.4556 10.4634 18.1584 24.9994 24.9994
78 -26.7686 -3.8486 -3.4536 -3.4536 10.3544 18.3534 25.0334 25.0334
79 -26.7706 -3.8336 -3.4526 -3.4526 10.2474 18.5504 25.0694 25.0694
80 -26.7726 -3.8186 -3.4506 -3.4506 10.1424 18.7484 25.1044 25.1044
81 -26.7746 -3.8026 -3.4486 -3.4486 10.0394 18.9484 25.1404 25.1404
82 -26.7766 -3.7876 -3.4476 -3.4476 9.9394 19.1494 25.1754 25.1754
83 -26.7776 -3.7716 -3.4456 -3.4456 9.8404 19.3524 25.2114 25.2114
84 -26.7796 -3.7556 -3.4436 -3.4436 9.7444 19.5574 25.2464 25.2464
85 -26.7816 -3.7396 -3.4426 -3.4426 9.6514 19.7634 25.2814 25.2814
86 -26.7836 -3.7226 -3.4406 -3.4406 9.5594 19.9704 25.3164 25.3164
87 -26.7856 -3.7066 -3.4386 -3.4386 9.4704 20.1794 25.3504 25.3504
88 -26.7866 -3.6906 -3.4376 -3.4376 9.3844 20.3894 25.3834 25.3834
89 -26.7886 -3.6746 -3.4356 -3.4356 9.3004 20.6014 25.4154 25.4154
90 -26.7906 -3.6586 -3.4336 -3.4336 9.2184 20.8144 25.4474 25.4474
91 -26.7926 -3.6426 -3.4326 -3.4326 9.1404 21.0294 25.4784 25.4784
92 -26.7936 -3.6276 -3.4306 -3.4306 9.0634 21.2444 25.5074 25.5074
93 -26.7956 -3.6116 -3.4296 -3.4296 8.9904 21.4614 25.5364 25.5364
94 -26.7976 -3.5976 -3.4276 -3.4276 8.9194 21.6794 25.5634 25.5634
95 -26.7986 -3.5826 -3.4266 -3.4266 8.8514 21.8984 25.5894 25.5894
96 -26.8006 -3.5676 -3.4246 -3.4246 8.7864 22.1174 25.6134 25.6134
97 -26.8016 -3.5536 -3.4236 -3.4236 8.7234 22.3384 25.6364 25.6364
98 -26.8036 -3.5406 -3.4226 -3.4226 8.6644 22.5594 25.6584 25.6584
99 -26.8046 -3.5276 -3.4206 -3.4206 8.6074 22.7804 25.6794 25.6794
100 -26.8056 -3.5146 -3.4196 -3.4196 8.5544 23.0024 25.6984 25.6984
101 -26.8076 -3.5026 -3.4186 -3.4186 8.5034 23.2244 25.7154 25.7154
102 -26.8086 -3.4916 -3.4176 -3.4176 8.4564 23.4454 25.7324 25.7324
103 -26.8096 -3.4806 -3.4166 -3.4166 8.4114 23.6664 25.7474 25.7474
104 -26.8106 -3.4706 -3.4156 -3.4156 8.3704 23.8854 25.7604 25.7604
105 -26.8116 -3.4616 -3.4146 -3.4146 8.3324 24.1034 25.7734 25.7734
106 -26.8126 -3.4526 -3.4136 -3.4136 8.2974 24.3194 25.7844 25.7844
107 -26.8136 -3.4446 -3.4126 -3.4126 8.2654 24.5314 25.7944 25.7944
108 -26.8136 -3.4376 -3.4126 -3.4126 8.2374 24.7394 25.8024 25.8024
109 -26.8146 -3.4306 -3.4116 -3.4116 8.2124 24.9404 25.8104 25.8104
110 -26.8156 -3.4256 -3.4116 -3.4116 8.1904 25.1334 25.8174 25.8174
111 -26.8156 -3.4206 -3.4106 -3.4106 8.1724 25.3154 25.8224 25.8224
112 -26.8156 -3.4166 -3.4106 -3.4106 8.1564 25.4804 25.8264 25.8264
113 -26.8166 -3.4136 -3.4096 -3.4096 8.1454 25.6234 25.8304 25.8304
114 -26.8166 -3.4116 -3.4096 -3.4096 8.1364 25.7364 25.8324 25.8324
115 -26.8166 -3.4106 -3.4096 -3.4096 8.1314 25.8094 25.8344 25.8344
116 -26.8166 -3.4096 -3.4096 -3.4096 8.1294 25.8344 25.8344 25.8344
117 -26.8166 -3.4096 -3.4096 -3.4096 8.1314 25.8164 25.8304 25.8304
118 -26.8166 -3.4106 -3.4096 -3.4096 8.1364 25.7634 25.8184 25.8184
119 -26.8166 -3.4126 -3.4106 -3.4106 8.1454 25.6824 25.7984 25.7984
120 -26.8156 -3.4146 -3.4116 -3.4116 8.1564 25.5784 25.7704 25.7704
121 -26.8156 -3.4186 -3.4116 -3.4116 8.1714 25.4574 25.7354 25.7354
122 -26.8156 -3.4216 -3.4126 -3.4126 8.1904 25.3254 25.6944 25.6944
123 -26.8146 -3.4266 -3.4146 -3.4146 8.2124 25.1854 25.6484 25.6484
124 -26.8136 -3.4316 -3.4156 -3.4156 8.2374 25.0404 25.5964 25.5964
125 -26.8136 -3.4366 -3.4166 -3.4166 8.2654 24.8914 25.5394 25.5394
126 -26.8126 -3.4426 -3.4186 -3.4186 8.2974 24.7404 25.4794 25.4794
127 -26.8116 -3.4496 -3.4206 -3.4206 8.3314 24.5884 25.4154 25.4154
128 -26.8106 -3.4566 -3.4226 -3.4226 8.3694 24.4364 25.3494 25.3494
129 -26.8096 -3.4646 -3.4246 -3.4246 8.4114 24.2844 25.2814 25.2814
130 -26.8086 -3.4726 -3.4266 -3.4266 8.4554 24.1334 25.2114 25.2114
131 -26.8076 -3.4816 -3.4296 -3.4296 8.5024 23.9834 25.1404 25.1404
132 -26.8056 -3.4906 -3.4326 -3.4326 8.5534 23.8354 25.0674 25.0674
133 -26.8046 -3.5006 -3.4346 -3.4346 8.6064 23.6884 24.9954 24.9954
134 -26.8026 -3.5106 -3.4376 -3.4376 8.6624 23.5434 24.9224 24.9224
135 -26.8016 -3.5206 -3.4406 -3.4406 8.7224 23.4004 24.8494 24.8494
136 -26.7996 -3.5316 -3.4436 -3.4436 8.7844 23.2594 24.7764 24.7764
137 -26.7986 -3.5426 -3.4476 -3.4476 8.8494 23.1204 24.7034 24.7034
138 -26.7966 -3.5546 -3.4506 -3.4506 8.9174 22.9834 24.6314 24.6314
139 -26.7956 -3.5666 -3.4546 -3.4546 8.9884 22.8484 24.5604 24.5604
140 -26.7936 -3.5776 -3.4576 -3.4576 9.0614 22.7164 24.4904 24.4904
141 -26.7916 -3.5906 -3.4616 -3.4616 9.1374 22.5864 24.4214 24.4214
142 -26.7896 -3.6026 -3.4656 -3.4656 9.2154 22.4594 24.3534 24.3534
143 -26.7876 -3.6146 -3.4696 -3.4696 9.2974 22.3344 24.2864 24.2864
144 -26.7856 -3.6276 -3.4736 -3.4736 9.3804 22.2114 24.1574 24.2204
145 -26.7836 -3.6406 -3.4776 -3.4776 9.4664 22.0914 23.9224 24.1554
146 -26.7816 -3.6526 -3.4816 -3.4816 9.5554 21.9734 23.6894 24.0924
147 -26.7796 -3.6656 -3.4856 -3.4856 9.6464 21.8584 23.4584 24.0304
148 -26.7776 -3.6776 -3.4896 -3.4896 9.7394 21.7454 23.2294 23.9704
149 -26.7756 -3.6906 -3.4936 -3.4936 9.8344 21.6354 23.0024 23.9114
150 -26.7736 -3.7036 -3.4986 -3.4986 9.9324 21.5284 22.7774 23.8544
151 -26.7716 -3.7166 -3.5026 -3.5026 10.0324 21.4234 22.5534 23.7984
152 -26.7696 -3.7286 -3.5066 -3.5066 10.1344 21.3214 22.3324 23.7444
153 -26.7676 -3.7416 -3.5106 -3.5106 10.2384 21.2214 22.1124 23.6914
154 -26.7656 -3.7536 -3.5156 -3.5156 10.3444 21.1244 21.8954 23.6404
155 -26.7636 -3.7656 -3.5196 -3.5196 10.4524 21.0294 21.6794 23.5904
156 -26.7616 -3.7776 -3.5236 -3.5236 10.5624 20.9374 21.4664 23.5424
157 -26.7596 -3.7896 -3.5276 -3.5276 10.6744 20.8484 21.2544 23.4954
158 -26.7576 -3.8016 -3.5326 -3.5326 10.7884 20.7614 21.0454 23.4504
159 -26.7556 -3.8126 -3.5366 -3.5366 10.9034 20.6774 20.8374 23.4074
160 -26.7536 -3.8236 -3.5406 -3.5406 11.0204 20.5964 20.6314 23.3654
161 -26.7516 -3.8346 -3.5446 -3.5446 11.1394 20.4284 20.5174 23.3254
162 -26.7496 -3.8456 -3.5486 -3.5486 11.2604 20.2264 20.4414 23.2864
163 -26.7476 -3.8556 -3.5526 -3.5526 11.3824 20.0264 20.3684 23.2494
164 -26.7456 -3.8656 -3.5566 -3.5566 11.5064 19.8284 20.2974 23.2134
165 -26.7436 -3.8756 -3.5606 -3.5606 11.6324 19.6324 20.2294 23.1784
166 -26.7426 -3.8846 -3.5636 -3.5636 11.7594 19.4384 20.1634 23.1464
167 -26.7406 -3.8936 -3.5676 -3.5676 11.8874 19.2464 20.1004 23.1144
168 -26.7386 -3.9026 -3.5716 -3.5716 12.0174 19.0554 20.0404 23.0844
169 -26.7376 -3.9106 -3.5746 -3.5746 12.1484 18.8674 19.9834 23.0564
170 -26.7356 -3.9196 -3.5776 -3.5776 12.2814 18.6804 19.9284 23.0294
171 -26.7336 -3.9266 -3.5806 -3.5806 12.4154 18.4954 19.8754 23.0034
172 -26.7326 -3.9346 -3.5836 -3.5836 12.5504 18.3114 19.8264 22.9794
173 -26.7316 -3.9416 -3.5866 -3.5866 12.6864 18.1294 19.7794 22.9564
174 -26.7296 -3.9476 -3.5896 -3.5896 12.8244 17.9494 19.7354 22.9354
175 -26.7286 -3.9536 -3.5926 -3.5926 12.9634 17.7714 19.6934 22.9154
176 -26.7276 -3.9596 -3.5946 -3.5946 13.1034 17.5944 19.6554 22.8964
177 -26.7266 -3.9656 -3.5976 -3.5976 13.2444 17.4194 19.6184 22.8794
178 -26.7256 -3.9706 -3.5996 -3.5996 13.3864 17.2464 19.5854 22.8634
179 -26.7246 -3.9746 -3.6016 -3.6016 13.5294 17.0754 19.5544 22.8484
180 -26.7236 -3.9786 -3.6036 -3.6036 13.6724 16.9054 19.5264 22.8354
181 -26.7226 -3.9826 -3.6046 -3.6046 13.8174 16.7374 19.5014 22.8234
182 -26.7216 -3.9866 -3.6066 -3.6066 13.9614 16.5724 19.4784 22.8124
183 -26.7216 -3.9896 -3.6076 -3.6076 14.1064 16.4084 19.4584 22.8024
184 -26.7206 -3.9926 -3.6086 -3.6086 14.2514 16.2484 19.4404 22.7944
185 -26.7206 -3.9946 -3.6096 -3.6096 14.3954 16.0914 19.4254 22.7874
186 -26.7196 -3.9966 -3.6106 -3.6106 14.5354 15.9394 19.4134 22.7824
187 -26.7196 -3.9976 -3.6116 -3.6116 14.6714 15.7964 19.4044 22.7774
188 -26.7196 -3.9986 -3.6116 -3.6116 14.7944 15.6674 19.3974 22.7744
189 -26.7186 -3.9996 -3.6126 -3.6126 14.8894 15.5684 19.3934 22.7724
190 -26.7186 -3.9996 -3.6126 -3.6126 14.9284 15.5284 19.3924 22.7714
191 -26.7186 -3.9996 -3.6126 -3.6126 14.9294 15.5284 19.3864 22.7654
192 -26.7186 -3.9986 -3.6126 -3.6126 14.9334 15.5314 19.3674 22.7454
193 -26.7186 -3.9976 -3.6136 -3.6126 14.9394 15.5354 19.3364 22.7134
194 -26.7186 -3.9966 -3.6146 -3.6126 14.9484 15.5404 19.2954 22.6694
195 -26.7186 -3.9956 -3.6166 -3.6126 14.9584 15.5474 19.2444 22.6144
196 -26.7186 -3.9936 -3.6186 -3.6136 14.9724 15.5564 19.1844 22.5494
197 -26.7186 -3.9916 -3.6206 -3.6136 14.9874 15.5674 19.1174 22.4754
198 -26.7186 -3.9886 -3.6236 -3.6146 15.0054 15.5794 19.0434 22.3944
199 -26.7186 -3.9856 -3.6266 -3.6146 15.0254 15.5924 18.9654 22.3074
200 -26.7186 -3.9826 -3.6296 -3.6156 15.0474 15.6084 18.8824 22.2144
201 -26.7186 -3.9786 -3.6336 -3.6156 15.0714 15.6244 18.7974 22.1164
202 -26.7186 -3.9756 -3.6366 -3.6166 15.0974 15.6434 18.7094 22.0164
203 -26.7186 -3.9706 -3.6416 -3.6176 15.1254 15.6634 18.6194 21.9124
204 -26.7186 -3.9666 -3.6456 -3.6176 15.1544 15.6854 18.5284 21.8074
205 -26.7186 -3.9616 -3.6506 -3.6186 15.1854 15.7084 18.4364 21.7014
206 -26.7186 -3.9566 -3.6556 -3.6196 15.2184 15.7334 18.3444 21.5954
207 -26.7186 -3.9516 -3.6616 -3.6206 15.2514 15.7604 18.2524 21.4894
208 -26.7186 -3.9466 -3.6666 -3.6216 15.2864 15.7894 18.1604 21.3834
209 -26.7186 -3.9406 -3.6726 -3.6216 15.3214 15.8194 18.0694 21.2794
210 -26.7186 -3.9346 -3.6786 -3.6226 15.3574 15.8514 17.9794 21.1774
211 -26.7186 -3.9286 -3.6856 -3.6236 15.3944 15.8844 17.8894 21.0774
212 -26.7186 -3.9216 -3.6916 -3.6246 15.4314 15.9194 17.8014 20.9804
213 -26.7186 -3.9156 -3.6986 -3.6256 15.4674 15.9564 17.7144 20.8864
214 -26.7186 -3.9086 -3.7056 -3.6256 15.5044 15.9954 17.6284 20.7964
215 -26.7186 -3.9016 -3.7126 -3.6266 15.5394 16.0364 17.5444 20.7104
216 -26.7186 -3.8946 -3.7196 -3.6276 15.5734 16.0784 17.4614 20.6294
217 -26.7186 -3.8866 -3.7276 -3.6276 15.6074 16.1224 17.3794 20.5534
218 -26.7186 -3.8796 -3.7346 -3.6286 15.6384 16.1684 17.3004 20.4824
219 -26.7186 -3.8716 -3.7426 -3.6286 15.6674 16.2154 17.2224 20.4174
220 -26.7186 -3.8636 -3.7506 -3.6296 15.6944 16.2644 17.1454 20.3594
221 -26.7186 -3.8556 -3.7586 -3.6296 15.7184 16.3164 17.0714 20.3084
222 -26.7186 -3.8476 -3.7666 -3.6306 15.7394 16.3694 16.9984 20.2644
223 -26.7186 -3.8396 -3.7746 -3.6306 15.7574 16.4234 16.9274 20.2274
224 -26.7186 -3.8316 -3.7826 -3.6306 15.7714 16.4804 16.8584 20.1984
225 -26.7186 -3.8236 -3.7906 -3.6306 15.7814 16.5384 16.7904 20.1774
226 -26.7186 -3.8156 -3.7986 -3.6306 15.7874 16.5984 16.7244 20.1654
227 -26.7186 -3.8076 -3.8076 -3.6306 15.7894 16.6614 16.6614 20.1614
228 -26.7186 -3.8126 -3.8016 -3.6306 15.7844 16.6204 16.7064 20.1654
229 -26.7186 -3.8176 -3.7966 -3.6306 15.7704 16.5814 16.7554 20.1804
230 -26.7186 -3.8226 -3.7926 -3.6296 15.7494 16.5434 16.8064 20.2054
231 -26.7186 -3.8276 -3.7876 -3.6276 15.7254 16.5074 16.8554 20.2404
232 -26.7186 -3.8326 -3.7846 -3.6266 15.6984 16.4724 16.9024 20.2874
233 -26.7186 -3.8376 -3.7806 -3.6246 15.6694 16.4394 16.9454 20.3444
234 -26.7196 -3.8416 -3.7776 -3.6216 15.6404 16.4084 16.9834 20.4124
235 -26.7196 -3.8466 -3.7746 -3.6196 15.6114 16.3784 17.0164 20.4914
236 -26.7196 -3.8506 -3.7726 -3.6156 15.5824 16.3504 17.0444 20.5804
237 -26.7196 -3.8546 -3.7706 -3.6126 15.5544 16.3234 17.0674 20.6794
238 -26.7196 -3.8586 -3.7696 -3.6096 15.5274 16.2984 17.0854 20.7874
239 -26.7196 -3.8616 -3.7676 -3.6056 15.5014 16.2744 17.1004 20.9044
240 -26.7196 -3.8656 -3.7666 -3.6016 15.4764 16.2524 17.1104 21.0294
241 -26.7196 -3.8686 -3.7666 -3.5986 15.4534 16.2314 17.1184 21.1614
242 -26.7196 -3.8716 -3.7656 -3.5946 15.4314 16.2114 17.1224 21.3004
243 -26.7206 -3.8746 -3.7656 -3.5906 15.4104 16.1934 17.1254 21.4454
244 -26.7206 -3.8776 -3.7646 -3.5876 15.3914 16.1774 17.1254 21.5964
245 -26.7206 -3.8796 -3.7646 -3.5836 15.3734 16.1624 17.1254 21.7514
246 -26.7206 -3.8816 -3.7646 -3.5806 15.3574 16.1484 17.1234 21.9104
247 -26.7206 -3.8836 -3.7646 -3.5786 15.3434 16.1364 17.1214 22.0734
248 -26.7206 -3.8856 -3.7646 -3.5756 15.3304 16.1254 17.1184 22.2394
249 -26.7206 -3.8866 -3.7646 -3.5736 15.3194 16.1164 17.1154 22.4064
250 -26.7206 -3.8886 -3.7646 -3.5716 15.3104 16.1084 17.1124 22.5734
251 -26.7206 -3.8896 -3.7646 -3.5696 15.3024 16.1024 17.1104 22.7374
252 -26.7206 -3.8906 -3.7646 -3.5686 15.2964 16.0974 17.1084 22.8954
253 -26.7206 -3.8906 -3.7646 -3.5676 15.2924 16.0934 17.1064 23.0374
254 -26.7206 -3.8906 -3.7646 -3.5666 15.2894 16.0914 17.1054 23.1454
255 -26.7206 -3.8906 -3.7646 -3.5666 15.2884 16.0914 17.1054 23.1884
