1 -9.358949 -0.835699 -0.723239 -0.723069 1.204121 1.394561 186.212181 186.511791 186.724911
2 -9.355549 -0.834229 -0.723739 -0.723569 1.204921 1.392021 185.578761 186.152561 186.284641
3 -9.345369 -0.829799 -0.725229 -0.725059 1.207331 1.384401 183.309351 185.155651 185.291331
4 -9.328399 -0.822429 -0.727699 -0.727529 1.211331 1.371721 179.519431 183.563521 183.701351
5 -9.304669 -0.812129 -0.731099 -0.730929 1.216871 1.354001 174.406971 181.368861 181.504141
6 -9.274189 -0.798899 -0.735409 -0.735239 1.223921 1.331281 168.167931 178.588511 178.718841
7 -9.237009 -0.782769 -0.740559 -0.740399 1.232401 1.303601 161.017181 175.249421 175.373211
8 -9.193159 -0.763759 -0.746489 -0.746339 1.242231 1.271031 153.176371 171.384921 171.500991
9 -9.142689 -0.753209 -0.752989 -0.741779 1.233611 1.253341 144.862061 167.034141 167.141601
10 -9.085649 -0.760439 -0.760259 -0.717079 1.191431 1.265621 136.275171 162.241311 162.339511
11 -9.022099 -0.768229 -0.768049 -0.689519 1.144571 1.278971 127.593801 157.055131 157.143611
12 -8.952119 -0.776439 -0.776269 -0.659189 1.093121 1.293261 118.969431 151.528001 151.606541
13 -8.875799 -0.784959 -0.784789 -0.626099 1.037191 1.308381 110.525731 145.715231 145.783801
14 -8.793219 -0.793649 -0.793499 -0.590299 0.976881 1.324201 102.359551 139.674091 139.732891
15 -8.704499 -0.802399 -0.802249 -0.551829 0.912321 1.340591 94.543281 133.462811 133.512211
16 -8.609749 -0.811069 -0.810919 -0.510739 0.843631 1.357441 87.127621 127.139261 127.179891
17 -8.509109 -0.819489 -0.819359 -0.467079 0.770961 1.374621 80.146021 120.760801 120.793521
18 -8.402719 -0.827539 -0.827409 -0.420899 0.694451 1.392041 73.616441 114.381891 114.407901
19 -8.290749 -0.835029 -0.834909 -0.372259 0.614241 1.409611 67.545441 108.053971 108.074891
20 -8.173379 -0.841799 -0.841689 -0.321219 0.530511 1.427271 61.930591 101.824421 101.842421
21 -8.050809 -0.847679 -0.847569 -0.267849 0.443411 1.444991 56.762771 95.736081 95.753491
22 -7.923269 -0.852479 -0.852369 -0.212199 0.353131 1.462771 52.028041 89.826881 89.845491
23 -7.791009 -0.856019 -0.855899 -0.154359 0.259841 1.480691 47.709071 84.129341 84.150011
24 -7.654309 -0.858079 -0.857949 -0.094389 0.163731 1.498831 43.786381 78.670021 78.692961
25 -7.513469 -0.858469 -0.858309 -0.032389 0.064981 1.517371 40.239211 73.469591 73.494601
26 -7.368829 -0.856969 -0.856789 -0.036199 0.031581 1.536551 37.046061 68.542771 68.569511
27 -7.220769 -0.853349 -0.853139 -0.139609 0.097411 1.556671 34.185681 63.899451 63.927511
28 -7.069709 -0.847389 -0.847149 -0.245059 0.165031 1.578091 31.636671 59.544031 59.572981
29 -6.916079 -0.838849 -0.838579 -0.352329 0.234321 1.601251 29.378271 55.476671 55.506111
30 -6.760389 -0.827509 -0.827199 -0.461209 0.305211 1.626641 27.390381 51.693651 51.723221
31 -6.603159 -0.813129 -0.812769 -0.571489 0.377571 1.654791 25.653671 48.188001 48.217381
32 -6.444959 -0.795519 -0.795089 -0.682879 0.451321 1.686251 24.149671 44.950021 44.978931
33 -6.286409 -0.796599 -0.774019 -0.772919 0.526321 1.721571 22.860851 41.967921 41.996141
34 -6.128159 -0.908969 -0.749209 -0.748739 0.602491 1.761291 21.770571 39.228321 39.255671
35 -5.970889 -1.022709 -0.720369 -0.719879 0.679681 1.805921 20.863161 36.716751 36.743091
36 -5.815329 -1.136849 -0.687389 -0.686879 0.757791 1.855931 20.123851 34.418031 34.443251
37 -5.662219 -1.251139 -0.650109 -0.649559 0.836691 1.911741 19.538881 32.316921 32.340941
38 -5.512349 -1.365359 -0.608369 -0.607799 0.916251 1.973751 19.095241 30.398001 30.420771
39 -5.366499 -1.479309 -0.562059 -0.561459 0.996341 2.042361 18.780811 28.646261 28.667741
40 -5.225479 -1.592779 -0.511069 -0.510449 1.076831 2.117981 18.584191 27.047161 27.067351
41 -5.090079 -1.705579 -0.455319 -0.454689 1.157591 2.201041 18.494721 25.586891 25.605781
42 -4.961079 -1.817509 -0.394779 -0.394129 1.238461 2.292031 18.502361 24.252371 24.269991
43 -4.839239 -1.928379 -0.329409 -0.328749 1.319311 2.391471 18.597671 23.031421 23.047781
44 -4.725229 -2.038009 -0.259209 -0.258539 1.400011 2.499901 18.771761 21.912721 21.927861
45 -4.619669 -2.146209 -0.184209 -0.183539 1.480391 2.617881 19.016221 20.885891 20.899851
46 -4.523069 -2.252809 -0.104439 -0.103769 1.560331 2.745951 19.323021 19.941381 19.954341
47 -4.435809 -2.357639 -0.019979 -0.019309 1.639661 2.884561 19.070641 19.081971 19.685471
48 -4.358149 -2.460529 0.069101 0.069771 1.718241 3.034091 18.265861 18.276271 20.095141
49 -4.290169 -2.561329 0.162711 0.163371 1.795921 3.194771 17.520041 17.529431 20.546161
50 -4.231819 -2.659879 0.260731 0.261381 1.872551 3.366671 16.826921 16.835331 21.032041
51 -4.182879 -2.756039 0.363041 0.363681 1.947991 3.549701 16.180951 16.188411 21.546711
52 -4.142999 -2.849669 0.469501 0.470121 2.022081 3.743581 15.577201 15.583741 22.084401
53 -4.111699 -2.940629 0.579951 0.580551 2.094671 3.947821 15.011311 15.016991 22.639551
54 -4.088379 -3.028799 0.694221 0.694801 2.165631 4.161771 14.479481 14.484351 23.206791
55 -4.072359 -3.114049 0.812121 0.812681 2.234791 4.384581 13.978371 13.982481 23.780901
56 -4.062899 -3.196279 0.933441 0.933971 2.302041 4.615231 13.505081 13.508491 24.356801
57 -4.059219 -3.275359 1.057921 1.058421 2.367211 4.852521 13.057141 13.059921 24.929421
58 -4.060499 -3.351209 1.185291 1.185761 2.430171 5.095091 12.632411 12.634651 25.493801
59 -4.065929 -3.423709 1.315251 1.315691 2.490801 5.341441 12.229081 12.230911 26.044991
60 -4.074699 -3.492779 1.447441 1.447851 2.548961 5.589891 11.845651 11.847241 26.578061
61 -4.086029 -3.558339 1.581431 1.581811 2.604531 5.838621 11.480911 11.482461 27.088121
62 -4.099169 -3.620309 1.716771 1.717121 2.657371 6.085681 11.133961 11.135661 27.570391
63 -4.113419 -3.678609 1.852871 1.853211 2.707391 6.328981 10.804171 10.806131 28.020221
64 -4.128109 -3.733169 1.989101 1.989421 2.754471 6.566321 10.491181 10.493451 28.433291
65 -4.142649 -3.783939 2.124671 2.124981 2.798501 6.795441 10.194861 10.197451 28.805721
66 -4.156529 -3.830849 2.258691 2.259001 2.839391 7.014051 9.915331 9.918241 29.134331
67 -4.169309 -3.873849 2.390091 2.390401 2.877041 7.219881 9.652991 9.656211 29.416861
68 -4.180649 -3.912889 2.517611 2.517921 2.911371 7.410771 9.408511 9.412021 29.652321
69 -4.190319 -3.947939 2.639801 2.640121 2.942301 7.584771 9.182861 9.186641 29.841241
70 -4.198199 -3.978949 2.754991 2.755321 2.969771 7.740201 8.977271 8.981311 29.985841
71 -4.204289 -4.005899 2.861301 2.861621 2.993701 7.875731 8.793291 8.797571 30.090171
72 -4.208729 -4.028739 2.956651 2.956961 3.014051 7.990451 8.632701 8.637231 30.159901
73 -4.211729 -4.047459 3.030621 3.038851 3.039281 8.083851 8.497481 8.502281 30.202011
74 -4.213599 -4.062049 3.043761 3.105691 3.106021 8.155681 8.389661 8.394871 30.224081
75 -4.214639 -4.072479 3.053101 3.155161 3.155481 8.205451 8.311221 8.317511 30.233471
76 -4.215129 -4.078739 3.058711 3.185571 3.185891 8.230141 8.263831 8.275021 30.236351
77 -4.215269 -4.080819 3.060581 3.195841 3.196161 8.231581 8.248091 8.267311 30.236831
78 -4.214419 -4.079549 3.054421 3.185961 3.190151 8.239631 8.252211 8.276941 30.236381
79 -4.211849 -4.075689 3.032801 3.155751 3.176641 8.245681 8.270661 8.316881 30.234431
80 -4.207509 -4.069209 2.988911 3.106451 3.163451 8.242051 8.304641 8.390771 30.229271
81 -4.201329 -4.060039 2.919631 3.039491 3.155651 8.233401 8.349651 8.494151 30.218171
82 -4.193199 -4.048119 2.827661 2.956691 3.152941 8.219251 8.404331 8.623611 30.197581
83 -4.182939 -4.033419 2.717221 2.860081 3.153651 8.198321 8.467141 8.776291 30.163411
84 -4.170399 -4.015989 2.591981 2.751741 3.156641 8.169201 8.536471 8.949591 30.111281
85 -4.155369 -3.995909 2.454961 2.633751 3.161261 8.130591 8.610781 9.141141 30.036861
86 -4.137669 -3.973329 2.308631 2.508061 3.167171 8.081391 8.688691 9.348851 29.936121
87 -4.117139 -3.948459 2.155091 2.376481 3.174161 8.020811 8.768991 9.570901 29.805631
88 -4.093629 -3.921549 1.996131 2.240661 3.182101 7.948341 8.850701 9.805741 29.642701
89 -4.067059 -3.892929 1.833211 2.102111 3.190891 7.863781 8.933031 10.052071 29.445571
90 -4.037349 -3.862929 1.667611 1.962171 3.200451 7.767201 9.015381 10.308801 29.213441
91 -4.004489 -3.831969 1.500391 1.822111 3.210741 7.658921 9.097271 10.575051 28.946481
92 -3.968539 -3.800459 1.332481 1.683081 3.221691 7.539461 9.178381 10.850081 28.645831
93 -3.929579 -3.768839 1.164641 1.546171 3.233261 7.409481 9.258471 11.133291 28.313391
94 -3.887819 -3.737539 0.997551 1.412451 3.245401 7.269751 9.337381 11.424231 27.951771
95 -3.843639 -3.706869 0.831791 1.282921 3.258061 7.121121 9.415031 11.722501 27.564151
96 -3.797789 -3.676819 0.667871 1.158631 3.271201 6.964481 9.491351 12.027801 27.154071
97 -3.751879 -3.646599 0.506231 1.040561 3.284771 6.800731 9.566321 12.339911 26.725331
98 -3.709299 -3.613639 0.347261 0.929701 3.298731 6.630741 9.639971 12.658661 26.281831
99 -3.675409 -3.573429 0.191311 0.827021 3.313011 6.455401 9.712311 12.983931 25.827491
100 -3.653649 -3.523369 0.038701 0.733451 3.327591 6.275531 9.783401 13.315601 25.366171
101 -3.643089 -3.465139 -0.110309 0.649831 3.342401 6.091921 9.853321 13.653641 24.901521
102 -3.642009 -3.401179 -0.255449 0.576911 3.357391 5.905331 9.922151 13.997971 24.437061
103 -3.649499 -3.332939 -0.396499 0.515281 3.372531 5.716431 9.990031 14.348571 23.975991
104 -3.665199 -3.261189 -0.533249 0.465391 3.387741 5.525881 10.057111 14.705361 23.521311
105 -3.688879 -3.186359 -0.665539 0.427441 3.402991 5.334281 10.123591 15.068301 23.075711
106 -3.720239 -3.108729 -0.793169 0.401441 3.418211 5.142181 10.189691 15.437271 22.641631
107 -3.758869 -3.028509 -0.916029 0.387171 3.433361 4.950091 10.255711 15.812121 22.221171
108 -3.804159 -2.945889 -1.033959 0.384201 3.448391 4.758501 10.321971 16.192611 21.816221
109 -3.855379 -2.861039 -1.146869 0.391921 3.463241 4.567861 10.388841 16.578461 21.428321
110 -3.911669 -2.774109 -1.254639 0.409561 3.477861 4.378601 10.456741 16.969231 21.058791
111 -3.972089 -2.685269 -1.357209 0.436241 3.492201 4.191111 10.526111 17.364351 20.708651
112 -4.035639 -2.594719 -1.454509 0.470991 3.506211 4.005811 10.597421 17.763101 20.378701
113 -4.101299 -2.502639 -1.546489 0.512801 3.519841 3.823071 10.671141 18.164541 20.069471
114 -4.168089 -2.409279 -1.633119 0.560621 3.533041 3.643301 10.747671 18.567471 19.781301
115 -4.235059 -2.314869 -1.714389 0.613391 3.466871 3.545801 10.827401 18.970281 19.514481
116 -4.301329 -2.219739 -1.790289 0.670041 3.294271 3.558001 10.910571 19.263901 19.376291
117 -4.366069 -2.124209 -1.860839 0.729511 3.125921 3.569641 10.997271 19.041381 19.771391
118 -4.428569 -2.028709 -1.926079 0.790741 2.962351 3.580681 11.087381 18.836271 20.163471
119 -4.488189 -1.986069 -1.933679 0.852681 2.804121 3.591071 11.180561 18.650671 20.547241
120 -4.544369 -2.040809 -1.839769 0.914301 2.651901 3.600791 11.276131 18.484011 20.919631
121 -4.596659 -2.090409 -1.747599 0.974551 2.506451 3.609781 11.373101 18.335591 21.277381
122 -4.644669 -2.134939 -1.657999 1.032441 2.368661 3.618021 11.470131 18.204621 21.616981
123 -4.688109 -2.174469 -1.571949 1.086991 2.239581 3.625471 11.565571 18.090301 21.934721
124 -4.726749 -2.209099 -1.490579 1.137241 2.120421 3.632121 11.657461 17.991811 22.226841
125 -4.760439 -2.238899 -1.415199 1.182321 2.012561 3.637931 11.743631 17.908371 22.489561
126 -4.789049 -2.263959 -1.347289 1.221421 1.917581 3.642881 11.821771 17.839231 22.719211
127 -4.812509 -2.284349 -1.288489 1.253831 1.837121 3.646961 11.889591 17.783701 22.912371
128 -4.830769 -2.300139 -1.240439 1.279071 1.772821 3.650151 11.944931 17.741191 23.066041
129 -4.843829 -2.311369 -1.204739 1.296881 1.726041 3.652441 11.985921 17.711191 23.177711
130 -4.851669 -2.318099 -1.182719 1.307361 1.697711 3.653811 12.011131 17.693351 23.245481
131 -4.854279 -2.320339 -1.175279 1.310801 1.688231 3.654271 12.019641 17.687431 23.268211
132 -4.856159 -2.319129 -1.183239 1.310591 1.686521 3.646611 12.042761 17.753841 23.315611
133 -4.861859 -2.315499 -1.206809 1.309921 1.681471 3.623781 12.111921 17.953301 23.457981
134 -4.871579 -2.309469 -1.245039 1.308661 1.673291 3.586221 12.226491 18.286481 23.695741
135 -4.885619 -2.301049 -1.296429 1.306641 1.662291 3.534641 12.385501 18.754531 24.029641
136 -4.904409 -2.290259 -1.359009 1.303661 1.648871 3.469961 12.587671 19.359061 24.460801
137 -4.928499 -2.277129 -1.430489 1.299531 1.633471 3.393281 12.831551 20.102271 24.990821
138 -4.958489 -2.261699 -1.508349 1.294101 1.616551 3.305811 13.115551 20.986691 25.621651
139 -4.995089 -2.244009 -1.589949 1.287261 1.598551 3.208821 13.438141 22.015521 26.355911
140 -5.038999 -2.224109 -1.672669 1.278961 1.579861 3.103601 13.797881 23.192371 27.196751
141 -5.090919 -2.202049 -1.753989 1.269211 1.560811 2.991411 14.193571 24.521371 28.148001
142 -5.151459 -2.177889 -1.831529 1.258071 1.541711 2.873441 14.624291 26.006881 29.214021
143 -5.221099 -2.151709 -1.903229 1.245631 1.522771 2.750841 15.089671 27.653731 30.399981
144 -5.300139 -2.123579 -1.967289 1.232031 1.504181 2.624631 15.589911 29.467081 31.711731
145 -5.388619 -2.093629 -2.022249 1.217421 1.486081 2.495771 16.125911 31.451951 33.155581
146 -5.486349 -2.068789 -2.060199 1.201971 1.468591 2.365081 16.699611 33.613651 34.738661
147 -5.592909 -2.101619 -2.027999 1.185861 1.451771 2.233331 17.314101 35.957311 36.468671
148 -5.707629 -2.124519 -1.992929 1.169261 1.435691 2.101151 17.973911 38.352581 38.489291
149 -5.829689 -2.136129 -1.956329 1.152371 1.420391 1.969131 18.685221 40.401631 41.211111
150 -5.958159 -2.136489 -1.918329 1.135381 1.405901 1.837781 19.456311 42.622411 44.129411
151 -6.092049 -2.125789 -1.879049 1.118471 1.392251 1.707511 20.297801 45.024521 47.247121
152 -6.230369 -2.104369 -1.838619 1.101821 1.379441 1.578711 21.222991 47.617131 50.567061
153 -6.372119 -2.072649 -1.797149 1.085631 1.367471 1.451701 22.247991 50.408821 54.090571
154 -6.516389 -2.031169 -1.754789 1.070081 1.326711 1.356401 23.392181 53.408151 57.818301
155 -6.662309 -1.980569 -1.711659 1.055341 1.204121 1.346101 24.678141 56.622871 61.749331
156 -6.809079 -1.921689 -1.667909 1.041581 1.084051 1.336661 26.131741 60.059971 65.881361
157 -6.955939 -1.855519 -1.623679 0.966571 1.029151 1.328031 27.781671 63.724661 70.209701
158 -7.102189 -1.783249 -1.579109 0.852101 1.018001 1.320221 29.659531 67.621021 74.728271
159 -7.247189 -1.706249 -1.534359 0.740651 1.008471 1.313201 31.799011 71.750981 79.428661
160 -7.390339 -1.626019 -1.489579 0.632371 1.000751 1.306961 34.235481 76.114281 84.300361
161 -7.531059 -1.544159 -1.444909 0.527411 0.995051 1.301481 37.004691 80.707241 89.329691
162 -7.668829 -1.462259 -1.400479 0.425871 0.991591 1.296761 40.142691 85.523601 94.501121
163 -7.803149 -1.381989 -1.356319 0.327881 0.990551 1.292781 43.684491 90.553291 99.796211
164 -7.933589 -1.314449 -1.302809 0.233541 0.992091 1.289541 47.663451 95.782551 105.194131
165 -8.059729 -1.271149 -1.229759 0.142951 0.996311 1.287041 52.109521 101.192571 110.670581
166 -8.181219 -1.229429 -1.160909 0.056221 1.003241 1.285281 57.049311 106.760801 116.199431
167 -8.297739 -1.188859 -1.097479 -0.026559 1.012821 1.284291 62.504141 112.459741 121.751831
168 -8.409019 -1.149549 -1.039919 -0.105299 1.024881 1.284101 68.488961 118.257461 127.296871
169 -8.514819 -1.111669 -0.988399 -0.179889 1.039141 1.284751 75.009261 124.116491 132.800801
170 -8.614919 -1.075349 -0.942879 -0.250259 1.055201 1.286341 82.060611 129.995791 138.228891
171 -8.709169 -1.040779 -0.903169 -0.316299 1.072541 1.288951 89.624671 135.849931 143.544761
172 -8.797409 -1.008099 -0.868939 -0.377919 1.090541 1.292711 97.666781 141.630141 148.711301
173 -8.879499 -0.977499 -0.839749 -0.435019 1.108531 1.297781 106.130761 147.283881 153.690071
174 -8.955349 -0.949139 -0.815139 -0.487459 1.125831 1.304271 114.937781 152.757281 158.443391
175 -9.024859 -0.923249 -0.794619 -0.535129 1.141791 1.312261 123.981501 157.994921 162.933811
176 -9.087959 -0.900039 -0.777679 -0.577839 1.155921 1.321671 133.126481 162.941321 167.125121
177 -9.144569 -0.879789 -0.763859 -0.615359 1.167971 1.332231 142.205421 167.541011 170.982081
178 -9.194639 -0.862869 -0.752729 -0.647399 1.177881 1.343501 151.023271 171.741021 174.472371
179 -9.238119 -0.849649 -0.743869 -0.673619 1.185801 1.354871 159.359841 175.490771 177.566381
180 -9.274979 -0.840499 -0.736959 -0.693709 1.191961 1.365711 166.978581 178.743101 180.238541
181 -9.305179 -0.835439 -0.731699 -0.707659 1.196631 1.375421 173.636721 181.453421 182.468491
182 -9.328689 -0.833809 -0.727859 -0.716169 1.200031 1.383501 179.102321 183.579191 184.244851
183 -9.345499 -0.834259 -0.725239 -0.720619 1.202341 1.389551 183.168411 185.082121 185.564011
184 -9.355589 -0.835249 -0.723729 -0.722559 1.203681 1.393291 185.653561 185.972111 186.404161
185 -9.358949 -0.835699 -0.723239 -0.723069 1.204121 1.394561 186.212181 186.511791 186.724911
186 -9.355949 -0.835569 -0.724199 -0.721819 1.203361 1.393791 185.588631 186.114741 186.478851
187 -9.346939 -0.835439 -0.727159 -0.717709 1.201111 1.391511 183.324561 185.349251 185.742971
188 -9.331939 -0.836019 -0.732129 -0.710129 1.197411 1.387771 179.607971 184.125141 184.520511
189 -9.310949 -0.838219 -0.739159 -0.698249 1.192361 1.382651 174.607741 182.425021 182.816811
190 -9.283989 -0.842809 -0.748289 -0.681419 1.186061 1.376271 168.512611 180.254261 180.639911
191 -9.251069 -0.850249 -0.759609 -0.659319 1.178661 1.368751 161.533061 177.622691 178.000311
192 -9.212219 -0.860699 -0.773199 -0.631979 1.170341 1.360281 153.887821 174.543211 174.911181
193 -9.167469 -0.874199 -0.789159 -0.599579 1.161281 1.351041 145.790611 171.031731 171.388561
194 -9.116849 -0.890699 -0.807579 -0.562369 1.151701 1.341231 137.440181 167.107461 167.451771
195 -9.060409 -0.910199 -0.828579 -0.520599 1.141811 1.331081 129.010981 162.792081 163.122601
196 -8.998169 -0.932699 -0.852259 -0.474529 1.131861 1.320821 120.652441 158.111361 158.426921
197 -8.930209 -0.958229 -0.878719 -0.424389 1.122081 1.310671 112.485721 153.094281 153.393831
198 -8.856569 -0.986819 -0.908039 -0.370399 1.112701 1.300871 104.605051 147.773321 148.055921
199 -8.777329 -1.018509 -0.940299 -0.312779 1.103931 1.291641 97.080121 142.184371 142.449221
200 -8.692569 -1.053319 -0.975569 -0.251729 1.096001 1.283191 89.959501 136.366961 136.613421
201 -8.602349 -1.091259 -1.013879 -0.187429 1.089081 1.275701 83.272261 130.362471 130.590051
202 -8.506799 -1.132329 -1.055239 -0.120059 1.083341 1.269351 77.033981 124.215921 124.424321
203 -8.405999 -1.176499 -1.099639 -0.049779 1.078921 1.264281 71.248001 117.973941 118.163041
204 -8.300089 -1.223699 -1.147039 0.023311 1.075941 1.260621 65.908551 111.684391 111.854251
205 -8.189199 -1.273859 -1.197379 0.099121 1.074481 1.258451 61.003081 105.395521 105.546411
206 -8.073489 -1.326839 -1.250549 0.177631 1.074611 1.257851 56.514341 99.155461 99.287871
207 -7.953109 -1.382529 -1.306429 0.258861 1.076351 1.258861 52.420871 93.009571 93.124211
208 -7.828249 -1.440729 -1.364859 0.342931 1.079731 1.261501 48.699821 87.001881 87.099731
209 -7.699109 -1.501269 -1.425659 0.429981 1.084721 1.265761 45.326781 81.172501 81.254841
210 -7.565909 -1.563909 -1.488619 0.520281 1.091321 1.271621 42.276731 75.557151 75.625661
211 -7.428889 -1.628399 -1.553489 0.614111 1.099471 1.279051 39.524761 70.186741 70.243621
212 -7.288269 -1.694479 -1.620009 0.711871 1.109151 1.287981 37.045781 65.085481 65.133641
213 -7.144329 -1.761829 -1.687879 0.813941 1.120331 1.298361 34.815911 60.272721 60.315801
214 -6.997339 -1.830129 -1.756779 0.920661 1.133081 1.310121 32.811941 55.761701 55.803621
215 -6.847569 -1.899019 -1.826349 1.031851 1.147991 1.323161 31.011731 51.560281 51.604321
216 -6.695319 -1.968139 -1.896219 1.137531 1.175441 1.337391 29.394321 47.671061 47.719291
217 -6.540889 -2.037079 -1.965989 1.171831 1.281661 1.352741 27.940171 44.091851 44.145231
218 -6.384559 -2.105439 -2.035259 1.190091 1.368991 1.411771 26.630801 40.815151 40.873921
219 -6.226649 -2.172809 -2.103599 1.208031 1.386241 1.550051 25.449481 37.830361 37.894321
220 -6.067479 -2.238769 -2.170589 1.226411 1.404241 1.696101 24.380821 35.123561 35.192301
221 -5.907359 -2.302919 -2.235809 1.245261 1.422901 1.849931 23.410901 32.678581 32.751581
222 -5.746649 -2.364889 -2.298889 1.264531 1.442121 2.011581 22.527231 30.477711 30.554391
223 -5.585679 -2.424319 -2.359459 1.284141 1.461761 2.181071 21.718811 28.502451 28.582251
224 -5.424809 -2.480929 -2.417219 1.303981 1.481731 2.358351 20.975811 26.733631 26.816001
225 -5.264419 -2.534459 -2.471909 1.323941 1.501891 2.543331 20.289841 25.152591 25.237011
226 -5.104919 -2.584709 -2.523319 1.343921 1.522151 2.735851 19.653651 23.741081 23.827081
227 -4.946739 -2.631539 -2.571289 1.363811 1.542391 2.935721 19.061081 22.481681 22.568821
228 -4.790309 -2.674879 -2.615759 1.383521 1.562511 3.142741 18.506971 21.357991 21.445891
229 -4.636119 -2.714669 -2.656659 1.402961 1.582411 3.356671 17.987091 20.354841 20.443161
230 -4.484639 -2.750939 -2.694019 1.422031 1.602001 3.577341 17.497861 19.458121 19.546551
231 -4.336409 -2.783729 -2.727879 1.440661 1.621191 3.804521 17.036531 18.655171 18.743451
232 -4.191949 -2.813129 -2.758329 1.458771 1.639921 4.038011 16.600851 17.934521 18.022421
233 -4.051809 -2.839229 -2.785459 1.476321 1.658111 4.277641 16.189121 17.285911 17.373251
234 -3.916569 -2.862159 -2.809389 1.493241 1.675701 4.523221 15.800021 16.700241 16.786861
235 -3.786779 -2.882029 -2.830269 1.509481 1.692651 4.774671 15.432521 16.169391 16.255161
236 -3.663009 -2.898969 -2.848229 1.525001 1.708901 5.031841 15.085931 15.686311 15.771131
237 -3.545809 -2.913119 -2.863409 1.539781 1.724421 5.294641 14.759721 15.244821 15.328621
238 -3.435739 -2.924589 -2.875959 1.553781 1.739181 5.562991 14.453511 14.839541 14.922241
239 -3.333319 -2.933459 -2.885999 1.566981 1.753151 5.836811 14.167031 14.465811 14.547371
240 -3.239089 -2.939789 -2.893679 1.579361 1.766301 6.116021 13.900071 14.119631 14.200031
241 -3.153619 -2.943509 -2.899129 1.590921 1.778631 6.400571 13.652381 13.797531 13.876711
242 -3.077829 -2.944169 -2.902479 1.601641 1.790111 6.690371 13.423701 13.496641 13.574501
243 -3.014179 -2.939639 -2.903849 1.611521 1.800741 6.985311 13.209161 13.219081 13.290901
244 -2.972389 -2.920539 -2.903339 1.620551 1.810501 7.285251 12.947491 13.022401 13.025051
245 -2.956589 -2.901279 -2.882679 1.628741 1.819401 7.590001 12.696251 12.771191 12.850851
246 -2.948529 -2.897429 -2.844799 1.636091 1.827431 7.899331 12.458021 12.531831 12.695931
247 -2.941239 -2.892139 -2.813589 1.642611 1.834591 8.212961 12.231541 12.304281 12.558451
248 -2.933429 -2.885479 -2.790269 1.648301 1.840881 8.530491 12.015791 12.087491 12.437891
249 -2.924849 -2.877579 -2.774909 1.653181 1.846311 8.851431 11.809861 11.880571 12.333691
250 -2.915529 -2.868559 -2.767179 1.657261 1.850881 9.175121 11.613031 11.682771 12.245291
251 -2.905619 -2.858529 -2.766559 1.660551 1.854591 9.500761 11.424691 11.493471 12.172181
252 -2.895419 -2.847639 -2.772309 1.663071 1.857461 9.827211 11.244381 11.312191 12.113991
253 -2.885509 -2.835989 -2.783369 1.664831 1.859501 10.152891 11.071811 11.138491 12.070651
254 -2.877299 -2.823719 -2.797819 1.665861 1.860711 10.474831 10.907331 10.972051 12.042751
255 -2.874579 -2.811419 -2.810819 1.666181 1.861111 10.729511 10.809161 10.813811 12.032391
