1 -36.1569 -36.1569 -36.1569 -36.1259 -36.1259 -15.0059 5.8941 5.8941 5.8941 13.3221 13.3221 13.3221
2 -36.1569 -36.1569 -36.1569 -36.1259 -36.1259 -15.0039 5.8831 5.8871 5.8871 13.3181 13.3181 13.3241
3 -36.1569 -36.1569 -36.1569 -36.1259 -36.1259 -14.9969 5.8501 5.8681 5.8681 13.3041 13.3041 13.3311
4 -36.1569 -36.1569 -36.1569 -36.1259 -36.1259 -14.9869 5.7971 5.8361 5.8361 13.2841 13.2841 13.3411
5 -36.1559 -36.1559 -36.1559 -36.1259 -36.1259 -14.9719 5.7241 5.7911 5.7911 13.2571 13.2571 13.3561
6 -36.1559 -36.1559 -36.1559 -36.1259 -36.1259 -14.9519 5.6321 5.7331 5.7331 13.2281 13.2281 13.3761
7 -36.1559 -36.1559 -36.1559 -36.1259 -36.1259 -14.9289 5.5231 5.6641 5.6641 13.1961 13.1961 13.3991
8 -36.1559 -36.1559 -36.1559 -36.1269 -36.1259 -14.9009 5.3981 5.5841 5.5841 13.1661 13.1661 13.4271
9 -36.1559 -36.1559 -36.1549 -36.1269 -36.1259 -14.8689 5.2601 5.4931 5.4931 13.1381 13.1381 13.4591
10 -36.1549 -36.1549 -36.1549 -36.1269 -36.1259 -14.8319 5.1101 5.3911 5.3911 13.1141 13.1141 13.4951
11 -36.1549 -36.1549 -36.1549 -36.1269 -36.1259 -14.7919 4.9501 5.2801 5.2801 13.0961 13.0961 13.3771
12 -36.1549 -36.1549 -36.1539 -36.1269 -36.1259 -14.7469 4.7811 5.1611 5.1611 13.0831 13.0831 13.0891
13 -36.1539 -36.1539 -36.1539 -36.1279 -36.1259 -14.6969 4.6041 5.0331 5.0331 12.8051 13.0771 13.0771
14 -36.1539 -36.1539 -36.1529 -36.1279 -36.1259 -14.6439 4.4221 4.8981 4.8981 12.5241 13.0791 13.0791
15 -36.1539 -36.1539 -36.1529 -36.1279 -36.1259 -14.5859 4.2341 4.7561 4.7561 12.2481 13.0881 13.0881
16 -36.1529 -36.1529 -36.1519 -36.1289 -36.1259 -14.5239 4.0431 4.6091 4.6091 11.9761 13.1051 13.1051
17 -36.1529 -36.1529 -36.1509 -36.1289 -36.1259 -14.4579 3.8491 4.4561 4.4561 11.7091 13.1301 13.1301
18 -36.1519 -36.1519 -36.1509 -36.1299 -36.1259 -14.3879 3.6521 4.2991 4.2991 11.4451 13.1621 13.1621
19 -36.1509 -36.1509 -36.1499 -36.1299 -36.1259 -14.3139 3.4541 4.1381 4.1381 11.1861 13.2021 13.2021
20 -36.1509 -36.1509 -36.1489 -36.1309 -36.1259 -14.2349 3.2561 3.9731 3.9731 10.9321 13.2501 13.2501
21 -36.1499 -36.1499 -36.1489 -36.1309 -36.1259 -14.1519 3.0571 3.8071 3.8071 10.6821 13.3061 13.3061
22 -36.1499 -36.1499 -36.1479 -36.1319 -36.1259 -14.0649 2.8581 3.6381 3.6381 10.4361 13.3681 13.3681
23 -36.1489 -36.1489 -36.1469 -36.1319 -36.1269 -13.9739 2.6611 3.4671 3.4671 10.1951 13.4381 13.4381
24 -36.1479 -36.1479 -36.1459 -36.1329 -36.1269 -13.8789 2.4641 3.2961 3.2961 9.9581 13.5151 13.5151
25 -36.1479 -36.1479 -36.1459 -36.1329 -36.1269 -13.7799 2.2691 3.1231 3.1231 9.7251 13.5981 13.5981
26 -36.1469 -36.1469 -36.1449 -36.1339 -36.1269 -13.6769 2.0751 2.9511 2.9511 9.4971 13.6881 13.6881
27 -36.1459 -36.1459 -36.1439 -36.1339 -36.1269 -13.5699 1.8841 2.7781 2.7781 9.2741 13.7851 13.7851
28 -36.1449 -36.1449 -36.1429 -36.1349 -36.1279 -13.4579 1.6951 2.6071 2.6071 9.0551 13.8881 13.8881
29 -36.1439 -36.1439 -36.1419 -36.1359 -36.1279 -13.3429 1.5091 2.4351 2.4351 8.8401 13.9971 13.9971
30 -36.1429 -36.1429 -36.1409 -36.1359 -36.1279 -13.2239 1.3251 2.2651 2.2651 8.6291 14.1121 14.1121
31 -36.1429 -36.1429 -36.1399 -36.1369 -36.1289 -13.1019 1.1441 2.0961 2.0961 8.4241 14.2341 14.2341
32 -36.1419 -36.1419 -36.1389 -36.1379 -36.1289 -12.9749 0.9671 1.9291 1.9291 8.2221 14.3611 14.3611
33 -36.1409 -36.1409 -36.1379 -36.1379 -36.1299 -12.8449 0.7931 1.7641 1.7641 8.0251 14.4941 14.4941
34 -36.1399 -36.1399 -36.1389 -36.1369 -36.1299 -12.7109 0.6221 1.6001 1.6001 7.8331 14.6321 14.6321
35 -36.1399 -36.1389 -36.1389 -36.1359 -36.1309 -12.5729 0.4551 1.4391 1.4391 7.6451 14.7761 14.7761
36 -36.1399 -36.1379 -36.1379 -36.1349 -36.1309 -12.4319 0.2911 1.2801 1.2801 7.4611 14.9261 14.9261
37 -36.1409 -36.1369 -36.1369 -36.1339 -36.1319 -12.2869 0.1321 1.1231 1.1231 7.2821 15.0811 15.0811
38 -36.1419 -36.1359 -36.1359 -36.1329 -36.1329 -12.1389 -0.0239 0.9691 0.9691 7.1071 15.2411 15.2411
39 -36.1419 -36.1349 -36.1349 -36.1329 -36.1319 -11.9869 -0.1759 0.8181 0.8181 6.9371 15.2051 15.4071
40 -36.1429 -36.1339 -36.1339 -36.1339 -36.1309 -11.8329 -0.3229 0.6701 0.6701 6.7711 14.8961 15.5781
41 -36.1439 -36.1349 -36.1329 -36.1329 -36.1299 -11.6749 -0.4669 0.5241 0.5241 6.6091 14.5611 15.7541
42 -36.1439 -36.1359 -36.1319 -36.1319 -36.1289 -11.5139 -0.6059 0.3821 0.3821 6.4521 14.2071 15.9351
43 -36.1449 -36.1359 -36.1309 -36.1309 -36.1279 -11.3499 -0.7409 0.2431 0.2431 6.3001 13.8371 16.1211
44 -36.1459 -36.1369 -36.1299 -36.1299 -36.1269 -11.1839 -0.8709 0.1081 0.1081 6.1521 13.4551 16.3121
45 -36.1459 -36.1379 -36.1289 -36.1289 -36.1259 -11.0149 -0.9959 -0.0249 -0.0249 6.0081 13.0651 16.5081
46 -36.1469 -36.1389 -36.1279 -36.1279 -36.1249 -10.8439 -1.1169 -0.1529 -0.1529 5.8691 12.6701 16.7091
47 -36.1479 -36.1399 -36.1269 -36.1269 -36.1239 -10.6699 -1.2329 -0.2789 -0.2789 5.7341 12.2711 16.9151
48 -36.1479 -36.1409 -36.1259 -36.1259 -36.1229 -10.4949 -1.3439 -0.4009 -0.4009 5.6041 11.8701 17.1251
49 -36.1489 -36.1419 -36.1249 -36.1249 -36.1219 -10.3169 -1.4509 -0.5189 -0.5189 5.4781 11.4701 17.3411
50 -36.1499 -36.1429 -36.1239 -36.1239 -36.1209 -10.1379 -1.5509 -0.6329 -0.6329 5.3571 11.0701 17.5611
51 -36.1499 -36.1439 -36.1229 -36.1229 -36.1209 -9.9579 -1.6469 -0.7439 -0.7439 5.2401 10.6721 17.7861
52 -36.1509 -36.1439 -36.1219 -36.1219 -36.1199 -9.7779 -1.7369 -0.8499 -0.8499 5.1271 10.2771 18.0161
53 -36.1519 -36.1449 -36.1209 -36.1209 -36.1189 -9.5959 -1.8219 -0.9529 -0.9529 5.0191 9.8851 18.2501
54 -36.1519 -36.1459 -36.1199 -36.1199 -36.1179 -9.4149 -1.9009 -1.0519 -1.0519 4.9151 9.4981 18.4901
55 -36.1529 -36.1469 -36.1189 -36.1189 -36.1169 -9.2329 -1.9739 -1.1469 -1.1469 4.8161 9.1161 18.7331
56 -36.1529 -36.1479 -36.1179 -36.1179 -36.1159 -9.0529 -2.0409 -1.2379 -1.2379 4.7211 8.7391 18.9821
57 -36.1539 -36.1489 -36.1169 -36.1169 -36.1159 -8.8739 -2.1019 -1.3249 -1.3249 4.6301 8.3691 19.2351
58 -36.1539 -36.1499 -36.1159 -36.1159 -36.1149 -8.6959 -2.1569 -1.4079 -1.4079 4.5441 8.0051 19.4921
59 -36.1549 -36.1509 -36.1159 -36.1159 -36.1139 -8.5219 -2.2039 -1.4869 -1.4869 4.4631 7.6501 19.7551
60 -36.1549 -36.1519 -36.1149 -36.1149 -36.1139 -8.3499 -2.2459 -1.5619 -1.5619 4.3851 7.3021 20.0211
61 -36.1559 -36.1519 -36.1139 -36.1139 -36.1129 -8.1829 -2.2799 -1.6329 -1.6329 4.3131 6.9631 20.2931
62 -36.1559 -36.1529 -36.1129 -36.1129 -36.1119 -8.0199 -2.3069 -1.6989 -1.6989 4.2441 6.6351 20.5681
63 -36.1569 -36.1539 -36.1129 -36.1129 -36.1119 -7.8619 -2.3279 -1.7619 -1.7619 4.1801 6.3161 20.8491
64 -36.1569 -36.1549 -36.1119 -36.1119 -36.1109 -7.7109 -2.3409 -1.8199 -1.8199 4.1211 6.0101 21.1331
65 -36.1569 -36.1549 -36.1109 -36.1109 -36.1109 -7.5679 -2.3479 -1.8739 -1.8739 4.0661 5.7161 21.4231
66 -36.1579 -36.1559 -36.1109 -36.1109 -36.1099 -7.4319 -2.3479 -1.9229 -1.9229 4.0151 5.4361 21.7161
67 -36.1579 -36.1569 -36.1099 -36.1099 -36.1099 -7.3059 -2.3419 -1.9679 -1.9679 3.9691 5.1711 22.0151
68 -36.1579 -36.1569 -36.1099 -36.1099 -36.1099 -7.1889 -2.3299 -2.0099 -2.0099 3.9271 4.9241 22.3171
69 -36.1579 -36.1579 -36.1089 -36.1089 -36.1089 -7.0829 -2.3139 -2.0459 -2.0459 3.8891 4.6941 22.6241
70 -36.1589 -36.1579 -36.1089 -36.1089 -36.1089 -6.9879 -2.2949 -2.0789 -2.0789 3.8561 4.4851 22.9361
71 -36.1589 -36.1579 -36.1089 -36.1089 -36.1089 -6.9039 -2.2729 -2.1069 -2.1069 3.8281 4.2991 23.2521
72 -36.1589 -36.1589 -36.1079 -36.1079 -36.1079 -6.8329 -2.2509 -2.1309 -2.1309 3.8031 4.1361 23.5721
73 -36.1589 -36.1589 -36.1079 -36.1079 -36.1079 -6.7749 -2.2299 -2.1499 -2.1499 3.7841 3.9991 23.8961
74 -36.1589 -36.1589 -36.1079 -36.1079 -36.1079 -6.7289 -2.2119 -2.1659 -2.1659 3.7681 3.8911 24.2251
75 -36.1589 -36.1589 -36.1079 -36.1079 -36.1079 -6.6959 -2.1969 -2.1759 -2.1759 3.7571 3.8121 24.5591
76 -36.1589 -36.1589 -36.1079 -36.1079 -36.1079 -6.6759 -2.1879 -2.1829 -2.1829 3.7501 3.7641 24.8961
77 -36.1589 -36.1589 -36.1079 -36.1079 -36.1079 -6.6699 -2.1849 -2.1849 -2.1849 3.7481 3.7481 25.2351
78 -36.1589 -36.1589 -36.1079 -36.1079 -36.1079 -6.6759 -2.1929 -2.1829 -2.1779 3.7541 3.7611 24.8591
79 -36.1589 -36.1589 -36.1079 -36.1079 -36.1079 -6.6959 -2.2169 -2.1769 -2.1569 3.7711 3.7981 24.4391
80 -36.1589 -36.1589 -36.1079 -36.1079 -36.1079 -6.7269 -2.2569 -2.1659 -2.1219 3.7991 3.8591 24.0041
81 -36.1589 -36.1589 -36.1089 -36.1079 -36.1079 -6.7709 -2.3109 -2.1509 -2.0739 3.8381 3.9441 23.5631
82 -36.1589 -36.1589 -36.1089 -36.1079 -36.1079 -6.8249 -2.3789 -2.1309 -2.0129 3.8891 4.0501 23.1211
83 -36.1589 -36.1579 -36.1099 -36.1089 -36.1079 -6.8899 -2.4579 -2.1079 -1.9419 3.9501 4.1771 22.6811
84 -36.1589 -36.1579 -36.1099 -36.1089 -36.1079 -6.9619 -2.5469 -2.0799 -1.8609 4.0231 4.3231 22.2431
85 -36.1579 -36.1579 -36.1109 -36.1089 -36.1079 -7.0429 -2.6459 -2.0479 -1.7709 4.1071 4.4861 21.8081
86 -36.1579 -36.1569 -36.1119 -36.1099 -36.1079 -7.1299 -2.7519 -2.0119 -1.6729 4.2021 4.6661 21.3771
87 -36.1579 -36.1569 -36.1129 -36.1099 -36.1069 -7.2219 -2.8639 -1.9709 -1.5679 4.3081 4.8611 20.9491
88 -36.1569 -36.1559 -36.1139 -36.1109 -36.1069 -7.3189 -2.9809 -1.9259 -1.4579 4.4241 5.0691 20.5261
89 -36.1569 -36.1559 -36.1149 -36.1109 -36.1069 -7.4199 -3.1029 -1.8769 -1.3419 4.5511 5.2891 20.1071
90 -36.1559 -36.1549 -36.1159 -36.1119 -36.1069 -7.5239 -3.2269 -1.8249 -1.2219 4.6891 5.5221 19.6931
91 -36.1559 -36.1549 -36.1169 -36.1119 -36.1069 -7.6289 -3.3519 -1.7669 -1.0979 4.8371 5.7651 19.2831
92 -36.1559 -36.1539 -36.1179 -36.1129 -36.1069 -7.7359 -3.4799 -1.7059 -0.9719 4.9951 6.0171 18.8781
93 -36.1549 -36.1529 -36.1199 -36.1139 -36.1069 -7.8439 -3.6079 -1.6409 -0.8419 5.1631 6.2791 18.4771
94 -36.1549 -36.1529 -36.1209 -36.1139 -36.1069 -7.9519 -3.7349 -1.5719 -0.7099 5.3401 6.5501 18.0811
95 -36.1539 -36.1519 -36.1229 -36.1149 -36.1069 -8.0599 -3.8629 -1.4989 -0.5759 5.5261 6.8291 17.6901
96 -36.1539 -36.1509 -36.1239 -36.1159 -36.1059 -8.1679 -3.9889 -1.4219 -0.4409 5.7201 7.1161 17.3031
97 -36.1529 -36.1499 -36.1259 -36.1169 -36.1059 -8.2749 -4.1139 -1.3419 -0.3029 5.9231 7.4101 16.9221
98 -36.1529 -36.1489 -36.1269 -36.1169 -36.1059 -8.3799 -4.2379 -1.2579 -0.1639 6.1331 7.7111 16.5461
99 -36.1519 -36.1479 -36.1289 -36.1179 -36.1059 -8.4849 -4.3589 -1.1699 -0.0239 6.3491 8.0191 16.1741
100 -36.1519 -36.1479 -36.1299 -36.1189 -36.1059 -8.5869 -4.4789 -1.0779 0.1181 6.5721 8.3331 15.8081
101 -36.1509 -36.1469 -36.1319 -36.1199 -36.1059 -8.6879 -4.5949 -0.9829 0.2611 6.8001 8.6531 15.4481
102 -36.1509 -36.1459 -36.1339 -36.1199 -36.1059 -8.7859 -4.7099 -0.8849 0.4061 7.0321 8.9801 15.0931
103 -36.1499 -36.1449 -36.1349 -36.1209 -36.1059 -8.8819 -4.8209 -0.7829 0.5521 7.2671 9.3121 14.7431
104 -36.1499 -36.1439 -36.1369 -36.1219 -36.1049 -8.9759 -4.9289 -0.6789 0.6991 7.5031 9.6501 14.3991
105 -36.1489 -36.1429 -36.1389 -36.1219 -36.1049 -9.0679 -5.0339 -0.5709 0.8481 7.7391 9.9941 14.0611
106 -36.1489 -36.1419 -36.1409 -36.1229 -36.1049 -9.1559 -5.1359 -0.4609 0.9991 7.9731 10.3431 13.7281
107 -36.1489 -36.1419 -36.1409 -36.1239 -36.1049 -9.2419 -5.2349 -0.3479 1.1501 8.2021 10.6971 13.4021
108 -36.1479 -36.1439 -36.1409 -36.1239 -36.1049 -9.3249 -5.3299 -0.2329 1.3031 8.4221 11.0561 13.0821
109 -36.1479 -36.1459 -36.1399 -36.1249 -36.1049 -9.4039 -5.4219 -0.1149 1.4581 8.6291 11.4201 12.7691
110 -36.1479 -36.1469 -36.1389 -36.1249 -36.1049 -9.4809 -5.5099 0.0051 1.6141 8.8201 11.7901 12.4631
111 -36.1489 -36.1479 -36.1379 -36.1259 -36.1039 -9.5549 -5.5939 0.1261 1.7711 8.9881 12.1631 12.1641
112 -36.1499 -36.1469 -36.1369 -36.1259 -36.1039 -9.6249 -5.6749 0.2481 1.9301 9.1271 11.8711 12.5431
113 -36.1519 -36.1469 -36.1359 -36.1259 -36.1039 -9.6919 -5.7509 0.3721 2.0891 9.2331 11.5871 12.9271
114 -36.1529 -36.1469 -36.1359 -36.1259 -36.1039 -9.7549 -5.8239 0.4961 2.2501 9.3001 11.3111 13.3161
115 -36.1549 -36.1469 -36.1349 -36.1269 -36.1039 -9.8159 -5.8929 0.6201 2.4111 9.3261 11.0441 13.7091
116 -36.1559 -36.1469 -36.1339 -36.1269 -36.1039 -9.8719 -5.9579 0.7431 2.5731 9.3131 10.7851 14.0851
117 -36.1569 -36.1479 -36.1329 -36.1269 -36.1039 -9.9259 -6.0179 0.8661 2.7341 9.2631 10.5371 14.2321
118 -36.1579 -36.1479 -36.1329 -36.1269 -36.1039 -9.9749 -6.0749 0.9871 2.8961 9.1831 10.2991 14.4231
119 -36.1589 -36.1479 -36.1319 -36.1269 -36.1029 -10.0219 -6.1279 1.1051 3.0561 9.0781 10.0721 14.6501
120 -36.1599 -36.1479 -36.1319 -36.1269 -36.1029 -10.0639 -6.1759 1.2211 3.2151 8.9541 9.8571 14.9101
121 -36.1609 -36.1479 -36.1309 -36.1269 -36.1029 -10.1029 -6.2209 1.3311 3.3711 8.8181 9.6551 15.1951
122 -36.1619 -36.1479 -36.1309 -36.1269 -36.1029 -10.1379 -6.2609 1.4371 3.5231 8.6741 9.4671 15.5021
123 -36.1629 -36.1489 -36.1299 -36.1269 -36.1029 -10.1699 -6.2969 1.5361 3.6701 8.5281 9.2941 15.8261
124 -36.1639 -36.1489 -36.1299 -36.1269 -36.1029 -10.1979 -6.3289 1.6281 3.8101 8.3841 9.1371 16.1631
125 -36.1639 -36.1489 -36.1289 -36.1269 -36.1029 -10.2219 -6.3569 1.7111 3.9411 8.2471 8.9971 16.5101
126 -36.1649 -36.1489 -36.1289 -36.1269 -36.1029 -10.2429 -6.3799 1.7841 4.0601 8.1201 8.8771 16.8621
127 -36.1649 -36.1489 -36.1289 -36.1269 -36.1029 -10.2599 -6.3989 1.8461 4.1651 8.0071 8.7761 17.2121
128 -36.1659 -36.1489 -36.1289 -36.1269 -36.1029 -10.2729 -6.4139 1.8951 4.2511 7.9141 8.6961 17.5511
129 -36.1659 -36.1489 -36.1289 -36.1269 -36.1029 -10.2819 -6.4249 1.9311 4.3151 7.8441 8.6391 17.8581
130 -36.1659 -36.1489 -36.1289 -36.1269 -36.1029 -10.2879 -6.4309 1.9531 4.3561 7.8001 8.6041 18.0931
131 -36.1659 -36.1489 -36.1289 -36.1269 -36.1029 -10.2899 -6.4329 1.9611 4.3691 7.7851 8.5921 18.1861
132 -36.1659 -36.1489 -36.1289 -36.1269 -36.1029 -10.3019 -6.4169 1.9631 4.3711 7.7881 8.5941 18.1671
133 -36.1659 -36.1489 -36.1289 -36.1269 -36.1029 -10.3379 -6.3689 1.9691 4.3741 7.7951 8.6001 18.1111
134 -36.1659 -36.1489 -36.1289 -36.1269 -36.1029 -10.3969 -6.2909 1.9801 4.3801 7.8071 8.6111 18.0261
135 -36.1659 -36.1489 -36.1279 -36.1269 -36.1039 -10.4749 -6.1849 1.9951 4.3891 7.8231 8.6251 17.9161
136 -36.1659 -36.1489 -36.1279 -36.1269 -36.1039 -10.5699 -6.0549 2.0141 4.4001 7.8441 8.6441 17.7901
137 -36.1659 -36.1489 -36.1279 -36.1269 -36.1049 -10.6779 -5.9019 2.0371 4.4131 7.8701 8.6671 17.6531
138 -36.1659 -36.1489 -36.1279 -36.1269 -36.1049 -10.7979 -5.7309 2.0641 4.4281 7.9011 8.6941 17.5091
139 -36.1659 -36.1489 -36.1279 -36.1269 -36.1059 -10.9259 -5.5439 2.0961 4.4461 7.9361 8.7251 17.3611
140 -36.1659 -36.1489 -36.1279 -36.1269 -36.1069 -11.0609 -5.3429 2.1311 4.4661 7.9761 8.7611 17.2111
141 -36.1649 -36.1489 -36.1279 -36.1279 -36.1069 -11.1999 -5.1289 2.1711 4.4881 8.0211 8.8001 17.0621
142 -36.1649 -36.1489 -36.1279 -36.1279 -36.1079 -11.3419 -4.9049 2.2151 4.5121 8.0711 8.8441 16.9131
143 -36.1649 -36.1479 -36.1279 -36.1279 -36.1089 -11.4859 -4.6709 2.2631 4.5391 8.1251 8.8911 16.7681
144 -36.1649 -36.1479 -36.1279 -36.1279 -36.1099 -11.6309 -4.4279 2.3151 4.5671 8.1851 8.9431 16.6251
145 -36.1649 -36.1479 -36.1289 -36.1279 -36.1109 -11.7759 -4.1779 2.3711 4.5971 8.2491 8.9991 16.4861
146 -36.1649 -36.1479 -36.1289 -36.1279 -36.1129 -11.9209 -3.9209 2.4311 4.6291 8.3181 9.0591 16.3511
147 -36.1639 -36.1479 -36.1289 -36.1279 -36.1139 -12.0649 -3.6569 2.4951 4.6631 8.3921 9.1241 16.2201
148 -36.1639 -36.1479 -36.1289 -36.1279 -36.1149 -12.2069 -3.3879 2.5621 4.6991 8.4711 9.1921 16.0951
149 -36.1639 -36.1479 -36.1289 -36.1279 -36.1159 -12.3469 -3.1139 2.6341 4.7361 8.5541 9.2641 15.9741
150 -36.1639 -36.1479 -36.1299 -36.1279 -36.1179 -12.4839 -2.8349 2.7091 4.7741 8.6431 9.3411 15.8591
151 -36.1629 -36.1479 -36.1299 -36.1279 -36.1189 -12.6199 -2.5519 2.7871 4.8141 8.7371 9.4211 15.7501
152 -36.1629 -36.1479 -36.1299 -36.1279 -36.1209 -12.7519 -2.2649 2.8691 4.8541 8.8361 9.5051 15.6471
153 -36.1629 -36.1479 -36.1299 -36.1279 -36.1219 -12.8809 -1.9739 2.9551 4.8961 8.9401 9.5941 15.5501
154 -36.1629 -36.1479 -36.1299 -36.1269 -36.1239 -13.0079 -1.6789 3.0441 4.9391 9.0491 9.6861 15.4601
155 -36.1619 -36.1479 -36.1299 -36.1269 -36.1249 -13.1309 -1.3819 3.1361 4.9831 9.1631 9.7821 15.3751
156 -36.1619 -36.1489 -36.1299 -36.1269 -36.1269 -13.2509 -1.0819 3.2321 5.0271 9.2821 9.8821 15.2981
157 -36.1619 -36.1489 -36.1299 -36.1279 -36.1269 -13.3669 -0.7799 3.3301 5.0711 9.4061 9.9861 15.2271
158 -36.1609 -36.1489 -36.1299 -36.1299 -36.1269 -13.4799 -0.4749 3.4321 5.1161 9.5361 10.0941 15.1641
159 -36.1609 -36.1489 -36.1309 -36.1299 -36.1269 -13.5879 -0.1689 3.5351 5.1611 9.6711 10.2051 15.1081
160 -36.1609 -36.1499 -36.1329 -36.1299 -36.1269 -13.6939 0.1381 3.6421 5.2061 9.8111 10.3201 15.0591
161 -36.1609 -36.1499 -36.1349 -36.1299 -36.1269 -13.7949 0.4471 3.7511 5.2511 9.9571 10.4391 15.0171
162 -36.1599 -36.1499 -36.1359 -36.1289 -36.1269 -13.8929 0.7551 3.8611 5.2951 10.1081 10.5611 14.9831
163 -36.1599 -36.1509 -36.1379 -36.1289 -36.1269 -13.9859 1.0641 3.9741 5.3391 10.2641 10.6861 14.9571
164 -36.1599 -36.1509 -36.1389 -36.1289 -36.1269 -14.0759 1.3721 4.0881 5.3821 10.4251 10.8151 14.9391
165 -36.1599 -36.1509 -36.1409 -36.1289 -36.1269 -14.1619 1.6791 4.2041 5.4241 10.5921 10.9471 14.9281
166 -36.1589 -36.1519 -36.1419 -36.1289 -36.1269 -14.2429 1.9851 4.3201 5.4661 10.7631 11.0821 14.9261
167 -36.1589 -36.1519 -36.1429 -36.1279 -36.1259 -14.3209 2.2881 4.4371 5.5061 10.9391 11.2191 14.9321
168 -36.1589 -36.1529 -36.1449 -36.1279 -36.1259 -14.3949 2.5881 4.5541 5.5441 11.1201 11.3591 14.9461
169 -36.1589 -36.1529 -36.1459 -36.1279 -36.1259 -14.4639 2.8841 4.6711 5.5821 11.3051 11.5021 14.9681
170 -36.1579 -36.1529 -36.1469 -36.1279 -36.1259 -14.5289 3.1751 4.7871 5.6171 11.4931 11.6461 14.9991
171 -36.1579 -36.1539 -36.1479 -36.1279 -36.1259 -14.5909 3.4601 4.9021 5.6511 11.6841 11.7911 15.0161
172 -36.1579 -36.1539 -36.1489 -36.1269 -36.1259 -14.6479 3.7381 5.0141 5.6831 11.8771 11.9381 14.9261
173 -36.1579 -36.1549 -36.1499 -36.1269 -36.1259 -14.7009 4.0081 5.1231 5.7131 12.0701 12.0851 14.7101
174 -36.1579 -36.1549 -36.1509 -36.1269 -36.1259 -14.7489 4.2681 5.2291 5.7411 12.2311 12.2611 14.5051
175 -36.1569 -36.1549 -36.1519 -36.1269 -36.1259 -14.7939 4.5161 5.3311 5.7671 12.3761 12.4461 14.3141
176 -36.1569 -36.1549 -36.1529 -36.1269 -36.1259 -14.8339 4.7501 5.4271 5.7911 12.5181 12.6231 14.1361
177 -36.1569 -36.1559 -36.1539 -36.1259 -36.1259 -14.8699 4.9691 5.5171 5.8121 12.6571 12.7871 13.9731
178 -36.1569 -36.1559 -36.1549 -36.1259 -36.1259 -14.9019 5.1711 5.5991 5.8311 12.7891 12.9331 13.8271
179 -36.1569 -36.1559 -36.1549 -36.1259 -36.1259 -14.9289 5.3521 5.6741 5.8481 12.9131 13.0561 13.6971
180 -36.1569 -36.1559 -36.1559 -36.1259 -36.1259 -14.9529 5.5111 5.7381 5.8621 13.0261 13.1531 13.5851
181 -36.1569 -36.1559 -36.1559 -36.1259 -36.1259 -14.9719 5.6451 5.7931 5.8731 13.1261 13.2251 13.4921
182 -36.1569 -36.1569 -36.1559 -36.1259 -36.1259 -14.9869 5.7521 5.8371 5.8821 13.2091 13.2731 13.4181
183 -36.1569 -36.1569 -36.1569 -36.1259 -36.1259 -14.9969 5.8301 5.8681 5.8891 13.2711 13.3021 13.3651
184 -36.1569 -36.1569 -36.1569 -36.1259 -36.1259 -15.0039 5.8781 5.8871 5.8931 13.3091 13.3181 13.3331
185 -36.1569 -36.1569 -36.1569 -36.1259 -36.1259 -15.0059 5.8941 5.8941 5.8941 13.3221 13.3221 13.3221
186 -36.1569 -36.1569 -36.1569 -36.1259 -36.1259 -15.0039 5.8781 5.8911 5.8911 13.3131 13.3131 13.3341
187 -36.1569 -36.1569 -36.1569 -36.1259 -36.1259 -14.9979 5.8311 5.8831 5.8831 13.2861 13.2861 13.3691
188 -36.1569 -36.1569 -36.1559 -36.1259 -36.1259 -14.9889 5.7551 5.8691 5.8691 13.2401 13.2401 13.4251
189 -36.1569 -36.1569 -36.1559 -36.1259 -36.1259 -14.9759 5.6501 5.8501 5.8501 13.1771 13.1771 13.4951
190 -36.1569 -36.1569 -36.1559 -36.1259 -36.1259 -14.9589 5.5211 5.8251 5.8251 13.0971 13.0971 13.5761
191 -36.1569 -36.1569 -36.1549 -36.1259 -36.1259 -14.9379 5.3691 5.7941 5.7941 13.0031 13.0031 13.6601
192 -36.1569 -36.1569 -36.1539 -36.1259 -36.1259 -14.9129 5.1991 5.7561 5.7561 12.8981 12.8981 13.7431
193 -36.1569 -36.1569 -36.1539 -36.1259 -36.1259 -14.8849 5.0111 5.7121 5.7121 12.7831 12.7831 13.8231
194 -36.1569 -36.1569 -36.1529 -36.1259 -36.1259 -14.8519 4.8091 5.6611 5.6611 12.6631 12.6631 13.8971
195 -36.1569 -36.1569 -36.1519 -36.1259 -36.1259 -14.8159 4.5961 5.6021 5.6021 12.5411 12.5411 13.9671
196 -36.1569 -36.1569 -36.1509 -36.1259 -36.1259 -14.7769 4.3731 5.5361 5.5361 12.4191 12.4191 14.0331
197 -36.1569 -36.1569 -36.1499 -36.1269 -36.1269 -14.7329 4.1431 5.4621 5.4621 12.3011 12.3011 14.0961
198 -36.1569 -36.1569 -36.1489 -36.1269 -36.1269 -14.6859 3.9061 5.3801 5.3801 12.1891 12.1891 14.1581
199 -36.1569 -36.1569 -36.1479 -36.1269 -36.1269 -14.6349 3.6641 5.2891 5.2891 12.0841 12.0841 14.2191
200 -36.1569 -36.1569 -36.1469 -36.1269 -36.1269 -14.5799 3.4191 5.1901 5.1901 11.9871 11.9871 14.2811
201 -36.1569 -36.1569 -36.1459 -36.1269 -36.1269 -14.5219 3.1721 5.0831 5.0831 11.9011 11.9011 14.3431
202 -36.1569 -36.1569 -36.1439 -36.1269 -36.1269 -14.4599 2.9221 4.9681 4.9681 11.8251 11.8251 14.4071
203 -36.1569 -36.1569 -36.1429 -36.1269 -36.1269 -14.3939 2.6721 4.8441 4.8441 11.7611 11.7611 14.4731
204 -36.1569 -36.1569 -36.1419 -36.1269 -36.1269 -14.3249 2.4211 4.7131 4.7131 11.7081 11.7081 14.5401
205 -36.1569 -36.1569 -36.1399 -36.1269 -36.1269 -14.2519 2.1701 4.5751 4.5751 11.6671 11.6671 14.6101
206 -36.1569 -36.1569 -36.1389 -36.1279 -36.1279 -14.1749 1.9211 4.4301 4.4301 11.6371 11.6371 14.6831
207 -36.1569 -36.1569 -36.1379 -36.1279 -36.1279 -14.0949 1.6721 4.2781 4.2781 11.6191 11.6191 14.7581
208 -36.1569 -36.1569 -36.1359 -36.1279 -36.1279 -14.0109 1.4251 4.1201 4.1201 11.6121 11.6121 14.8351
209 -36.1569 -36.1569 -36.1349 -36.1279 -36.1279 -13.9239 1.1801 3.9581 3.9581 11.6171 11.6171 14.9151
210 -36.1559 -36.1559 -36.1329 -36.1279 -36.1279 -13.8329 0.9371 3.7901 3.7901 11.6311 11.6311 14.9981
211 -36.1559 -36.1559 -36.1319 -36.1279 -36.1279 -13.7389 0.6961 3.6191 3.6191 11.6561 11.6561 15.0841
212 -36.1559 -36.1559 -36.1309 -36.1279 -36.1279 -13.6409 0.4591 3.4441 3.4441 11.6901 11.6901 15.1721
213 -36.1559 -36.1559 -36.1289 -36.1279 -36.1279 -13.5399 0.2241 3.2661 3.2661 11.7341 11.7341 15.2641
214 -36.1559 -36.1559 -36.1279 -36.1279 -36.1279 -13.4359 -0.0069 3.0851 3.0851 11.7871 11.7871 15.3581
215 -36.1559 -36.1559 -36.1279 -36.1279 -36.1269 -13.3279 -0.2359 2.9031 2.9031 11.8481 11.8481 15.4551
216 -36.1559 -36.1559 -36.1279 -36.1279 -36.1259 -13.2169 -0.4599 2.7181 2.7181 11.9171 11.9171 15.5541
217 -36.1559 -36.1559 -36.1279 -36.1279 -36.1239 -13.1029 -0.6809 2.5331 2.5331 11.9931 11.9931 15.6571
218 -36.1559 -36.1559 -36.1289 -36.1289 -36.1229 -12.9859 -0.8979 2.3481 2.3481 12.0781 12.0781 15.7621
219 -36.1559 -36.1559 -36.1289 -36.1289 -36.1219 -12.8659 -1.1099 2.1621 2.1621 12.1691 12.1691 15.8691
220 -36.1559 -36.1559 -36.1289 -36.1289 -36.1209 -12.7439 -1.3179 1.9761 1.9761 12.2661 12.2661 15.9791
221 -36.1549 -36.1549 -36.1289 -36.1289 -36.1199 -12.6179 -1.5219 1.7901 1.7901 12.3701 12.3701 16.0921
222 -36.1549 -36.1549 -36.1289 -36.1289 -36.1189 -12.4899 -1.7209 1.6051 1.6051 12.4811 12.4811 16.2071
223 -36.1549 -36.1549 -36.1289 -36.1289 -36.1189 -12.3589 -1.9159 1.4211 1.4211 12.5961 12.5961 16.3251
224 -36.1549 -36.1549 -36.1289 -36.1289 -36.1179 -12.2259 -2.1049 1.2381 1.2381 12.7181 12.7181 16.4441
225 -36.1539 -36.1539 -36.1289 -36.1289 -36.1169 -12.0909 -2.2889 1.0561 1.0561 12.8451 12.8451 16.5661
226 -36.1539 -36.1539 -36.1289 -36.1289 -36.1169 -11.9529 -2.4669 0.8761 0.8761 12.9771 12.9771 16.6891
227 -36.1539 -36.1539 -36.1289 -36.1289 -36.1159 -11.8139 -2.6389 0.6981 0.6981 13.1141 13.1141 16.8141
228 -36.1539 -36.1539 -36.1289 -36.1289 -36.1159 -11.6729 -2.8059 0.5211 0.5211 13.2561 13.2561 16.9411
229 -36.1529 -36.1529 -36.1289 -36.1289 -36.1159 -11.5319 -2.9659 0.3471 0.3471 13.4021 13.4021 17.0691
230 -36.1529 -36.1529 -36.1289 -36.1289 -36.1159 -11.3889 -3.1189 0.1751 0.1751 13.5521 13.5521 17.1981
231 -36.1529 -36.1529 -36.1289 -36.1289 -36.1159 -11.2449 -3.2649 0.0051 0.0051 13.7071 13.7071 17.3271
232 -36.1519 -36.1519 -36.1289 -36.1289 -36.1159 -11.1009 -3.4039 -0.1619 -0.1619 13.8651 13.8651 17.4571
233 -36.1519 -36.1519 -36.1289 -36.1289 -36.1159 -10.9579 -3.5349 -0.3269 -0.3269 14.0271 14.0271 17.5861
234 -36.1509 -36.1509 -36.1289 -36.1289 -36.1159 -10.8149 -3.6579 -0.4889 -0.4889 14.1931 14.1931 17.7141
235 -36.1509 -36.1509 -36.1289 -36.1289 -36.1159 -10.6729 -3.7709 -0.6489 -0.6489 14.3611 14.3611 17.8421
236 -36.1499 -36.1499 -36.1289 -36.1289 -36.1169 -10.5339 -3.8749 -0.8059 -0.8059 14.5331 14.5331 17.9671
237 -36.1499 -36.1499 -36.1289 -36.1289 -36.1169 -10.3959 -3.9689 -0.9589 -0.9589 14.7081 14.7081 18.0891
238 -36.1489 -36.1489 -36.1279 -36.1279 -36.1179 -10.2619 -4.0509 -1.1099 -1.1099 14.8851 14.8851 18.2071
239 -36.1489 -36.1489 -36.1279 -36.1279 -36.1189 -10.1319 -4.1219 -1.2579 -1.2579 15.0641 15.0641 18.3201
240 -36.1479 -36.1479 -36.1279 -36.1279 -36.1189 -10.0069 -4.1809 -1.4019 -1.4019 15.2451 15.2451 18.4261
241 -36.1469 -36.1469 -36.1279 -36.1279 -36.1199 -9.8879 -4.2259 -1.5439 -1.5439 15.4281 15.4281 18.5241
242 -36.1469 -36.1469 -36.1279 -36.1279 -36.1209 -9.7749 -4.2569 -1.6819 -1.6819 15.6121 15.6121 18.6131
243 -36.1459 -36.1459 -36.1279 -36.1279 -36.1219 -9.6689 -4.2719 -1.8169 -1.8169 15.7971 15.7971 18.6891
244 -36.1459 -36.1459 -36.1279 -36.1279 -36.1229 -9.5719 -4.2719 -1.9489 -1.9489 15.9821 15.9821 18.7501
245 -36.1449 -36.1449 -36.1279 -36.1279 -36.1239 -9.4829 -4.2549 -2.0769 -2.0769 16.1661 16.1661 18.7941
246 -36.1439 -36.1439 -36.1279 -36.1279 -36.1259 -9.4039 -4.2219 -2.2019 -2.2019 16.3501 16.3501 18.8181
247 -36.1439 -36.1439 -36.1279 -36.1279 -36.1269 -9.3349 -4.1709 -2.3239 -2.3239 16.5321 16.5321 18.8191
248 -36.1429 -36.1429 -36.1279 -36.1279 -36.1279 -9.2749 -4.1029 -2.4419 -2.4419 16.7111 16.7111 18.7941
249 -36.1419 -36.1419 -36.1289 -36.1279 -36.1279 -9.2259 -4.0169 -2.5569 -2.5569 16.8871 16.8871 18.7411
250 -36.1409 -36.1409 -36.1309 -36.1279 -36.1279 -9.1849 -3.9139 -2.6679 -2.6679 17.0581 17.0581 18.6581
251 -36.1409 -36.1409 -36.1319 -36.1279 -36.1279 -9.1539 -3.7949 -2.7759 -2.7759 17.2241 17.2241 18.5441
252 -36.1399 -36.1399 -36.1329 -36.1279 -36.1279 -9.1309 -3.6609 -2.8799 -2.8799 17.3821 17.3821 18.3991
253 -36.1389 -36.1389 -36.1349 -36.1279 -36.1279 -9.1149 -3.5109 -2.9799 -2.9799 17.5311 17.5311 18.2251
254 -36.1379 -36.1379 -36.1359 -36.1279 -36.1279 -9.1069 -3.3469 -3.0769 -3.0769 17.6701 17.6701 18.0231
255 -36.1379 -36.1379 -36.1379 -36.1279 -36.1279 -9.1039 -3.1709 -3.1709 -3.1709 17.7971 17.7971 17.7971
