1 -3.496867 0.757013 0.757063 2.386083 14.387703 17.719113 17.724803 22.806973 68.170023
2 -3.500727 0.745233 0.764303 2.399773 14.382283 17.716613 17.731643 22.824043 68.093573
3 -3.512217 0.710913 0.786053 2.439673 14.366493 17.693113 17.767323 22.876333 67.864353
4 -3.531087 0.657063 0.822013 2.502823 14.340893 17.654423 17.826443 22.962963 67.483343
5 -3.556957 0.587503 0.871803 2.585393 14.306333 17.601783 17.908363 23.082563 66.952403
6 -3.589317 0.506003 0.934903 2.683613 14.263833 17.536673 18.012453 23.233383 66.274523
7 -3.627567 0.415783 1.010723 2.794253 14.214503 17.460653 18.138083 23.413373 65.454233
8 -3.671067 0.319413 1.098603 2.914733 14.159483 17.375323 18.284783 23.620283 64.498003
9 -3.719157 0.218863 1.197843 3.043083 14.099843 17.282163 18.452213 23.851643 63.414673
10 -3.771147 0.115613 1.307783 3.177803 14.036583 17.182523 18.640313 24.104793 62.215613
11 -3.826407 0.010773 1.427733 3.317773 13.970593 17.077613 18.849233 24.376683 60.915253
12 -3.884327 -0.094807 1.557043 3.462113 13.902643 16.968433 19.079393 24.663763 59.531033
13 -3.944317 -0.200457 1.695093 3.610153 13.833403 16.855893 19.331473 24.961833 58.083363
14 -4.005867 -0.305687 1.841323 3.761373 13.763473 16.740713 19.606443 25.265743 56.595473
15 -4.068507 -0.410097 1.995183 3.915343 13.693343 16.623523 19.905493 25.569113 55.093033
16 -4.131787 -0.513347 2.156153 4.071713 13.623453 16.504883 20.230123 25.864073 53.603793
17 -4.195347 -0.615197 2.323783 4.230193 13.554183 16.385243 20.582053 26.140973 52.157033
18 -4.258837 -0.715417 2.497603 4.390533 13.485863 16.265013 20.963293 26.388203 50.783013
19 -4.321967 -0.813827 2.677213 4.552513 13.418773 16.144563 21.376143 26.592273 49.512043
20 -4.384477 -0.910277 2.862213 4.715933 13.353203 16.024203 21.823103 26.738293 48.373693
21 -4.446117 -1.004627 3.052223 4.880613 13.289363 15.904233 22.306993 26.811113 47.395073
22 -4.506697 -1.096767 3.246883 5.046373 13.227503 15.784923 22.830863 26.797243 46.598713
23 -4.566057 -1.186587 3.445833 5.213063 13.167813 15.666523 23.398033 26.687273 46.000123
24 -4.624027 -1.273997 3.648763 5.380503 13.110493 15.549233 24.012063 26.478093 45.605603
25 -4.680477 -1.358907 3.855323 5.548533 13.055753 15.433263 24.676673 26.174013 45.411323
26 -4.735317 -1.441257 4.065223 5.716983 13.003773 15.318743 25.395853 25.786173 45.404203
27 -4.788437 -1.520967 4.278153 5.885693 12.954733 15.205823 25.330243 26.173803 45.564443
28 -4.839757 -1.597977 4.493803 6.054443 12.908823 15.094563 24.824163 27.014473 45.868533
29 -4.889207 -1.672237 4.711873 6.223053 12.866233 14.985013 24.285093 27.922063 46.292093
30 -4.936747 -1.743677 4.932073 6.391273 12.827153 14.877163 23.728303 28.900533 46.811703
31 -4.982307 -1.812257 5.154073 6.558843 12.791763 14.770933 23.166373 29.953543 47.405983
32 -5.025877 -1.877937 5.377563 6.725473 12.760263 14.666203 22.609113 31.084253 48.055883
33 -5.067397 -1.940657 5.602203 6.890823 12.732833 14.562803 22.063923 32.295083 48.744683
34 -5.106857 -2.000387 5.827613 7.054483 12.709643 14.460473 21.536193 33.587393 49.457753
35 -5.144237 -2.057087 6.053393 7.216013 12.690873 14.358903 21.029703 34.961323 50.182433
36 -5.179517 -2.110717 6.279093 7.374893 12.676653 14.257743 20.547163 36.415163 50.907613
37 -5.212687 -2.161257 6.504183 7.530503 12.667093 14.156603 20.090423 37.945063 51.623623
38 -5.243737 -2.208667 6.728053 7.682163 12.662253 14.055043 19.660803 39.544573 52.322053
39 -5.272647 -2.252917 6.949993 7.829103 12.662123 13.952683 19.259273 41.204193 52.995633
40 -5.299427 -2.293997 7.169153 7.970493 12.666603 13.849153 18.886563 42.910903 53.638073
41 -5.324067 -2.331867 7.384493 8.105383 12.675473 13.744263 18.543283 44.647743 54.243993
42 -5.346577 -2.366507 7.594783 8.232833 12.688363 13.637993 18.229923 46.393843 54.808883
43 -5.366927 -2.397917 7.798503 8.351833 12.704753 13.530693 17.946883 48.123963 55.328913
44 -5.385147 -2.426057 7.993803 8.461373 12.723923 13.423153 17.694453 49.808963 55.800903
45 -5.401217 -2.450917 8.178433 8.560493 12.744973 13.316753 17.472783 51.416293 56.222273
46 -5.415147 -2.472497 8.349713 8.648283 12.766853 13.213553 17.281813 52.910863 56.590953
47 -5.426927 -2.490767 8.504463 8.723943 12.788353 13.116343 17.121343 54.256443 56.905273
48 -5.436567 -2.505737 8.639043 8.786783 12.808233 13.028603 16.991013 55.417233 57.163963
49 -5.444057 -2.517377 8.749543 8.836223 12.825253 12.954263 16.890353 56.360033 57.366083
50 -5.449417 -2.525707 8.832073 8.871843 12.838303 12.897383 16.818883 57.056053 57.510913
51 -5.452627 -2.530697 8.883173 8.893333 12.846513 12.861583 16.776183 57.483053 57.598003
52 -5.453697 -2.532367 8.900323 8.900683 12.848963 12.849683 16.761983 57.625373 57.628683
53 -5.463157 -2.519577 8.899743 8.900143 12.851533 12.852263 16.762733 57.567793 57.571063
54 -5.491057 -2.481697 8.898043 8.898513 12.859213 12.859983 16.764983 57.395583 57.398753
55 -5.535987 -2.420127 8.895313 8.895873 12.871983 12.872803 16.768723 57.110433 57.113443
56 -5.595977 -2.336867 8.891663 8.892343 12.889753 12.890633 16.773943 56.715043 56.717863
57 -5.668697 -2.234267 8.887293 8.888083 12.912433 12.913363 16.780653 56.213303 56.215973
58 -5.751817 -2.114657 8.882383 8.883293 12.939893 12.940893 16.788833 55.610103 55.612703
59 -5.843197 -1.980227 8.877193 8.878213 12.972023 12.973073 16.798483 54.911293 54.913963
60 -5.940897 -1.832947 8.871983 8.873103 13.008643 13.009743 16.809583 54.123933 54.126863
61 -6.043307 -1.674457 8.867023 8.868243 13.049633 13.050753 16.822113 53.255653 53.259003
62 -6.149067 -1.506177 8.862603 8.863923 13.094803 13.095943 16.836053 52.315183 52.319093
63 -6.257077 -1.329237 8.859033 8.860433 13.144013 13.145163 16.851393 51.311463 51.316003
64 -6.366407 -1.144617 8.856593 8.858073 13.197103 13.198243 16.868103 50.254213 50.259433
65 -6.476367 -0.953087 8.855583 8.857133 13.253953 13.255073 16.886163 49.152903 49.158813
66 -6.586317 -0.755327 8.856263 8.857873 13.314413 13.315503 16.905523 48.017463 48.024043
67 -6.695797 -0.551867 8.858893 8.860563 13.378373 13.379423 16.926173 46.857253 46.864463
68 -6.804437 -0.343157 8.863733 8.865453 13.445733 13.446733 16.948053 45.681223 45.689033
69 -6.911877 -0.129607 8.870983 8.872763 13.516383 13.517333 16.971133 44.498173 44.506513
70 -7.017897 0.088463 8.880873 8.882693 13.590283 13.591163 16.995363 43.315713 43.324523
71 -7.122257 0.310743 8.893573 8.895433 13.667333 13.668143 17.020683 42.141213 42.150423
72 -7.224797 0.537003 8.909253 8.911143 13.747503 13.748243 17.047033 40.980723 40.990253
73 -7.325367 0.766983 8.928053 8.929973 13.830743 13.831413 17.074363 39.839953 39.849723
74 -7.423847 1.000503 8.950093 8.952033 13.917023 13.917623 17.102583 38.723403 38.733353
75 -7.520177 1.237413 8.975493 8.977453 14.006333 14.006853 17.131633 37.634813 37.644853
76 -7.614237 1.477483 9.004323 9.006303 14.098633 14.099093 17.161413 36.577473 36.587543
77 -7.706007 1.720623 9.036673 9.038663 14.193933 14.194323 17.191843 35.553583 35.563613
78 -7.795407 1.966643 9.072593 9.074593 14.292183 14.292523 17.222793 34.565143 34.575083
79 -7.882417 2.215463 9.112143 9.114153 14.393403 14.393683 17.254183 33.613203 33.622993
80 -7.966997 2.466913 9.155343 9.157353 14.497513 14.497753 17.285853 32.698783 32.708383
81 -8.049137 2.720953 9.202233 9.204243 14.604503 14.604703 17.317673 31.822113 31.831483
82 -8.128807 2.977413 9.252833 9.254833 14.714273 14.714453 17.349473 30.983543 30.992643
83 -8.206007 3.236243 9.307133 9.309133 14.826733 14.826913 17.381083 30.182883 30.191693
84 -8.280737 3.497383 9.365173 9.367153 14.941743 14.941933 17.412283 29.419853 29.428353
85 -8.352987 3.760713 9.426923 9.428893 15.059073 15.059283 17.442843 28.694293 28.702473
86 -8.422767 4.026233 9.492403 9.494353 15.178463 15.178713 17.472473 28.005723 28.013583
87 -8.490067 4.293823 9.561583 9.563513 15.299503 15.299783 17.500873 27.354023 27.361573
88 -8.554917 4.563513 9.634473 9.636383 15.421673 15.422013 17.527653 26.738883 26.746123
89 -8.617307 4.835223 9.711043 9.712923 15.544253 15.544663 17.552393 26.160443 26.167403
90 -8.677257 5.109013 9.791293 9.793153 15.666353 15.666833 17.574593 25.618823 25.625543
91 -8.734767 5.384813 9.875193 9.877013 15.786723 15.787313 17.593643 25.114713 25.121233
92 -8.789857 5.662703 9.962713 9.964503 15.903853 15.904563 17.608863 24.649003 24.655373
93 -8.842547 5.942753 10.053853 10.055613 16.015803 16.016653 17.619463 24.223053 24.229363
94 -8.892847 6.224963 10.148553 10.150263 16.120123 16.121143 17.624513 23.838873 23.845193
95 -8.940787 6.509483 10.246783 10.248463 16.213963 16.215193 17.622963 23.498823 23.505243
96 -8.986347 6.796373 10.348483 10.350113 16.293983 16.295433 17.613603 23.205863 23.212483
97 -9.029587 7.085823 10.453603 10.455183 16.356573 16.358283 17.595093 22.963143 22.970023
98 -9.070487 7.377923 10.562043 10.563573 16.398133 16.400103 17.565973 22.773863 22.781073
99 -9.109077 7.672893 10.673713 10.675183 16.415463 16.417683 17.524643 22.640643 22.648193
100 -9.145377 7.970843 10.788453 10.789863 16.406323 16.408753 17.469423 22.565093 22.572993
101 -9.179397 8.271983 10.906103 10.907453 16.369783 16.372383 17.398623 22.547213 22.555413
102 -9.211157 8.576483 11.026453 11.027743 16.306543 16.309243 17.310543 22.585123 22.593553
103 -9.240657 8.884393 11.149173 11.150403 16.218783 16.221513 17.203673 22.675023 22.683583
104 -9.267937 9.195793 11.273923 11.275083 16.109853 16.112553 17.076693 22.811423 22.820013
105 -9.292987 9.510543 11.400153 11.401263 15.983863 15.986473 16.928703 22.987463 22.995973
106 -9.315827 9.828413 11.527263 11.528323 15.845183 15.847663 16.759273 23.195373 23.203673
107 -9.336467 10.148793 11.654353 11.655373 15.698273 15.700563 16.568703 23.426543 23.434503
108 -9.354917 10.470733 11.780293 11.781293 15.547413 15.549503 16.358113 23.671843 23.679353
109 -9.371177 10.792653 11.903593 11.904613 15.396803 15.398673 16.129693 23.921703 23.928633
110 -9.385267 11.111873 12.022233 12.023283 15.250693 15.252323 15.887083 24.166153 24.172383
111 -9.397177 11.424283 12.133623 12.134733 15.113473 15.114843 15.635733 24.395233 24.400643
112 -9.406917 11.723023 12.234363 12.235553 14.989913 14.991023 15.384023 24.599133 24.603623
113 -9.414497 11.996943 12.320343 12.321623 14.885223 14.886053 15.144643 24.768823 24.772283
114 -9.419907 12.227683 12.386813 12.388163 14.804893 14.805453 14.937403 24.896413 24.898763
115 -9.423147 12.387823 12.429113 12.430523 14.754123 14.754413 14.790853 24.975813 24.977003
116 -9.424237 12.443613 12.444993 12.446383 14.736783 14.736843 14.736893 25.003113 25.003123
117 -9.423157 12.405413 12.407823 12.434433 14.726023 14.786483 14.786743 24.946463 25.006543
118 -9.419917 12.298973 12.301233 12.402953 14.693833 14.927043 14.927663 24.779323 25.016793
119 -9.414517 12.143323 12.145403 12.351313 14.641053 15.139673 15.140773 24.509663 25.033923
120 -9.406957 11.956833 11.958803 12.280683 14.568933 15.406123 15.407763 24.149693 25.057983
121 -9.397237 11.752863 11.754763 12.192543 14.479103 15.713233 15.715443 23.714363 25.089023
122 -9.385337 11.539983 11.541883 12.088563 14.373493 16.052663 16.055473 23.219873 25.127133
123 -9.371267 11.323533 11.325453 11.970503 14.254193 16.419393 16.422823 22.682273 25.172443
124 -9.355017 11.106793 11.108743 11.840113 14.123393 16.810463 16.814543 22.116433 25.225063
125 -9.336567 10.891783 10.893793 11.699013 13.983263 17.224223 17.228973 21.535383 25.285143
126 -9.315927 10.679793 10.681843 11.548693 13.835883 17.659813 17.665263 20.949973 25.352853
127 -9.293087 10.471613 10.473713 11.390403 13.683193 18.116893 18.123063 20.368843 25.428373
128 -9.268027 10.267733 10.269863 11.225253 13.526923 18.595433 18.602343 19.798603 25.511913
129 -9.240747 10.068443 10.070593 11.054103 13.368603 19.095623 19.103303 19.244123 25.603703
130 -9.211227 9.873893 9.876063 10.877683 13.209553 18.708483 19.617913 19.626373 25.703973
131 -9.179467 9.684173 9.686343 10.696543 13.050883 18.194003 20.162633 20.171903 25.812983
132 -9.145457 9.499283 9.501453 10.511123 12.893483 17.701743 20.730343 20.740433 25.931013
133 -9.109167 9.319213 9.321363 10.321763 12.738063 17.232113 21.321583 21.332493 26.058373
134 -9.070607 9.143893 9.146023 10.128713 12.585193 16.785003 21.936893 21.948633 26.195353
135 -9.029747 8.973253 8.975353 9.932193 12.435293 16.359923 22.576813 22.589383 26.342293
136 -8.986577 8.807223 8.809293 9.732363 12.288643 15.956143 23.241833 23.255233 26.499533
137 -8.941087 8.645713 8.647733 9.529353 12.145473 15.572743 23.932403 23.946643 26.667423
138 -8.893267 8.488613 8.490593 9.323283 12.005883 15.208723 24.648933 24.663983 26.846323
139 -8.843097 8.335843 8.337763 9.114273 11.869953 14.863053 25.391713 25.407573 27.036643
140 -8.790567 8.187303 8.189173 8.902443 11.737703 14.534693 26.160903 26.177563 27.238743
141 -8.735657 8.042893 8.044713 8.687873 11.609093 14.222583 26.956653 26.974083 27.453183
142 -8.678347 7.902523 7.904283 8.470683 11.484083 13.925743 27.677763 27.780223 27.798313
143 -8.618637 7.766093 7.767813 8.250993 11.362613 13.643243 27.919003 28.628283 28.647173
144 -8.556497 7.633533 7.635193 8.028923 11.244593 13.374183 28.172183 29.503193 29.522793
145 -8.491927 7.504753 7.506363 7.804603 11.129953 13.117753 28.439003 30.403833 30.424113
146 -8.424897 7.379663 7.381223 7.578183 11.018593 12.873163 28.719873 31.329543 31.350483
147 -8.355407 7.258193 7.259713 7.349783 10.910423 12.639703 29.015183 32.279543 32.301133
148 -8.283427 7.119583 7.140263 7.141753 10.805373 12.416723 29.325253 33.252893 33.275113
149 -8.208957 6.887723 7.025813 7.027263 10.703343 12.203613 29.650393 34.248463 34.271303
150 -8.131977 6.654373 6.914763 6.916193 10.604263 11.999823 29.990873 35.264973 35.288423
151 -8.052467 6.419693 6.807053 6.808463 10.508063 11.804833 30.346913 36.300973 36.325033
152 -7.970437 6.183863 6.702633 6.704033 10.414663 11.618173 30.718693 37.354873 37.379553
153 -7.885857 5.947053 6.601443 6.602843 10.324023 11.439433 31.106333 38.424953 38.450263
154 -7.798727 5.709433 6.503433 6.504833 10.236073 11.268203 31.509883 39.509353 39.535313
155 -7.709027 5.471193 6.408563 6.409973 10.150763 11.104133 31.929313 40.606113 40.632733
156 -7.616767 5.232483 6.316783 6.318203 10.068063 10.946903 32.364523 41.713213 41.740503
157 -7.521937 4.993503 6.228053 6.229493 9.987913 10.796213 32.815303 42.828513 42.856503
158 -7.424527 4.754413 6.142353 6.143813 9.910293 10.651793 33.281343 43.949893 43.978583
159 -7.324557 4.515383 6.059633 6.061113 9.835183 10.513403 33.762213 45.075143 45.104543
160 -7.222007 4.276583 5.979883 5.981383 9.762533 10.380803 34.257353 46.202083 46.232183
161 -7.116887 4.038193 5.903063 5.904593 9.692343 10.253813 34.766073 47.328523 47.359303
162 -7.009227 3.800363 5.829163 5.830723 9.624573 10.132233 35.287523 48.452303 48.483743
163 -6.899027 3.563273 5.758163 5.759733 9.559233 10.015913 35.820723 49.571283 49.603323
164 -6.786317 3.327083 5.690043 5.691633 9.496293 9.904683 36.364503 50.683353 50.715943
165 -6.671107 3.091963 5.624783 5.626393 9.435743 9.798433 36.917533 51.786433 51.819513
166 -6.553447 2.858073 5.562373 5.563993 9.377583 9.697013 37.478313 52.878503 52.911973
167 -6.433377 2.625583 5.502793 5.504423 9.321803 9.600333 38.045163 53.957533 53.991293
168 -6.310957 2.394663 5.446043 5.447683 9.268393 9.508293 38.616233 55.021513 55.055453
169 -6.186227 2.165503 5.392113 5.393743 9.217353 9.420793 39.189483 56.068423 56.102433
170 -6.059297 1.938283 5.340963 5.342593 9.168683 9.337763 39.762703 57.096203 57.130173
171 -5.930247 1.713213 5.292603 5.294213 9.122383 9.259123 40.333543 58.102743 58.136543
172 -5.799197 1.490503 5.247013 5.248603 9.078443 9.184813 40.899483 59.085843 59.119373
173 -5.666297 1.270383 5.204173 5.205723 9.036863 9.114783 41.457873 60.043183 60.076343
174 -5.531727 1.053123 5.164053 5.165573 8.997653 9.048963 42.005943 60.972303 61.005013
175 -5.395697 0.839033 5.126633 5.128113 8.960813 8.987333 42.540833 61.870573 61.902783
176 -5.258477 0.628443 5.091893 5.093313 8.926253 8.929903 43.059623 62.735173 62.766843
177 -5.120427 0.421773 5.059803 5.061163 8.876383 8.894253 43.559333 63.563063 63.594203
178 -4.981957 0.219513 5.030323 5.031613 8.827053 8.864513 44.036973 64.351023 64.381653
179 -4.843607 0.022263 5.003413 5.004643 8.781753 8.837143 44.489583 65.095603 65.125803
180 -4.706077 -0.169237 4.979053 4.980193 8.740463 8.812153 44.914273 65.793193 65.823053
181 -4.570247 -0.354037 4.957183 4.958243 8.703163 8.789533 45.308223 66.440063 66.469673
182 -4.437277 -0.530937 4.937773 4.938733 8.669833 8.769283 45.668743 67.032373 67.061873
183 -4.308677 -0.698407 4.920773 4.921643 8.640463 8.751423 45.993343 67.566313 67.595793
184 -4.186387 -0.854447 4.906153 4.906923 8.615033 8.735933 46.279683 68.038143 68.067713
185 -4.072927 -0.996517 4.893863 4.894533 8.593543 8.722833 46.525693 68.444323 68.474033
186 -3.971467 -1.121427 4.883873 4.884433 8.575963 8.712113 46.729553 68.781583 68.811483
187 -3.885817 -1.225327 4.876143 4.876603 8.562303 8.703763 46.889743 69.047083 69.077173
188 -3.820237 -1.303957 4.870653 4.871023 8.552553 8.697813 47.005043 69.238473 69.268723
189 -3.778807 -1.353227 4.867373 4.867683 8.546693 8.694233 47.074583 69.354043 69.384393
190 -3.764607 -1.370037 4.866283 4.866563 8.544743 8.693043 47.097823 69.392683 69.423073
191 -3.764157 -1.368397 4.857593 4.858043 8.556673 8.704073 47.024813 69.257053 69.407183
192 -3.762807 -1.363467 4.831573 4.833063 8.592093 8.736893 46.807223 68.813523 69.399023
193 -3.760577 -1.355257 4.789103 4.792573 8.650043 8.790683 46.449403 68.082043 69.387213
194 -3.757467 -1.343757 4.731463 4.738003 8.729033 8.864193 45.958463 67.077313 69.371043
195 -3.753507 -1.328997 4.660213 4.671123 8.827283 8.955943 45.344033 65.818243 69.350533
196 -3.748717 -1.310967 4.577023 4.593823 8.942873 9.064303 44.617993 64.328033 69.325843
197 -3.743137 -1.289677 4.483583 4.507993 9.073903 9.187693 43.794053 62.633463 69.297153
198 -3.736787 -1.265137 4.381453 4.415393 9.218563 9.324623 42.887263 60.764103 69.264693
199 -3.729737 -1.237367 4.272103 4.317643 9.375203 9.473763 41.913453 58.751333 69.228733
200 -3.721997 -1.206377 4.156783 4.216153 9.542363 9.633963 40.888673 56.627403 69.189543
201 -3.713637 -1.172177 4.036633 4.112183 9.718753 9.804273 39.828633 54.424483 69.147443
202 -3.704707 -1.134787 3.912603 4.006813 9.903243 9.983913 38.748193 52.173743 69.102763
203 -3.695257 -1.094227 3.785503 3.900963 10.094833 10.172253 37.660973 49.904523 69.055843
204 -3.685347 -1.050517 3.656033 3.795463 10.292643 10.368833 36.579073 47.643663 69.007053
205 -3.675037 -1.003667 3.524783 3.690993 10.495883 10.573313 35.512853 45.415023 68.956753
206 -3.664387 -0.953717 3.392273 3.588173 10.703843 10.785483 34.470953 43.239053 68.905323
207 -3.653477 -0.900687 3.258903 3.487513 10.915843 11.005223 33.460263 41.132703 68.853153
208 -3.642367 -0.844597 3.125073 3.389503 11.131253 11.232533 32.486103 39.109363 68.800623
209 -3.631127 -0.785467 2.991073 3.294533 11.349453 11.467503 31.552353 37.179013 68.748113
210 -3.619837 -0.723337 2.857203 3.202963 11.569773 11.710313 30.661733 35.348463 68.696003
211 -3.608587 -0.658237 2.723683 3.115133 11.791553 11.961223 29.815943 33.621643 68.644663
212 -3.597437 -0.590197 2.590743 3.031323 12.014053 12.220603 29.015943 32.000053 68.594453
213 -3.586477 -0.519237 2.458543 2.951793 12.236443 12.488913 28.262143 30.483063 68.545713
214 -3.575787 -0.445417 2.327273 2.876773 12.457763 12.766663 27.554653 29.068483 68.498783
215 -3.565467 -0.368757 2.197063 2.806483 12.676943 13.054553 26.893283 27.752533 68.453983
216 -3.555577 -0.289297 2.068053 2.741113 12.892663 13.353323 26.277963 26.530743 68.411603
217 -3.546217 -0.207067 1.940373 2.680843 13.103403 13.663853 25.397783 25.708803 68.371933
218 -3.537467 -0.122127 1.814113 2.625823 13.307343 13.987153 24.348163 25.185943 68.335233
219 -3.529397 -0.034517 1.689393 2.576203 13.502333 14.324393 23.375943 24.710093 68.301743
220 -3.522077 0.055733 1.566303 2.532113 13.685883 14.676863 22.475263 24.282343 68.271673
221 -3.515597 0.148563 1.444923 2.493673 13.855123 15.046063 21.640373 23.904243 68.245213
222 -3.509987 0.243933 1.325353 2.460973 14.006863 15.433653 20.865693 23.577813 68.222543
223 -3.505327 0.341793 1.207653 2.434103 14.137673 15.841523 20.145943 23.305473 68.203793
224 -3.501657 0.442083 1.091903 2.413133 14.244093 16.271793 19.476143 23.089853 68.189083
225 -3.499007 0.544763 0.978173 2.398113 14.322873 16.726813 18.851673 22.933543 68.178513
226 -3.497397 0.649763 0.866533 2.389093 14.371343 17.209213 18.268263 22.838753 68.172143
227 -3.496867 0.757013 0.757063 2.386083 14.387703 17.719113 17.724803 22.806973 68.170023
228 -3.498617 0.686573 0.826103 2.393473 14.377763 17.381893 18.079643 22.827253 68.138653
229 -3.503517 0.618413 0.888303 2.416953 14.345343 17.065103 18.454643 22.884723 68.042433
230 -3.511057 0.552603 0.941383 2.458193 14.286283 16.777893 18.848333 22.975303 67.878233
231 -3.520787 0.489163 0.983793 2.518153 14.196513 16.525553 19.262253 23.095923 67.643063
232 -3.532277 0.428123 1.015023 2.596803 14.073213 16.311653 19.698083 23.244293 67.334063
233 -3.545157 0.369493 1.035523 2.693193 13.916183 16.136803 20.157663 23.418603 66.948703
234 -3.559057 0.313303 1.046453 2.805623 13.728373 15.998393 20.642873 23.617373 66.484653
235 -3.573697 0.259583 1.049393 2.932053 13.515153 15.891173 21.155843 23.839373 65.939913
236 -3.588777 0.208353 1.045953 3.070393 13.282883 15.808903 21.698803 24.083473 65.312863
237 -3.604077 0.159623 1.037683 3.218643 13.037593 15.745693 22.274113 24.348523 64.602543
238 -3.619377 0.113413 1.025893 3.375003 12.784283 15.696653 22.884333 24.633393 63.808383
239 -3.634497 0.069753 1.011653 3.537903 12.526903 15.658103 23.531933 24.936693 62.930583
240 -3.649267 0.028653 0.995833 3.705913 12.268423 15.627323 24.219633 25.256863 61.970073
241 -3.663547 -0.009867 0.979143 3.877753 12.011133 15.602363 24.950103 25.592003 60.928573
242 -3.677227 -0.045797 0.962143 4.052183 11.756883 15.581823 25.725813 25.939923 59.809013
243 -3.690197 -0.079127 0.945283 4.227963 11.507223 15.564703 26.296473 26.550673 58.615053
244 -3.702367 -0.109837 0.928883 4.403813 11.263643 15.550363 26.660023 27.424923 57.351573
245 -3.713657 -0.137917 0.913253 4.578323 11.027573 15.538253 27.025093 28.351893 56.024543
246 -3.724017 -0.163347 0.898593 4.749903 10.800613 15.528043 27.386723 29.333093 54.640963
247 -3.733397 -0.186137 0.885113 4.916653 10.584593 15.519393 27.739033 30.369613 53.209313
248 -3.741737 -0.206267 0.872933 5.076343 10.381693 15.512153 28.075293 31.461403 51.738953
249 -3.749017 -0.223727 0.862173 5.226293 10.194483 15.506143 28.388303 32.607393 50.240623
250 -3.755217 -0.238507 0.852933 5.363353 10.026063 15.501263 28.670483 33.804433 48.726673
251 -3.760317 -0.250607 0.845283 5.483843 9.880023 15.497373 28.914283 35.045873 47.212633
252 -3.764287 -0.260037 0.839283 5.583743 9.760323 15.494403 29.112603 36.317753 45.720113
253 -3.767127 -0.266767 0.834963 5.658943 9.671023 15.492343 29.259173 37.585303 44.290073
254 -3.768837 -0.270807 0.832353 5.705803 9.615723 15.491113 29.349173 38.735523 43.040393
255 -3.769407 -0.272147 0.831483 5.721733 9.596983 15.490723 29.379513 39.316743 42.425583
