#   563 0.10247000000000E+01 1   2.2459 0.50000000000000E+01
   1 0.85616438356164E-04 0.27779582074657E-09 -.33456305196038E+01
   2 0.87731164383562E-04 0.29168841474373E-09 -.33456308442969E+01
   3 0.89898124143836E-04 0.30627577861703E-09 -.33456311897556E+01
   4 0.92118607810188E-04 0.32159265787048E-09 -.33456315502685E+01
   5 0.94393937423100E-04 0.33767553799429E-09 -.33447083516085E+01
   6 0.96725467677451E-04 0.35456272454019E-09 -.33447643372375E+01
   7 0.99114586729084E-04 0.37229444092759E-09 -.33447951146342E+01
   8 0.10156271702129E-03 0.39091292218086E-09 -.33448379732412E+01
   9 0.10407131613172E-03 0.41046251549757E-09 -.33448757641799E+01
  10 0.10664187764017E-03 0.43098978588297E-09 -.33449116006152E+01
  11 0.10927593201788E-03 0.45254362706280E-09 -.33449456656612E+01
  12 0.11197504753873E-03 0.47517537794282E-09 -.33449780654464E+01
  13 0.11474083121293E-03 0.49893894489249E-09 -.33450088782180E+01
  14 0.11757492974389E-03 0.52389093014411E-09 -.33450381814132E+01
  15 0.12047903050857E-03 0.55009076661319E-09 -.33450660430448E+01
  16 0.12345486256213E-03 0.57760085946117E-09 -.33450925537759E+01
  17 0.12650419766741E-03 0.60648673473775E-09 -.33451177647221E+01
  18 0.12962885134980E-03 0.63681719545683E-09 -.33451417495006E+01
  19 0.13283068397814E-03 0.66866448547778E-09 -.33451645567062E+01
  20 0.13611160187240E-03 0.70210446158253E-09 -.33451862479193E+01
  21 0.13947355843864E-03 0.73721677415812E-09 -.33452068790531E+01
  22 0.14291855533208E-03 0.77408505691530E-09 -.33452265058005E+01
  23 0.14644864364878E-03 0.81279712609496E-09 -.33452451658266E+01
  24 0.15006592514691E-03 0.85344518963685E-09 -.33452629071274E+01
  25 0.15377255349803E-03 0.89612606680889E-09 -.33452797800227E+01
  26 0.15757073556944E-03 0.94094141882019E-09 -.33452958142161E+01
  27 0.16146273273800E-03 0.98799799096693E-09 -.33453110588936E+01
  28 0.16545086223663E-03 0.10374078668882E-08 -.33453255418402E+01
  29 0.16953749853387E-03 0.10892887355369E-08 -.33453393066346E+01
  30 0.17372507474766E-03 0.11437641715021E-08 -.33453523828390E+01
  31 0.17801608409393E-03 0.12009639293506E-08 -.33453648009026E+01
  32 0.18241308137105E-03 0.12610242526876E-08 -.33453765902682E+01
  33 0.18691868448091E-03 0.13240881986748E-08 -.33453877817707E+01
  34 0.19153557598759E-03 0.13903059787767E-08 -.33453984000804E+01
  35 0.19626650471449E-03 0.14598353165482E-08 -.33454084749802E+01
  36 0.20111428738093E-03 0.15328418233148E-08 -.33454180258271E+01
  37 0.20608181027924E-03 0.16094993926410E-08 -.33454270761511E+01
  38 0.21117203099314E-03 0.16899906145259E-08 -.33454356498988E+01
  39 0.21638798015867E-03 0.17745072103126E-08 -.33454437676776E+01
  40 0.22173276326859E-03 0.18632504893480E-08 -.33454514460069E+01
  41 0.22720956252132E-03 0.19564318284794E-08 -.33454587064216E+01
  42 0.23282163871560E-03 0.20542731755318E-08 -.33454655640830E+01
  43 0.23857233319188E-03 0.21570075779630E-08 -.33454720379028E+01
  44 0.24446506982171E-03 0.22648797379580E-08 -.33454781415481E+01
  45 0.25050335704631E-03 0.23781465952825E-08 -.33454838892025E+01
  46 0.25669078996536E-03 0.24970779392862E-08 -.33454892972311E+01
  47 0.26303105247750E-03 0.26219570515113E-08 -.33454943769275E+01
  48 0.26952791947369E-03 0.27530813804390E-08 -.33454991407117E+01
  49 0.27618525908469E-03 0.28907632499791E-08 -.33455035994880E+01
  50 0.28300703498409E-03 0.30353306033922E-08 -.33455077646550E+01
  51 0.28999730874819E-03 0.31871277844149E-08 -.33455116468044E+01
  52 0.29716024227427E-03 0.33465163574496E-08 -.33455152554335E+01
  53 0.30450010025845E-03 0.35138759687713E-08 -.33455185976013E+01
  54 0.31202125273483E-03 0.36896052508048E-08 -.33455216812422E+01
  55 0.31972817767738E-03 0.38741227716233E-08 -.33455245164346E+01
  56 0.32762546366601E-03 0.40678680319332E-08 -.33455271077964E+01
  57 0.33571781261856E-03 0.42713025119167E-08 -.33455294628624E+01
  58 0.34401004259024E-03 0.44849107704283E-08 -.33455315863418E+01
  59 0.35250709064222E-03 0.47092015991615E-08 -.33455334839352E+01
  60 0.36121401578108E-03 0.49447092345360E-08 -.33455351605665E+01
  61 0.37013600197088E-03 0.51919946301911E-08 -.33455366191083E+01
  62 0.37927836121956E-03 0.54516467931171E-08 -.33455378644406E+01
  63 0.38864653674168E-03 0.57242841866069E-08 -.33455388994961E+01
  64 0.39824610619920E-03 0.60105562033683E-08 -.33455397258090E+01
  65 0.40808278502232E-03 0.63111447123083E-08 -.33455403467406E+01
  66 0.41816242981237E-03 0.66267656826718E-08 -.33455407631948E+01
  67 0.42849104182874E-03 0.69581708894028E-08 -.33455409767375E+01
  68 0.43907477056191E-03 0.73061497037923E-08 -.33455409868339E+01
  69 0.44991991739479E-03 0.76715309736761E-08 -.33455407945663E+01
  70 0.46103293935444E-03 0.80551849976615E-08 -.33455403995802E+01
  71 0.47242045295649E-03 0.84580255980855E-08 -.33455398009839E+01
  72 0.48408923814452E-03 0.88810122976421E-08 -.33455389975201E+01
  73 0.49604624232669E-03 0.93251526048628E-08 -.33455379868262E+01
  74 0.50829858451216E-03 0.97915044138943E-08 -.33455367672069E+01
  75 0.52085355954961E-03 0.10281178524290E-07 -.33455353357937E+01
  76 0.53371864247048E-03 0.10795341286816E-07 -.33455336892135E+01
  77 0.54690149293950E-03 0.11335217381576E-07 -.33455318235903E+01
  78 0.56040995981511E-03 0.11902092735065E-07 -.33455297344490E+01
  79 0.57425208582254E-03 0.12497317583116E-07 -.33455274175908E+01
  80 0.58843611234236E-03 0.13122309687013E-07 -.33455248667408E+01
  81 0.60297048431721E-03 0.13778557710453E-07 -.33455220767129E+01
  82 0.61786385527985E-03 0.14467624765381E-07 -.33455190406122E+01
  83 0.63312509250526E-03 0.15191152135164E-07 -.33455157518568E+01
  84 0.64876328229014E-03 0.15950863183947E-07 -.33455122022657E+01
  85 0.66478773536271E-03 0.16748567461533E-07 -.33455083839008E+01
  86 0.68120799242617E-03 0.17586165013535E-07 -.33455042875903E+01
  87 0.69803382983909E-03 0.18465650907090E-07 -.33454999044634E+01
  88 0.71527526543612E-03 0.19389119982895E-07 -.33454952235658E+01
  89 0.73294256449239E-03 0.20358771844905E-07 -.33454902343753E+01
  90 0.75104624583535E-03 0.21376916099555E-07 -.33454849252994E+01
  91 0.76959708810748E-03 0.22445977857008E-07 -.33454792841872E+01
  92 0.78860613618374E-03 0.23568503507508E-07 -.33454732976025E+01
  93 0.80808470774748E-03 0.24747166786628E-07 -.33454669518726E+01
  94 0.82804440002884E-03 0.25984775143826E-07 -.33454602322260E+01
  95 0.84849709670955E-03 0.27284276429499E-07 -.33454531234080E+01
  96 0.86945497499828E-03 0.28648765916469E-07 -.33454456086590E+01
  97 0.89093051288074E-03 0.30081493672596E-07 -.33454376708280E+01
  98 0.91293649654889E-03 0.31585872302115E-07 -.33454292916049E+01
  99 0.93548602801365E-03 0.33165485074110E-07 -.33454204517132E+01
 100 0.95859253290558E-03 0.34824094457499E-07 -.33454111308477E+01
 101 0.98226976846835E-03 0.36565651082856E-07 -.33454013077761E+01
 102 0.10065318317495E-02 0.38394303152413E-07 -.33453909598724E+01
 103 0.10313931679937E-02 0.40314406320667E-07 -.33453800635334E+01
 104 0.10568685792432E-02 0.42330534069111E-07 -.33453685939125E+01
 105 0.10829732331505E-02 0.44447488599815E-07 -.33453565250764E+01
 106 0.11097226720093E-02 0.46670312273801E-07 -.33453438294632E+01
 107 0.11371328220079E-02 0.49004299621444E-07 -.33453304784923E+01
 108 0.11652200027115E-02 0.51455009953534E-07 -.33453164419138E+01
 109 0.11940009367785E-02 0.54028280603008E-07 -.33453016881868E+01
 110 0.12234927599169E-02 0.56730240828921E-07 -.33452861842091E+01
 111 0.12537130310869E-02 0.59567326415745E-07 -.33452698952624E+01
 112 0.12846797429547E-02 0.62546295002801E-07 -.33452527849956E+01
 113 0.13164113326057E-02 0.65674242180314E-07 -.33452348154174E+01
 114 0.13489266925211E-02 0.68958618390441E-07 -.33452159466836E+01
 115 0.13822451818263E-02 0.72407246673536E-07 -.33451961372167E+01
 116 0.14163866378174E-02 0.76028341301903E-07 -.33451753433884E+01
 117 0.14513713877715E-02 0.79830527345445E-07 -.33451535197520E+01
 118 0.14872202610495E-02 0.83822861215797E-07 -.33451306186755E+01
 119 0.15239546014974E-02 0.88014852237885E-07 -.33451065905539E+01
 120 0.15615962801544E-02 0.92416485300298E-07 -.33450813835294E+01
 121 0.16001677082742E-02 0.97038244638408E-07 -.33450549433792E+01
 122 0.16396918506686E-02 0.10189113880691E-06 -.33450272137845E+01
 123 0.16801922393801E-02 0.10698672690128E-06 -.33449981357404E+01
 124 0.17216929876928E-02 0.11233714609051E-06 -.33449676479332E+01
 125 0.17642188044888E-02 0.11795514052689E-06 -.33449356864459E+01
 126 0.18077950089597E-02 0.12385409170150E-06 -.33449021846197E+01
 127 0.18524475456810E-02 0.13004805031787E-06 -.33448670732913E+01
 128 0.18982030000593E-02 0.13655176975960E-06 -.33448302802771E+01
 129 0.19450886141608E-02 0.14338074123180E-06 -.33447917307718E+01
 130 0.19931323029305E-02 0.15055123065997E-06 -.33447513468405E+01
 131 0.20423626708129E-02 0.15808031743421E-06 -.33447090476894E+01
 132 0.20928090287820E-02 0.16598593509104E-06 -.33446647494247E+01
 133 0.21445014117929E-02 0.17428691402989E-06 -.33446183650959E+01
 134 0.21974705966642E-02 0.18300302636574E-06 -.33445698045510E+01
 135 0.22517481204018E-02 0.19215503302501E-06 -.33445189744961E+01
 136 0.23073662989757E-02 0.20176473319669E-06 -.33444657783728E+01
 137 0.23643582465604E-02 0.21185501625667E-06 -.33444101164107E+01
 138 0.24227578952505E-02 0.22244991628885E-06 -.33443518855122E+01
 139 0.24826000152632E-02 0.23357466933290E-06 -.33442909793770E+01
 140 0.25439202356402E-02 0.24525577349509E-06 -.33442272883892E+01
 141 0.26067550654605E-02 0.25752105206541E-06 -.33441606997230E+01
 142 0.26711419155773E-02 0.27039971979122E-06 -.33440910973558E+01
 143 0.27371191208921E-02 0.28392245246540E-06 -.33440183621292E+01
 144 0.28047259631781E-02 0.29812145999472E-06 -.33439423718172E+01
 145 0.28740026944686E-02 0.31303056312251E-06 -.33438630012325E+01
 146 0.29449905610220E-02 0.32868527398841E-06 -.33437801223823E+01
 147 0.30177318278793E-02 0.34512288071706E-06 -.33436936045886E+01
 148 0.30922698040279E-02 0.36238253623728E-06 -.33436033146659E+01
 149 0.31686488681874E-02 0.38050535154330E-06 -.33435091171950E+01
 150 0.32469144952316E-02 0.39953449362022E-06 -.33434108746915E+01
 151 0.33271132832638E-02 0.41951528826701E-06 -.33433084479668E+01
 152 0.34092929813604E-02 0.44049532806192E-06 -.33432016964376E+01
 153 0.34935025180000E-02 0.46252458572759E-06 -.33430904784452E+01
 154 0.35797920301946E-02 0.48565553316588E-06 -.33429746517822E+01
 155 0.36682128933404E-02 0.50994326644601E-06 -.33428540740789E+01
 156 0.37588177518060E-02 0.53544563704381E-06 -.33427286033677E+01
 157 0.38516605502756E-02 0.56222338964459E-06 -.33425980986459E+01
 158 0.39467965658674E-02 0.59034030683821E-06 -.33424624205492E+01
 159 0.40442824410443E-02 0.61986336105077E-06 -.33423214320088E+01
 160 0.41441762173381E-02 0.65086287407504E-06 -.33421749990598E+01
 161 0.42465373699063E-02 0.68341268457975E-06 -.33420229916551E+01
 162 0.43514268429430E-02 0.71759032399667E-06 -.33418652846005E+01
 163 0.44589070859637E-02 0.75347720120471E-06 -.33417017584881E+01
 164 0.45690420909870E-02 0.79115879645087E-06 -.33415323007890E+01
 165 0.46818974306344E-02 0.83072486497029E-06 -.33413568069436E+01
 166 0.47975402971711E-02 0.87226965079035E-06 -.33411751815762E+01
 167 0.49160395425112E-02 0.91589211122831E-06 -.33409873397537E+01
 168 0.50374657192112E-02 0.96169615261748E-06 -.33407932083200E+01
 169 0.51618911224757E-02 0.10097908778234E-05 -.33405927272894E+01
 170 0.52893898332009E-02 0.10602908461402E-05 -.33403858513334E+01
 171 0.54200377620809E-02 0.11133163461854E-05 -.33401725512642E+01
 172 0.55539126948043E-02 0.11689936824456E-05 -.33399528156245E+01
 173 0.56910943383660E-02 0.12274554761524E-05 -.33397266522737E+01
 174 0.58316643685237E-02 0.12888409812096E-05 -.33394940900106E+01
 175 0.59757064784262E-02 0.13532964159212E-05 -.33392551802346E+01
 176 0.61233064284433E-02 0.14209753113121E-05 -.33390099985392E+01
 177 0.62745520972259E-02 0.14920388768725E-05 -.33387586463490E+01
 178 0.64295335340273E-02 0.15666563845952E-05 -.33385012524638E+01
 179 0.65883430123178E-02 0.16450055722236E-05 -.33382379745393E+01
 180 0.67510750847221E-02 0.17272730666698E-05 -.33379690004860E+01
 181 0.69178266393147E-02 0.18136548286132E-05 -.33376945496964E+01
 182 0.70886969573058E-02 0.19043566193373E-05 -.33374148741360E+01
 183 0.72637877721512E-02 0.19995944909205E-05 -.33371302591925E+01
 184 0.74432033301234E-02 0.20995953009458E-05 -.33368410242902E+01
 185 0.76270504523774E-02 0.22045972529596E-05 -.33365475231803E+01
 186 0.78154385985511E-02 0.23148504639653E-05 -.33362501438797E+01
 187 0.80084799319353E-02 0.24306175603065E-05 -.33359493081813E+01
 188 0.82062893862541E-02 0.25521743033585E-05 -.33356454706743E+01
 189 0.84089847340946E-02 0.26798102465226E-05 -.33353391172241E+01
 190 0.86166866570268E-02 0.28138294250857E-05 -.33350307627907E+01
 191 0.88295188174553E-02 0.29545510805939E-05 -.33347209485635E+01
 192 0.90476079322465E-02 0.31023104214652E-05 -.33344102382652E+01
 193 0.92710838481729E-02 0.32574594216550E-05 -.33340992135777E+01
 194 0.95000796192228E-02 0.34203676592799E-05 -.33337884685538E+01
 195 0.97347315858176E-02 0.35914231971993E-05 -.33334786029275E+01
 196 0.99751794559873E-02 0.37710335076553E-05 -.33331702142051E+01
 197 0.10221566388550E-01 0.39596264431751E-05 -.33328638883959E+01
 198 0.10474039078347E-01 0.41576512560543E-05 -.33325601892773E+01
 199 0.10732747843583E-01 0.43655796688497E-05 -.33322596460356E+01
 200 0.10997846715319E-01 0.45839069984388E-05 -.33319627391392E+01
 201 0.11269493529187E-01 0.48131533363256E-05 -.33316698842827E+01
 202 0.11547850019358E-01 0.50538647880094E-05 -.33313814142440E+01
 203 0.11833081914837E-01 0.53066147743747E-05 -.33310975584650E+01
 204 0.12125359038133E-01 0.55720053982077E-05 -.33308184201638E+01
 205 0.12424855406375E-01 0.58506688791002E-05 -.33305439507991E+01
 206 0.12731749334912E-01 0.61432690601670E-05 -.33302739216467E+01
 207 0.13046223543485E-01 0.64505029901724E-05 -.33300078922859E+01
 208 0.13368465265009E-01 0.67731025848444E-05 -.33297451757492E+01
 209 0.13698666357054E-01 0.71118363713427E-05 -.33294848000928E+01
 210 0.14037023416074E-01 0.74675113200457E-05 -.33292254661301E+01
 211 0.14383737894451E-01 0.78409747680329E-05 -.33289655010572E+01
 212 0.14739016220444E-01 0.82331164388559E-05 -.33287028076946E+01
 213 0.15103069921089E-01 0.86448705634245E-05 -.33284348090547E+01
 214 0.15476115748139E-01 0.90772181070737E-05 -.33281583879554E+01
 215 0.15858375807119E-01 0.95311891081358E-05 -.33278698213688E+01
 216 0.16250077689554E-01 0.10007865133605E-04 -.33275647092329E+01
 217 0.16651454608486E-01 0.10508381857767E-04 -.33272378974264E+01
 218 0.17062745537316E-01 0.11033931769956E-04 -.33268833946364E+01
 219 0.17484195352088E-01 0.11585767017919E-04 -.33264942828781E+01
 220 0.17916054977284E-01 0.12165202393582E-04 -.33260626214232E+01
 221 0.18358581535223E-01 0.12773618468369E-04 -.33255793439735E+01
 222 0.18812038499143E-01 0.13412464885569E-04 -.33250341489372E+01
 223 0.19276695850072E-01 0.14083263817637E-04 -.33244153827566E+01
 224 0.19752830237569E-01 0.14787613596699E-04 -.33237099163036E+01
 225 0.20240725144437E-01 0.15527192526965E-04 -.33229030144877E+01
 226 0.20740671055504E-01 0.16303762888169E-04 -.33219781993345E+01
 227 0.21252965630575E-01 0.17119175139643E-04 -.33209171069698E+01
 228 0.21777913881650E-01 0.17975372335083E-04 -.33196993391188E+01
 229 0.22315828354527E-01 0.18874394758609E-04 -.33183023099666E+01
 230 0.22867029314884E-01 0.19818384793222E-04 -.33167010894960E+01
 231 0.23431844938962E-01 0.20809592033346E-04 -.33148682447156E+01
 232 0.24010611508954E-01 0.21850378653722E-04 -.33127736805525E+01
 233 0.24603673613225E-01 0.22943225047543E-04 -.33103844825985E+01
 234 0.25211384351472E-01 0.24090735747367E-04 -.33076647643378E+01
 235 0.25834105544953E-01 0.25295645643040E-04 -.33045755220204E+01
 236 0.26472207951914E-01 0.26560826511571E-04 -.33010745008961E+01
 237 0.27126071488326E-01 0.27889293874664E-04 -.32971160771460E+01
 238 0.27796085454087E-01 0.29284214200399E-04 -.32926511605265E+01
 239 0.28482648764803E-01 0.30748912466405E-04 -.32876271234273E+01
 240 0.29186170189294E-01 0.32286880102734E-04 -.32819877628033E+01
 241 0.29907068592970E-01 0.33901783333575E-04 -.32756733021589E+01
 242 0.30645773187216E-01 0.35597471937928E-04 -.32686204415171E+01
 243 0.31402723784940E-01 0.37377988450357E-04 -.32607624639739E+01
 244 0.32178371062428E-01 0.39247577824046E-04 -.32520294080574E+01
 245 0.32973176827670E-01 0.41210697579492E-04 -.32423483155677E+01
 246 0.33787614295314E-01 0.43272028463370E-04 -.32316435648709E+01
 247 0.34622168368408E-01 0.45436485643352E-04 -.32198372996267E+01
 248 0.35477335927108E-01 0.47709230465971E-04 -.32068499626309E+01
 249 0.36353626124507E-01 0.50095682806038E-04 -.31926009437107E+01
 250 0.37251560689782E-01 0.52601534037528E-04 -.31770093493739E+01
 251 0.38171674238820E-01 0.55232760657429E-04 -.31599949000679E+01
 252 0.39114514592519E-01 0.57995638595650E-04 -.31414789583700E+01
 253 0.40080643102954E-01 0.60896758245765E-04 -.31213856881368E+01
 254 0.41070634987597E-01 0.63943040253185E-04 -.30996433405221E+01
 255 0.42085079671791E-01 0.67141752099225E-04 -.30761856578052E+01
 256 0.43124581139684E-01 0.70500525521500E-04 -.30509533801860E+01
 257 0.44189758293834E-01 0.74027374813207E-04 -.30238958341468E+01
 258 0.45281245323692E-01 0.77730716046015E-04 -.29949725738372E+01
 259 0.46399692083187E-01 0.81619387263617E-04 -.29641550393909E+01
 260 0.47545764477642E-01 0.85702669695450E-04 -.29314281884920E+01
 261 0.48720144860240E-01 0.89990310042640E-04 -.28967920502430E+01
 262 0.49923532438287E-01 0.94492543890949E-04 -.28602631439876E+01
 263 0.51156643689513E-01 0.99220120308367E-04 -.28218757007503E+01
 264 0.52420212788644E-01 0.10418432768799E-03 -.27816826220101E+01
 265 0.53714992044524E-01 0.10939702089998E-03 -.27397561102623E+01
 266 0.55041752348023E-01 0.11487064981988E-03 -.26961879088097E+01
 267 0.56401283631020E-01 0.12061828930377E-03 -.26510890949615E+01
 268 0.57794395336706E-01 0.12665367068500E-03 -.26045893815861E+01
 269 0.59221916901522E-01 0.13299121487052E-03 -.25568358968380E+01
 270 0.60684698248990E-01 0.13964606711962E-03 -.25079914305793E+01
 271 0.62183610295740E-01 0.14663413359175E-03 -.24582321579612E+01
 272 0.63719545470045E-01 0.15397211975504E-03 -.24077448748244E+01
 273 0.65293418243155E-01 0.16167757075189E-03 -.23567238047243E+01
 274 0.66906165673761E-01 0.16976891382319E-03 -.23053670618776E+01
 275 0.68558747965903E-01 0.17826550289818E-03 -.22538728764153E+01
 276 0.70252149040660E-01 0.18718766546264E-03 -.22024357062263E+01
 277 0.71987377121965E-01 0.19655675182446E-03 -.21512423717617E+01
 278 0.73765465336877E-01 0.20639518690163E-03 -.21004683551463E+01
 279 0.75587472330698E-01 0.21672652466495E-03 -.20502744020031E+01
 280 0.77454482897266E-01 0.22757550537473E-03 -.20008035533588E+01
 281 0.79367608624829E-01 0.23896811575834E-03 -.19521787163413E+01
 282 0.81327988557862E-01 0.25093165228371E-03 -.19045008572717E+01
 283 0.83336789875241E-01 0.26349478769230E-03 -.18578478709153E+01
 284 0.85395208585160E-01 0.27668764096420E-03 -.18122741472373E+01
 285 0.87504470237213E-01 0.29054185089743E-03 -.17678108243469E+01
 286 0.89665830652072E-01 0.30509065349407E-03 -.17244666857023E+01
 287 0.91880576669179E-01 0.32036896335611E-03 -.16822296330885E+01
 288 0.94150026912907E-01 0.33641345930574E-03 -.16410686459124E+01
 289 0.96475532577656E-01 0.35326267445679E-03 -.16009361229525E+01
 290 0.98858478232324E-01 0.37095709097685E-03 -.15617704953060E+01
 291 0.10130028264466E+00 0.38953923979323E-03 -.15234989989521E+01
 292 0.10380239962599E+00 0.40905380551073E-03 -.14860405018829E+01
 293 0.10636631889675E+00 0.42954773682402E-03 -.14493082935893E+01
 294 0.10899356697350E+00 0.45107036272462E-03 -.14132127625826E+01
 295 0.11168570807774E+00 0.47367351481925E-03 -.13776639083295E+01
 296 0.11444434506726E+00 0.49741165609548E-03 -.13425736543988E+01
 297 0.11727112039042E+00 0.52234201649002E-03 -.13078579469672E+01
 298 0.12016771706407E+00 0.54852473563625E-03 -.12734386358318E+01
 299 0.12313585967555E+00 0.57602301318995E-03 -.12392451444239E+01
 300 0.12617731540954E+00 0.60490326715592E-03 -.12052159426148E+01
 301 0.12929389510015E+00 0.63523530066349E-03 -.11712998424555E+01
 302 0.13248745430913E+00 0.66709247766623E-03 -.11374571420661E+01
 303 0.13575989443056E+00 0.70055190806977E-03 -.11036606455014E+01
 304 0.13911316382300E+00 0.73569464282252E-03 -.10698965855381E+01
 305 0.14254925896942E+00 0.77260587953718E-03 -.10361654719872E+01
 306 0.14607022566597E+00 0.81137517924570E-03 -.10024828810521E+01
 307 0.14967816023992E+00 0.85209669492836E-03 -.96888019225617E+00
 308 0.15337521079784E+00 0.89486941249739E-03 -.93540526908303E+00
 309 0.15716357850455E+00 0.93979740495865E-03 -.90212306808346E+00
 310 0.16104551889361E+00 0.98699010052091E-03 -.86911614917257E+00
 311 0.16502334321029E+00 0.10365625654713E-02 -.83648504769633E+00
 312 0.16909941978758E+00 0.10886358026882E-02 -.80434845722435E+00
 313 0.17327617545633E+00 0.11433370667195E-02 -.77284316171902E+00
 314 0.17755609699010E+00 0.12008001964148E-02 -.74212364766712E+00
 315 0.18194173258576E+00 0.12611659661640E-02 -.71236132199718E+00
 316 0.18643569338063E+00 0.13245824568665E-02 -.68374326129634E+00
 317 0.19104065500713E+00 0.13912054478290E-02 -.65647042312920E+00
 318 0.19575935918581E+00 0.14611988308691E-02 -.63075526215614E+00
 319 0.20059461535769E+00 0.15347350479924E-02 -.60681871291677E+00
 320 0.20554930235703E+00 0.16119955540988E-02 -.58488652769636E+00
 321 0.21062637012525E+00 0.16931713062781E-02 -.56518499114369E+00
 322 0.21582884146734E+00 0.17784632813615E-02 -.54793607160976E+00
 323 0.22115981385159E+00 0.18680830235101E-02 -.53335210988210E+00
 324 0.22662246125372E+00 0.19622532237521E-02 -.52163018575694E+00
 325 0.23222003604669E+00 0.20612083335135E-02 -.51294633865255E+00
 326 0.23795587093704E+00 0.21651952143422E-02 -.50744984969142E+00
 327 0.24383338094918E+00 0.22744738261924E-02 -.50525782583521E+00
 328 0.24985606545863E+00 0.23893179568237E-02 -.50645038180099E+00
 329 0.25602751027546E+00 0.25100159950701E-02 -.51106682885223E+00
 330 0.26235138977926E+00 0.26368717509328E-02 -.51910347670758E+00
 331 0.26883146910681E+00 0.27702053255825E-02 -.53051383950377E+00
 332 0.27547160639375E+00 0.29103540343537E-02 -.54521178029617E+00
 333 0.28227575507167E+00 0.30576733856120E-02 -.56307668355891E+00
 334 0.28924796622194E+00 0.32125381181718E-02 -.58395716363854E+00
 335 0.29639239098762E+00 0.33753433003097E-02 -.60766897892367E+00
 336 0.30371328304502E+00 0.35465054949984E-02 -.63398778158722E+00
 337 0.31121500113623E+00 0.37264639983918E-02 -.66264461019983E+00
 338 0.31890201166430E+00 0.39156821601142E-02 -.69333176059931E+00
 339 0.32677889135240E+00 0.41146487930209E-02 -.72572120738557E+00
 340 0.33485032996881E+00 0.43238796772428E-02 -.75948467291624E+00
 341 0.34312113311904E+00 0.45439191614574E-02 -.79430148180481E+00
 342 0.35159622510708E+00 0.47753418665113E-02 -.82986007017354E+00
 343 0.36028065186722E+00 0.50187544998801E-02 -.86586063382764E+00
 344 0.36917958396834E+00 0.52747977899480E-02 -.90201942088656E+00
 345 0.37829831969236E+00 0.55441485487610E-02 -.93807311622125E+00
 346 0.38764228818876E+00 0.58275218720779E-02 -.97378193871653E+00
 347 0.39721705270703E+00 0.61256734861894E-02 -.10089311839077E+01
 348 0.40702831390889E+00 0.64394022520058E-02 -.10433317871722E+01
 349 0.41708191326244E+00 0.67695528378877E-02 -.10768203593469E+01
 350 0.42738383652002E+00 0.71170185734736E-02 -.11092587927744E+01
 351 0.43794021728207E+00 0.74827444974921E-02 -.11405334290295E+01
 352 0.44875734064893E+00 0.78677306133559E-02 -.11705538089205E+01
 353 0.45984164696296E+00 0.82730353672088E-02 -.11992510620642E+01
 354 0.47119973564295E+00 0.86997793640381E-02 -.12265760111426E+01
 355 0.48283836911333E+00 0.91491493384710E-02 -.12524970704032E+01
 356 0.49476447683043E+00 0.96224023979405E-02 -.12769980151805E+01
 357 0.50698515940814E+00 0.10120870557039E-01 -.13000756927112E+01
 358 0.51950769284552E+00 0.10645965583072E-01 -.13217377362745E+01
 359 0.53233953285880E+00 0.11199184174082E-01 -.13420003359412E+01
 360 0.54548831932041E+00 0.11782113491913E-01 -.13608861107052E+01
 361 0.55896188080763E+00 0.12396437074236E-01 -.13784221189037E+01
 362 0.57276823926358E+00 0.13043941150825E-01 -.13946380367664E+01
 363 0.58691561477339E+00 0.13726521390709E-01 -.14095645286084E+01
 364 0.60141243045829E+00 0.14446190108120E-01 -.14232318264061E+01
 365 0.61626731749061E+00 0.15205083956316E-01 -.14356685310518E+01
 366 0.63148912023263E+00 0.16005472139319E-01 -.14469006409046E+01
 367 0.64708690150237E+00 0.16849765172278E-01 -.14569508092187E+01
 368 0.66306994796948E+00 0.17740524221469E-01 -.14658378223400E+01
 369 0.67944777568433E+00 0.18680471054765E-01 -.14735762857250E+01
 370 0.69623013574373E+00 0.19672498632759E-01 -.14801764999651E+01
 371 0.71342702009660E+00 0.20719682369598E-01 -.14856445096748E+01
 372 0.73104866749299E+00 0.21825292091039E-01 -.14899823228209E+01
 373 0.74910556958007E+00 0.22992804715425E-01 -.14931883337288E+01
 374 0.76760847714869E+00 0.24225917681143E-01 -.14952580498472E+01
 375 0.78656840653427E+00 0.25528563141015E-01 -.14961853176217E+01
 376 0.80599664617566E+00 0.26904922938438E-01 -.14959643414703E+01
 377 0.82590476333620E+00 0.28359444368377E-01 -.14945928203135E+01
 378 0.84630461099060E+00 0.29896856703409E-01 -.14920763762380E+01
 379 0.86720833488207E+00 0.31522188425660E-01 -.14884340228586E+01
 380 0.88862838075366E+00 0.33240785048998E-01 -.14837037754635E+01
 381 0.91057750175827E+00 0.35058327352978E-01 -.14779470047076E+01
 382 0.93306876605170E+00 0.36980849806729E-01 -.14712503885776E+01
 383 0.95611556457318E+00 0.39014758971238E-01 -.14637256948200E+01
 384 0.97973161901814E+00 0.41166851751224E-01 -.14555095899814E+01
 385 0.10039309900079E+01 0.43444333499905E-01 -.14467667359114E+01
 386 0.10287280854611E+01 0.45854836092176E-01 -.14376983032036E+01
 387 0.10541376691720E+01 0.48406436094600E-01 -.14285549969947E+01
 388 0.10801748696005E+01 0.51107673038618E-01 -.14196506203738E+01
 389 0.11068551888797E+01 0.53967567579001E-01 -.14113709497216E+01
 390 0.11341945120450E+01 0.56995639066711E-01 -.14041737785844E+01
 391 0.11622091164925E+01 0.60201921847505E-01 -.13985789591450E+01
 392 0.11909156816699E+01 0.63596979438163E-01 -.13951527587722E+01
 393 0.12203312990071E+01 0.67191915617514E-01 -.13945052667430E+01
 394 0.12504734820926E+01 0.70998381370578E-01 -.13973636173566E+01
 395 0.12813601771003E+01 0.75028576514513E-01 -.14047895447752E+01
 396 0.13130097734746E+01 0.79295244698163E-01 -.14177849551529E+01
 397 0.13454411148795E+01 0.83811660296178E-01 -.14352594143848E+01
 398 0.13786735104170E+01 0.88591605514369E-01 -.14545812924771E+01
 399 0.14127267461243E+01 0.93649335789501E-01 -.14740813764124E+01
 400 0.14476210967536E+01 0.98999531311197E-01 -.14931145966041E+01
 401 0.14833773378434E+01 0.10465723222515E+00 -.15114697192191E+01
 402 0.15200167580881E+01 0.11063775480718E+00 -.15290970051025E+01
 403 0.15575611720129E+01 0.11695658564320E+00 -.15460076425252E+01
 404 0.15960329329616E+01 0.12362925063207E+00 -.15622326042377E+01
 405 0.16354549464057E+01 0.13067115547641E+00 -.15778037450474E+01
 406 0.16758506835820E+01 0.13809739427833E+00 -.15927445501058E+01
 407 0.17172441954664E+01 0.14592252296153E+00 -.16070655903710E+01
 408 0.17596601270945E+01 0.15416029455633E+00 -.16207625120721E+01
 409 0.18031237322337E+01 0.16282335397567E+00 -.16338155348781E+01
 410 0.18476608884199E+01 0.17192289084982E+00 -.16461899358105E+01
 411 0.18932981123638E+01 0.18146825034122E+00 -.16578371717294E+01
 412 0.19400625757392E+01 0.19146650368785E+00 -.16686963329249E+01
 413 0.19879821213600E+01 0.20192198256421E+00 -.16786955976303E+01
 414 0.20370852797576E+01 0.21283578421672E+00 -.16877533548700E+01
 415 0.20874012861676E+01 0.22420525771658E+00 -.16957787257274E+01
 416 0.21389600979359E+01 0.23602348554613E+00 -.17026713590706E+01
 417 0.21917924123549E+01 0.24827877904365E+00 -.17083205906671E+01
 418 0.22459296849401E+01 0.26095421090134E+00 -.17126042907218E+01
 419 0.23014041481581E+01 0.27402721281183E+00 -.17153879297163E+01
 420 0.23582488306176E+01 0.28746927124165E+00 -.17165245183205E+01
 421 0.24164975767339E+01 0.30124575872228E+00 -.17158560924423E+01
 422 0.24761850668792E+01 0.31531594124761E+00 -.17132173043399E+01
 423 0.25373468380311E+01 0.32963320329520E+00 -.17084414466350E+01
 424 0.26000193049305E+01 0.34414552937140E+00 -.17013688995589E+01
 425 0.26642397817623E+01 0.35879627355466E+00 -.16918575989185E+01
 426 0.27300465043718E+01 0.37352523536860E+00 -.16797947403435E+01
 427 0.27974786530298E+01 0.38827004127404E+00 -.16651086372549E+01
 428 0.28665763757596E+01 0.40296780694722E+00 -.16477794909904E+01
 429 0.29373808122409E+01 0.41755702824687E+00 -.16278478375231E+01
 430 0.30099341183032E+01 0.43197962132413E+00 -.16054195866514E+01
 431 0.30842794910253E+01 0.44618300839675E+00 -.15806668408567E+01
 432 0.31604611944537E+01 0.46012212929327E+00 -.15538240287048E+01
 433 0.32385245859567E+01 0.47376125370480E+00 -.15251792912662E+01
 434 0.33185161432298E+01 0.48707547795846E+00 -.14950615072812E+01
 435 0.34004834919676E+01 0.50005181418902E+00 -.14638238215599E+01
 436 0.34844754342192E+01 0.51268981787603E+00 -.14318250182641E+01
 437 0.35705419774444E+01 0.52500174800484E+00 -.13994104881131E+01
 438 0.36587343642873E+01 0.53701230621634E+00 -.13668947758221E+01
 439 0.37491051030851E+01 0.54875804909269E+00 -.13345476537450E+01
 440 0.38417079991313E+01 0.56028660280326E+00 -.13025852779324E+01
 441 0.39365981867099E+01 0.57165582507421E+00 -.12711672529768E+01
 442 0.40338321619216E+01 0.58293305293866E+00 -.12403994791105E+01
 443 0.41334678163211E+01 0.59419454804393E+00 -.12103416917642E+01
 444 0.42355644713842E+01 0.60552521139825E+00 -.11810178811972E+01
 445 0.43401829138274E+01 0.61701859648383E+00 -.11524274989400E+01
 446 0.44473854317989E+01 0.62877721406910E+00 -.11245555861401E+01
 447 0.45572358519644E+01 0.64091310135994E+00 -.10973805937240E+01
 448 0.46697995775079E+01 0.65354862484972E+00 -.10708794699597E+01
 449 0.47851436270723E+01 0.66681749769383E+00 -.10450302972474E+01
 450 0.49033366746610E+01 0.68086601260407E+00 -.10198131760651E+01
 451 0.50244490905252E+01 0.69585451344887E+00 -.99521013509343E+00
 452 0.51485529830611E+01 0.71195914823883E+00 -.97120468283035E+00
 453 0.52757222417427E+01 0.72937396113696E+00 -.94778135855345E+00
 454 0.54060325811138E+01 0.74831339214115E+00 -.92492541682218E+00
 455 0.55395615858673E+01 0.00000000000000E+00 -.90262264633048E+00
 456 0.56763887570382E+01 0.00000000000000E+00 -.88085928637650E+00
 457 0.58165955593371E+01 0.00000000000000E+00 -.85962197249543E+00
 458 0.59602654696527E+01 0.00000000000000E+00 -.83889772369091E+00
 459 0.61074840267531E+01 0.00000000000000E+00 -.81867392133648E+00
 460 0.62583388822139E+01 0.00000000000000E+00 -.79893829524806E+00
 461 0.64129198526046E+01 0.00000000000000E+00 -.77967891009118E+00
 462 0.65713189729639E+01 0.00000000000000E+00 -.76088415219577E+00
 463 0.67336305515961E+01 0.00000000000000E+00 -.74254271686039E+00
 464 0.68999512262206E+01 0.00000000000000E+00 -.72464359622564E+00
 465 0.70703800215082E+01 0.00000000000000E+00 -.70717606778646E+00
 466 0.72450184080395E+01 0.00000000000000E+00 -.69012968359547E+00
 467 0.74239703627180E+01 0.00000000000000E+00 -.67349426018733E+00
 468 0.76073424306772E+01 0.00000000000000E+00 -.65725986923038E+00
 469 0.77952437887149E+01 0.00000000000000E+00 -.64141682888921E+00
 470 0.79877863102962E+01 0.00000000000000E+00 -.62595569586310E+00
 471 0.81850846321605E+01 0.00000000000000E+00 -.61086725805103E+00
 472 0.83872562225748E+01 0.00000000000000E+00 -.59614252778410E+00
 473 0.85944214512724E+01 0.00000000000000E+00 -.58177273555825E+00
 474 0.88067036611189E+01 0.00000000000000E+00 -.56774932419441E+00
 475 0.90242292415485E+01 0.00000000000000E+00 -.55406394335076E+00
 476 0.92471277038147E+01 0.00000000000000E+00 -.54070844431503E+00
 477 0.94755317580990E+01 0.00000000000000E+00 -.52767487501513E+00
 478 0.97095773925240E+01 0.00000000000000E+00 -.51495547520270E+00
 479 0.99494039541193E+01 0.00000000000000E+00 -.50254267178115E+00
 480 0.10195154231786E+02 0.00000000000000E+00 -.49042907426227E+00
 481 0.10446974541311E+02 0.00000000000000E+00 -.47860747034282E+00
 482 0.10705014812482E+02 0.00000000000000E+00 -.46707082159505E+00
 483 0.10969428678350E+02 0.00000000000000E+00 -.45581225926616E+00
 484 0.11240373566705E+02 0.00000000000000E+00 -.44482508018232E+00
 485 0.11518010793803E+02 0.00000000000000E+00 -.43410274275360E+00
 486 0.11802505660410E+02 0.00000000000000E+00 -.42363886307656E+00
 487 0.12094027550222E+02 0.00000000000000E+00 -.41342721113169E+00
 488 0.12392750030712E+02 0.00000000000000E+00 -.40346170707305E+00
 489 0.12698850956471E+02 0.00000000000000E+00 -.39373641760768E+00
 490 0.13012512575096E+02 0.00000000000000E+00 -.38424555246255E+00
 491 0.13333921635701E+02 0.00000000000000E+00 -.37498346093681E+00
 492 0.13663269500102E+02 0.00000000000000E+00 -.36594462853717E+00
 493 0.14000752256755E+02 0.00000000000000E+00 -.35712367369462E+00
 494 0.14346570837497E+02 0.00000000000000E+00 -.34851534456014E+00
 495 0.14700931137183E+02 0.00000000000000E+00 -.34011451587791E+00
 496 0.15064044136271E+02 0.00000000000000E+00 -.33191618593370E+00
 497 0.15436126026437E+02 0.00000000000000E+00 -.32391547357706E+00
 498 0.15817398339290E+02 0.00000000000000E+00 -.31610761531515E+00
 499 0.16208088078271E+02 0.00000000000000E+00 -.30848796247672E+00
 500 0.16608427853804E+02 0.00000000000000E+00 -.30105197844446E+00
 501 0.17018656021793E+02 0.00000000000000E+00 -.29379523595401E+00
 502 0.17439016825531E+02 0.00000000000000E+00 -.28671341445817E+00
 503 0.17869760541122E+02 0.00000000000000E+00 -.27980229755457E+00
 504 0.18311143626488E+02 0.00000000000000E+00 -.27305777047535E+00
 505 0.18763428874062E+02 0.00000000000000E+00 -.26647581763738E+00
 506 0.19226885567251E+02 0.00000000000000E+00 -.26005252025147E+00
 507 0.19701789640762E+02 0.00000000000000E+00 -.25378405398928E+00
 508 0.20188423844889E+02 0.00000000000000E+00 -.24766668670631E+00
 509 0.20687077913858E+02 0.00000000000000E+00 -.24169677621994E+00
 510 0.21198048738330E+02 0.00000000000000E+00 -.23587076814090E+00
 511 0.21721640542167E+02 0.00000000000000E+00 -.23018519375706E+00
 512 0.22258165063558E+02 0.00000000000000E+00 -.22463666796821E+00
 513 0.22807941740628E+02 0.00000000000000E+00 -.21922188727061E+00
 514 0.23371297901622E+02 0.00000000000000E+00 -.21393762779016E+00
 515 0.23948568959792E+02 0.00000000000000E+00 -.20878074336291E+00
 516 0.24540098613099E+02 0.00000000000000E+00 -.20374816366193E+00
 517 0.25146239048842E+02 0.00000000000000E+00 -.19883689236917E+00
 518 0.25767351153349E+02 0.00000000000000E+00 -.19404400539190E+00
 519 0.26403804726836E+02 0.00000000000000E+00 -.18936664911400E+00
 520 0.27055978703589E+02 0.00000000000000E+00 -.18480203877899E+00
 521 0.27724261377568E+02 0.00000000000000E+00 -.18034745569282E+00
 522 0.28409050633594E+02 0.00000000000000E+00 -.17600024951511E+00
 523 0.29110754184244E+02 0.00000000000000E+00 -.17175783108726E+00
 524 0.29829789812594E+02 0.00000000000000E+00 -.16761767452646E+00
 525 0.30566585620965E+02 0.00000000000000E+00 -.16357731484967E+00
 526 0.31321580285803E+02 0.00000000000000E+00 -.15963434649133E+00
 527 0.32095223318863E+02 0.00000000000000E+00 -.15578642187112E+00
 528 0.32887975334838E+02 0.00000000000000E+00 -.15203124999621E+00
 529 0.33700308325609E+02 0.00000000000000E+00 -.14836659509731E+00
 530 0.34532705941252E+02 0.00000000000000E+00 -.14479027529746E+00
 531 0.35385663778000E+02 0.00000000000000E+00 -.14130016131303E+00
 532 0.36259689673317E+02 0.00000000000000E+00 -.13789417518593E+00
 533 0.37155304008248E+02 0.00000000000000E+00 -.13457028904649E+00
 534 0.38073040017252E+02 0.00000000000000E+00 -.13132652390601E+00
 535 0.39013444105678E+02 0.00000000000000E+00 -.12816094847859E+00
 536 0.39977076175088E+02 0.00000000000000E+00 -.12507167803122E+00
 537 0.40964509956613E+02 0.00000000000000E+00 -.12205687326165E+00
 538 0.41976333352541E+02 0.00000000000000E+00 -.11911473920333E+00
 539 0.43013148786349E+02 0.00000000000000E+00 -.11624352415666E+00
 540 0.44075573561372E+02 0.00000000000000E+00 -.11344151864610E+00
 541 0.45164240228338E+02 0.00000000000000E+00 -.11070705440236E+00
 542 0.46279796961977E+02 0.00000000000000E+00 -.10803850336915E+00
 543 0.47422907946938E+02 0.00000000000000E+00 -.10543427673382E+00
 544 0.48594253773228E+02 0.00000000000000E+00 -.10289282398148E+00
 545 0.49794531841426E+02 0.00000000000000E+00 -.10041263197178E+00
 546 0.51024456777910E+02 0.00000000000000E+00 -.97992224038036E-01
 547 0.52284760860324E+02 0.00000000000000E+00 -.95630159108067E-01
 548 0.53576194453574E+02 0.00000000000000E+00 -.93325030846166E-01
 549 0.54899526456577E+02 0.00000000000000E+00 -.91075466815816E-01
 550 0.56255544760055E+02 0.00000000000000E+00 -.88880127662551E-01
 551 0.57645056715628E+02 0.00000000000000E+00 -.86737706316532E-01
 552 0.59068889616504E+02 0.00000000000000E+00 -.84646927214338E-01
 553 0.60527891190032E+02 0.00000000000000E+00 -.82606545539512E-01
 554 0.62022930102425E+02 0.00000000000000E+00 -.80615346481421E-01
 555 0.63554896475955E+02 0.00000000000000E+00 -.78672144511975E-01
 556 0.65124702418911E+02 0.00000000000000E+00 -.76775782679785E-01
 557 0.66733282568659E+02 0.00000000000000E+00 -.74925131921328E-01
 558 0.68381594648104E+02 0.00000000000000E+00 -.73119090388726E-01
 559 0.70070620035913E+02 0.00000000000000E+00 -.71356582793722E-01
 560 0.71801364350800E+02 0.00000000000000E+00 -.69636559767465E-01
 561 0.73574858050264E+02 0.00000000000000E+00 -.67957997235742E-01
 562 0.75392157044106E+02 0.00000000000000E+00 -.66319895809254E-01
 563 0.77254343323095E+02 0.00000000000000E+00 -.64721280188595E-01
