1 -9.8574402989466989 -9.8556402989466996 -4.9400002989467007 -4.9395402989467003 4.6229797010532998 4.6245597010533004 5.0932897010533003 5.0937697010532998 13.1710197010533 13.1738397010533 16.248289701053299 16.248569701053299 24.305579701053301 24.306509701053297 30.644599701053298 30.659149701053298 32.132419701053301 32.136359701053301
2 -9.9266902989466992 -9.7865802989466992 -4.9881202989466997 -4.8884102989466998 4.5569697010532995 4.6636297010533001 5.0385397010533 5.1802697010532999 12.9852197010533 13.335969701053301 16.065669701053299 16.458249701053301 24.1300097010533 24.477029701053301 30.517259701053298 30.7296697010533 31.871459701053301 32.447389701053304
3 -9.9968602989467001 -9.7170002989467008 -5.0332402989467004 -4.8342502989467002 4.4801597010532994 4.6526197010533004 5.0392297010532996 5.2818597010532997 12.7759497010533 13.475479701053299 15.908619701053301 16.695199701053301 23.948749701053298 24.643199701053298 30.3540997010533 30.695959701053297 31.7142797010533 32.781289701053304
4 -10.066910298946699 -9.6479502989467001 -5.0749302989466996 -4.7774602989467008 4.4003297010533 4.5938097010533001 5.0924897010532995 5.3912997010532999 12.547179701053299 13.591789701053301 15.7749097010533 16.958069701053301 23.762169701053299 24.804779701053299 30.1734497010533 30.518119701053298 31.6973097010533 33.1235297010533
5 -10.1367002989467 -9.5796502989466994 -5.1129402989466994 -4.7182602989467002 4.3203797010532998 4.5112797010532999 5.1742497010533004 5.5057097010533003 12.302059701053299 13.686649701053302 15.661569701053299 17.244659701053301 23.5702297010533 24.961979701053298 29.980259701053299 30.241149701053299 31.777009701053299 33.468239701053299
6 -10.206100298946701 -9.5123002989466983 -5.1470402989466999 -4.6568002989466999 4.2416397010533 4.4194997010532999 5.2699697010533004 5.6237597010533005 12.043919701053301 13.762269701053299 15.565429701053301 17.552149701053299 23.3730697010533 25.1149997010533 29.7768897010533 29.917869701053299 31.902129701053298 33.812299701053298
7 -10.275000298946701 -9.4461102989466994 -5.1770002989467008 -4.5932602989467002 4.1647897010532997 4.3243297010532995 5.3737697010533001 5.7447697010533005 11.775889701053298 13.821039701053301 15.4835097010533 17.877359701053301 23.1710297010533 25.263959701053299 29.5632797010533 29.5754897010533 32.048369701053304 34.153799701053302
8 -10.343290298946702 -9.3813302989467005 -5.2025602989466995 -4.5278302989467001 4.0902297010532997 4.2282097010533004 5.4831597010532995 5.8683497010533001 11.5007797010533 13.865219701053299 15.4131297010533 18.216939701053299 22.9647497010533 25.408869701053298 29.220729701053298 29.344849701053299 32.206079701053298 34.491489701053304
9 -10.410870298946701 -9.3181702989467006 -5.2234602989467005 -4.4606502989466996 4.0181997010532999 4.1322497010532997 5.5969497010532994 5.9942297010532997 11.220969701053299 13.8967997010533 15.352069701053299 18.567309701053301 22.755359701053298 25.5495797010533 28.863909701053299 29.117579701053298 32.371409701053302 34.824449701053304
10 -10.477650298946699 -9.2568902989467006 -5.2394602989467005 -4.3918902989467004 3.9488697010533 4.0370297010533003 5.7144797010532997 6.1222497010532999 10.9384897010533 13.917519701053301 15.2984597010533 18.9243897010533 22.544879701053301 25.685639701053297 28.5062197010533 28.884269701053299 32.542879701053302 35.1519797010533
11 -10.543540298946699 -9.1977002989466996 -5.2502902989467009 -4.3217102989466998 3.8823597010533 3.9428297010533 5.8353197010533 6.2522697010532999 10.654989701053299 13.928759701053298 15.250839701053302 19.2827997010533 22.336869701053299 25.816159701053298 28.1496197010533 28.6463297010533 32.720059701053302 35.473519701053299
12 -10.608480298946699 -9.1408602989466985 -5.2557302989466992 -4.2502602989467002 3.8187697010532999 3.8498197010533 5.9591497010532999 6.3841897010533 10.3718897010533 13.931699701053301 15.208019701053299 19.634269701053299 22.138119701053299 25.939449701053299 27.795409701053298 28.405939701053299 32.903039701053302 35.7885997010533
13 -10.672380298946699 -9.0865802989466999 -5.2555402989466993 -4.1777102989466997 3.7576397010533 3.7586097010532997 6.0856397010532994 6.5179097010533003 10.0904097010533 13.927239701053299 15.169069701053299 19.9636197010533 21.962569701053297 26.052429701053299 27.4445897010533 28.166749701053298 33.092139701053298 36.096819701053299
14 -10.735180298946702 -9.0350702989466996 -5.2495002989467006 -4.1042002989466999 3.6676097010533 3.7006397010533001 6.2144197010533002 6.6533197010533005 9.8116997010532998 13.9161397010533 15.133269701053301 20.240119701053299 21.839899701053298 26.149329701053301 27.097899701053301 27.935019701053299 33.287809701053298 36.397859701053299
15 -10.796830298946698 -8.9865102989467012 -5.2374202989466996 -4.0298902989467003 3.5784597010532999 3.6462097010533001 6.3449597010533001 6.7903397010533002 9.5369097010533004 13.8989797010533 15.100029701053298 20.4090997010533 21.823939701053298 26.219489701053298 26.7559597010533 27.721959701053301 33.490519701053302 36.691429701053302
16 -10.857270298946698 -8.9410802989467015 -5.2191602989466999 -3.9549302989467003 3.4905497010533 3.5949597010533001 6.4764897010532998 6.9288697010532996 9.2673397010532987 13.876219701053301 15.0689097010533 20.424999701053299 21.9594997010533 26.2445097010533 26.419269701053299 27.546519701053299 33.700749701053304 36.977279701053298
17 -10.9164502989467 -8.8988802989467004 -5.1945802989466996 -3.8794902989466999 3.4038497010533 3.5469297010532999 6.6077397010532994 7.0687897010532996 9.0047297010533001 13.848239701053298 15.0395597010533 20.313239701053298 22.220499701053299 26.0882597010533 26.200269701053298 27.433359701053298 33.918919701053298 37.255189701053297
18 -10.974310298946701 -8.8600302989467004 -5.1636002989467 -3.8037202989466996 3.3182697010532998 3.5021697010533002 6.7364797010533 7.2099797010532996 8.7516997010533011 13.815339701053301 15.011699701053299 20.1299097010533 22.550219701053297 25.7633597010533 26.0733197010533 27.396459701053299 34.145379701053301 37.524999701053297
19 -11.0308302989467 -8.8245602989467002 -5.1261902989467005 -3.7277802989467004 3.2337297010533002 3.4607297010533 6.8585497010532999 7.3523097010532998 8.5127697010533012 13.7777297010533 14.9851097010533 19.910779701053301 22.912169701053298 25.445099701053298 25.8750297010533 27.424979701053299 34.380419701053299 37.7865397010533
20 -11.085960298946699 -8.7925002989466989 -5.0823402989466997 -3.6518302989466997 3.1501097010532999 3.4226497010533001 6.9656497010532998 7.4956497010533001 8.2965797010533002 13.735619701053299 14.959629701053299 19.6732797010533 23.287699701053299 25.1345097010533 25.628279701053298 27.496539701053297 34.624189701053304 38.039699701053301
21 -11.139660298946701 -8.7638002989466983 -5.0321202989467002 -3.5760402989467002 3.0672997010533001 3.3879697010532999 7.0409797010533 7.6398097010533004 8.1202397010533005 13.689159701053299 14.935139701053298 19.426209701053299 23.664849701053299 24.834559701053298 25.351169701053298 27.5935197010533 34.876739701053303 38.284379701053297
22 -11.191910298946699 -8.7384102989467003 -4.9756002989466994 -3.5005802989466996 2.9851297010533 3.3567197010532999 7.0560997010533004 7.7846097010532995 8.0124897010533012 13.638509701053302 14.911509701053301 19.174559701053301 24.021009701053298 24.562759701053299 25.054629701053297 27.705449701053301 35.137979701053304 38.5204897010533
23 -11.242660298946699 -8.7162102989466987 -4.9129402989467001 -3.4256002989466996 2.9034497010533 3.3289297010532999 6.9877997010532997 7.9298297010532997 7.9968397010533003 13.583799701053302 14.888679701053299 18.9214997010533 24.1336797010533 24.538269701053299 24.7449597010533 27.826449701053299 35.407659701053298 38.747989701053299
24 -11.2919002989467 -8.6970702989466986 -4.8443102989466995 -3.3513002989467005 2.8220597010533002 3.3046197010533001 6.8483097010532994 8.0613597010533002 8.0752297010532992 13.525209701053299 14.8665897010533 18.669299701053301 23.896119701053298 24.425959701053298 24.865489701053299 27.9531197010533 35.685369701053297 38.966839701053296
25 -11.3395902989467 -8.6808102989466995 -4.7699202989467002 -3.2778202989467005 2.7407497010533 3.2837997010533 6.6686597010532997 8.1753297010533004 8.2205097010532988 13.462929701053302 14.845169701053301 18.419679701053301 23.623659701053299 24.1000897010533 25.227289701053298 28.083349701053297 35.970549701053301 39.1770297010533
26 -11.385710298946702 -8.6672602989467009 -4.6900002989467007 -3.2053602989467 2.6592797010533 3.2664797010532998 6.4708997010533 8.3170497010532998 8.3653597010533005 13.397219701053299 14.824379701053299 18.174039701053299 23.350979701053298 23.769059701053298 25.587569701053297 28.215759701053297 36.262459701053302 39.378569701053301
27 -11.4302402989467 -8.6562102989467 -4.6048102989466999 -3.1340802989467003 2.5773797010532999 3.2526297010533001 6.2664697010532997 8.4754197010533012 8.5093697010533003 13.328419701053299 14.8041997010533 17.9335097010533 23.0825197010533 23.4341497010533 25.940749701053299 28.349349701053299 36.560169701053297 39.5714597010533
28 -11.473160298946699 -8.6474502989467013 -4.5146402989467003 -3.0641602989466996 2.4947697010533001 3.2422397010532999 6.0612097010533006 8.644959701053299 8.6520997010532987 13.256959701053301 14.7845697010533 17.699029701053298 22.819559701053301 23.0964097010533 26.284649701053301 28.4833397010533 36.862619701053298 39.7557597010533
29 -11.514440298946699 -8.6407602989466987 -4.4197702989467 -2.9957602989467 2.4111297010532997 3.2352597010533 5.8583597010533 8.7929997010533008 8.8228197010532998 13.183439701053299 14.765479701053302 17.471359701053299 22.562679701053298 22.7566997010533 26.617979701053301 28.6170697010533 37.1685697010533 39.931499701053298
30 -11.554080298946701 -8.6359302989467004 -4.3205302989467 -2.9290502989467004 2.3261297010532997 3.2316297010533002 5.6599197010532993 8.9314597010532992 9.0073897010532988 13.108599701053301 14.746869701053299 17.251049701053301 22.312219701053298 22.415809701053298 26.939859701053297 28.749979701053299 37.476669701053297 40.098759701053297
31 -11.592050298946699 -8.6327402989467004 -4.2172302989467001 -2.8642102989467002 2.2394297010533002 3.2312597010533 5.4672697010532998 9.0667297010533012 9.197699701053299 13.033379701053299 14.728699701053301 17.0385097010533 22.0676997010533 22.075239701053299 27.249629701053298 28.881549701053299 37.785429701053296 40.257589701053298
32 -11.6283402989467 -8.6309902989466991 -4.1102102989466998 -2.8013802989467003 2.1506997010533002 3.2340497010533 5.2814497010533001 9.1979197010532996 9.3931397010533004 12.958969701053299 14.710939701053299 16.833949701053299 21.7330497010533 21.831999701053299 27.5467797010533 29.011269701053298 38.093289701053301 40.408089701053299
33 -11.662940298946701 -8.630470298946701 -3.9998002989466999 -2.7407402989467 2.0595897010532997 3.2398597010532999 5.1032997010532997 9.3240097010532992 9.5932597010532987 12.8867797010533 14.693499701053302 16.6374297010533 21.392649701053298 21.602679701053297 27.830909701053297 29.1386397010533 38.398609701053296 40.5503497010533
34 -11.695830298946699 -8.6310002989466987 -3.8863702989466997 -2.6824202989466999 1.9658197010533001 3.2485197010532998 4.9335297010532999 9.4438197010533003 9.7977097010533001 12.818509701053301 14.676329701053302 16.448829701053299 21.053669701053298 21.381099701053298 28.101729701053298 29.263199701053299 38.6997297010533 40.684459701053299
35 -11.727000298946699 -8.6324102989466986 -3.7702902989467004 -2.6265602989466998 1.8691497010533 3.2598297010533002 4.7727497010533 9.5559897010532993 10.006199701053301 12.756069701053299 14.659309701053299 16.267889701053299 20.716769701053298 21.167589701053299 28.3589897010533 29.384459701053299 38.9949697010533 40.810529701053298
36 -11.7564402989467 -8.6345202989467005 -3.6519802989467003 -2.5733002989467 1.7694197010532999 3.2735497010532999 4.6214597010533005 9.6590497010533003 10.2184697010533 12.701629701053299 14.642329701053299 16.094219701053301 20.382619701053301 20.962579701053301 28.602499701053301 29.501959701053298 39.282669701053301 40.928649701053303
37 -11.784140298946699 -8.6371902989466989 -3.5318702989466999 -2.5227702989466998 1.6665997010533 3.2894297010533 4.4800697010533002 9.7514697010532991 10.434239701053301 12.657449701053299 14.6252397010533 15.9273097010533 20.0519297010533 20.766509701053298 28.832109701053298 29.615209701053299 39.561219701053297 41.038929701053299
38 -11.810090298946701 -8.6402802989466991 -3.4104402989466998 -2.4750602989467003 1.5607897010533001 3.3071597010532998 4.3488597010532999 9.8317897010532995 10.6531997010533 12.6257797010533 14.607829701053301 15.766569701053299 19.725489701053299 20.579829701053299 29.047689701053301 29.723779701053299 39.8290497010533 41.141489701053302
39 -11.834290298946701 -8.6436602989466991 -3.2882302989466998 -2.4302902989466997 1.4522597010533 3.3263997010533002 4.2280097010533 9.8987897010532997 10.8749997010533 12.608639701053299 14.5898497010533 15.611399701053301 19.404159701053299 20.403039701053299 29.249129701053299 29.8271897010533 40.0846897010533 41.236429701053297
40 -11.856720298946701 -8.6472102989466997 -3.1658702989467002 -2.3885402989467002 1.3414997010533001 3.3467697010533 4.1175697010533003 9.9517197010532996 11.0992397010533 12.6075797010533 14.570969701053301 15.461129701053299 19.088959701053302 20.236659701053298 29.436299701053301 29.924999701053299 40.326759701053298 41.323859701053301
41 -11.877380298946701 -8.6508302989467012 -3.0440702989466999 -2.3499002989467002 1.2291997010532998 3.3678897010532998 4.0174897010533002 9.9904797010532995 11.325379701053301 12.623459701053299 14.550749701053299 15.315139701053301 18.781059701053302 20.081189701053297 29.609099701053299 30.016789701053298 40.553959701053302 41.403869701053296
42 -11.8962702989467 -8.6544302989466999 -2.9236802989467003 -2.3144302989467 1.1162697010532998 3.3893097010532998 3.9275997010533001 10.015729701053299 11.5527897010533 12.656319701053299 14.528629701053301 15.1728897010533 18.481899701053301 19.9371697010533 29.767419701053299 30.1021397010533 40.7651397010533 41.476559701053297
43 -11.913370298946699 -8.6579202989466992 -2.8057102989466998 -2.2822002989466998 1.0038897010532999 3.4105897010533002 3.8476697010533001 10.0288997010533 11.7806397010533 12.705309701053299 14.5038897010533 15.0339297010533 18.193239701053301 19.805099701053297 29.911139701053298 30.180659701053298 40.959229701053296 41.542029701053302
44 -11.928680298946698 -8.6612302989466983 -2.6913802989466999 -2.2532502989466998 0.89351970105329981 3.4312697010532998 3.7773897010533002 10.0319997010533 12.007849701053299 12.768859701053302 14.475579701053299 14.8979497010533 17.9172697010533 19.6854697010533 30.040139701053299 30.251979701053298 41.1352797010533 41.6003597010533
45 -11.942200298946702 -8.6643002989466993 -2.5821702989466999 -2.2276202989467002 0.78689970105329987 3.4508897010533 3.7164197010533 10.0273997010533 12.232989701053299 12.844799701053301 14.442559701053298 14.764919701053302 17.6567697010533 19.578739701053298 30.1543097010533 30.315769701053298 41.292479701053296 41.651629701053302
46 -11.953930298946702 -8.6670602989467014 -2.4798502989467002 -2.2053602989467 0.68608970105329981 3.4689997010533 3.6644297010533 10.017569701053301 12.454129701053301 12.9304997010533 14.403439701053301 14.635139701053301 17.415169701053301 19.485339701053299 30.253539701053299 30.371709701053298 41.430109701053297 41.695909701053296
47 -11.963850298946699 -8.6694802989466986 -2.3865402989467004 -2.1864802989466998 0.59347970105330017 3.4851597010532998 3.6210897010532999 10.004899701053301 12.668559701053301 13.022879701053299 14.3568297010533 14.509459701053299 17.196719701053301 19.405649701053299 30.337709701053299 30.4195197010533 41.547549701053299 41.733269701053302
48 -11.971980298946701 -8.6715102989466999 -2.3046502989466999 -2.1710102989467002 0.51177970105330006 3.4989897010532998 3.5860797010533001 9.9915197010532992 12.872339701053299 13.118169701053301 14.3017397010533 14.3896797010533 17.006459701053299 19.339989701053302 30.406729701053298 30.458979701053298 41.644299701053299 41.763769701053299
49 -11.978300298946699 -8.6731202989466993 -2.2368702989467 -2.1589602989466998 0.44388970105329983 3.5101297010532999 3.5591397010532999 9.9792297010532991 13.059369701053299 13.211259701053301 14.238759701053301 14.279259701053299 16.8499897010533 19.288639701053299 30.460499701053298 30.489869701053298 41.719969701053301 41.787439701053302
50 -11.982820298946699 -8.6742902989467012 -2.1859202989466997 -2.1503502989466998 0.3927197010532999 3.5183097010532998 3.5400497010533001 9.9694297010533006 13.219409701053301 13.294369701053299 14.172479701053302 14.184689701053301 16.733009701053302 19.2518097010533 30.498959701053298 30.5120597010533 41.774229701053301 41.804319701053302
51 -11.985530298946699 -8.6749902989466996 -2.1542102989467002 -2.1451802989467001 0.36081970105330008 3.5232997010533 3.5286697010533001 9.9631497010533003 13.3344997010533 13.3552297010533 14.1159397010533 14.117309701053301 16.6605097010533 19.229639701053301 30.522059701053298 30.525409701053299 41.806869701053301 41.814429701053299
52 -11.986430298946701 -8.6752302989467012 -2.1434602989467004 -2.1434202989467002 0.34996970105330005 3.5248297010532998 3.5250297010532998 9.9609897010533004 13.378089701053298 13.378339701053299 14.092119701053299 14.092249701053301 16.6359297010533 19.2222497010533 30.529719701053299 30.529919701053299 41.817749701053302 41.817819701053303
53 -11.989600298946701 -8.6703602989467008 -2.1428902989466998 -2.1428502989467004 0.35069970105329995 3.5252997010532998 3.5254997010532998 9.9613297010533 13.303389701053298 13.3036297010533 14.170889701053301 14.1710297010533 16.593429701053299 19.271169701053299 30.521459701053299 30.521659701053299 41.817749701053302 41.817819701053303
54 -11.999040298946699 -8.6557902989467017 -2.1411702989467001 -2.1411302989466998 0.35288970105330009 3.5267097010533002 3.5269097010533002 9.9623097010533002 13.1349797010533 13.135209701053299 14.351499701053299 14.351649701053301 16.474539701053299 19.409339701053298 30.4967597010533 30.496959701053299 41.817749701053302 41.817819701053303
55 -12.014580298946701 -8.6317102989467003 -2.1383102989467 -2.1382702989466997 0.35653970105330002 3.5290397010532999 3.5292297010532998 9.9638397010532991 12.933369701053302 12.9335897010533 14.573349701053299 14.5735097010533 16.298619701053301 19.617479701053298 30.455859701053299 30.456059701053299 41.8176997010533 41.817769701053301
56 -12.035940298946699 -8.5983902989467005 -2.1343102989467004 -2.1342602989466997 0.36164970105329974 3.5322597010533001 3.5324597010533001 9.9657397010533 12.721309701053301 12.721529701053299 14.813539701053301 14.813699701053299 16.085229701053301 19.876139701053297 30.399189701053299 30.399389701053298 41.817559701053298 41.817629701053299
57 -12.062770298946699 -8.5561902989466994 -2.1291602989467 -2.1291202989466997 0.36820970105330009 3.5363597010532999 3.5365497010532998 9.9677597010532999 12.5068997010533 12.507119701053298 15.063779701053299 15.0639397010533 15.8492297010533 20.170669701053299 30.327299701053299 30.327499701053299 41.817269701053299 41.817339701053299
58 -12.0946502989467 -8.5055402989466984 -2.1228702989467001 -2.1228302989466998 0.37619970105330003 3.5412697010533001 3.5414697010533001 9.9695797010533003 12.2934997010533 12.293719701053298 15.3204297010533 15.320589701053301 15.600709701053301 20.4912097010533 30.2409297010533 30.2411297010533 41.816749701053297 41.816819701053298
59 -12.131110298946702 -8.4468902989466983 -2.1154402989466998 -2.1154002989467005 0.38561970105330001 3.5469597010533001 3.5471597010533 9.9707697010532996 12.082759701053298 12.082969701053301 15.346379701053301 15.581509701053299 15.581669701053301 20.831379701053301 30.140959701053298 30.141159701053301 41.8159097010533 41.815979701053301
60 -12.171680298946701 -8.3807402989467015 -2.1068802989466997 -2.1068302989466998 0.39646970105330004 3.5533597010532998 3.5535497010533001 9.9707797010532992 11.8755897010533 11.8757997010533 15.090839701053302 15.845699701053299 15.8458497010533 21.187009701053299 30.028429701053298 30.028629701053298 41.814659701053301 41.814729701053302
61 -12.215850298946702 -8.3075802989467 -2.0971802989467001 -2.0971302989467002 0.40870970105329985 3.5603897010533001 3.5605797010533 9.9689597010533006 11.672549701053299 11.672769701053301 14.837379701053301 16.1119097010533 16.112059701053301 21.5553097010533 29.904529701053299 29.904719701053299 41.812919701053296 41.812989701053297
62 -12.263160298946701 -8.2278902989467007 -2.0863502989466998 -2.0863002989466999 0.42234970105329994 3.5679697010533 3.5681497010532999 9.9645097010533004 11.474029701053301 11.474249701053299 14.588579701053298 16.3791797010533 16.379319701053301 21.934379701053299 29.7705797010533 29.7707697010533 41.810599701053299 41.8106697010533
63 -12.313160298946698 -8.1421202989467005 -2.0743902989467005 -2.0743402989466997 0.43734970105330007 3.5759997010532998 3.5761897010533001 9.9564497010533 11.2803097010533 11.2805297010533 14.346579701053301 16.646499701053301 16.646639701053299 22.322839701053301 29.628069701053299 29.628259701053299 41.807619701053298 41.807689701053299
64 -12.365410298946699 -8.0507202989467004 -2.0613002989467004 -2.0612602989467002 0.45369970105330015 3.5843797010533001 3.5845697010533 9.9436397010533 11.0916197010533 11.0918297010533 14.113329701053299 16.912819701053301 16.9129497010533 22.719689701053298 29.478659701053299 29.4788397010533 41.803919701053296 41.803989701053297
65 -12.419520298946701 -7.9540902989467002 -2.0470902989467001 -2.0470502989466999 0.47136970105330001 3.5929897010533001 3.5931697010532999 9.9247597010533006 10.908139701053301 10.9083497010533 13.890689701053301 17.176959701053299 17.177079701053302 23.124179701053301 29.324119701053299 29.324309701053298 41.799449701053298 41.799519701053299
66 -12.475130298946699 -7.8525902989467005 -2.0317702989467001 -2.0317302989466999 0.4903497010533 3.6016997010532998 3.6018797010533001 9.8983097010533001 10.7300497010533 10.730259701053299 13.680529701053299 17.437609701053301 17.4377297010533 23.535679701053301 29.166449701053299 29.166629701053299 41.794179701053302 41.794249701053296
67 -12.531910298946698 -7.7465602989467 -2.0153402989467004 -2.0152902989466996 0.51059970105329988 3.6103597010532997 3.6105297010533 9.8626297010533008 10.5575197010533 10.557729701053301 13.484719701053301 17.693299701053299 17.693409701053302 23.953699701053299 29.007779701053298 29.007959701053299 41.788089701053302 41.788159701053296
68 -12.589560298946701 -7.6363102989466993 -1.9978002989467001 -1.9977502989467002 0.53207970105329983 3.6188097010533 3.6189797010532998 9.8160397010532989 10.3907097010533 10.390919701053299 13.305109701053301 17.942349701053299 17.942459701053298 24.377819701053298 28.8504497010533 28.850619701053301 41.7811897010533 41.781259701053301
69 -12.647810298946702 -7.5221202989467004 -1.9791602989466996 -1.9791202989467003 0.55476970105330015 3.6268897010533001 3.6270597010532999 9.7568597010533011 10.2297797010533 10.229989701053299 13.1434197010533 18.182879701053299 18.182969701053299 24.807639701053301 28.696979701053298 28.697149701053299 41.773479701053297 41.773559701053301
70 -12.706440298946703 -7.4042302989466995 -1.9594302989466996 -1.9593902989467002 0.57862970105330014 3.6344197010533001 3.6345797010532999 9.6836297010532988 10.074909701053301 10.0751197010533 13.001109701053299 18.412779701053299 18.4128597010533 25.2428097010533 28.550109701053298 28.550269701053299 41.765019701053298 41.765099701053302
71 -12.765210298946702 -7.2828702989467002 -1.9386202989466996 -1.9385802989467003 0.60361970105329998 3.6411897010533001 3.6413497010532998 9.5952797010533004 9.9262597010533007 9.9264797010532995 12.879229701053301 18.629709701053301 18.629789701053301 25.683009701053297 28.412719701053298 28.412879701053299 41.7558497010533 41.755929701053297
72 -12.823950298946702 -7.1582502989467001 -1.9167402989467002 -1.9167002989466999 0.62969970105329987 3.6470097010533 3.6471697010532997 9.4912397010532992 9.7840297010532993 9.7842397010533002 12.778249701053301 18.831169701053302 18.831239701053299 26.127899701053298 28.287879701053299 28.2880397010533 41.746039701053299 41.7461097010533
73 -12.8824802989467 -7.0305502989466993 -1.8938002989467 -1.8937602989466997 0.65680970105329983 3.6516597010532998 3.6518197010533 9.3715797010532995 9.6483997010533002 9.6486097010532994 12.698029701053301 19.014469701053301 19.014529701053299 26.577159701053301 28.178749701053299 28.1788997010533 41.735659701053301 41.735729701053302
74 -12.9406602989467 -6.8999202989466992 -1.8698102989467005 -1.8697702989467002 0.68491970105330013 3.6549197010532999 3.6550697010533 9.2369197010532993 9.5195597010533 9.5197697010532991 12.6377897010533 19.176899701053301 19.176949701053299 27.0304497010533 28.088479701053298 28.0886197010533 41.724809701053296 41.724879701053297
75 -12.998340298946701 -6.7665302989467007 -1.8447802989467004 -1.8447402989467001 0.71395970105329987 3.6565597010533 3.6566997010533 9.0884197010533008 9.3977097010532997 9.397909701053301 12.596249701053299 19.315779701053302 19.315809701053301 27.487429701053298 28.0201097010533 28.020229701053299 41.713579701053298 41.713649701053299
76 -13.0554102989467 -6.6305102989467004 -1.8187302989466998 -1.8186802989466999 0.74387970105330004 3.6563397010532999 3.6564797010532999 8.9275197010532992 9.2830497010533009 9.2832597010533 12.571769701053299 19.428679701053301 19.428699701053301 27.947749701053301 27.9763897010533 27.976509701053299 41.702069701053297 41.702149701053301
77 -13.111770298946702 -6.4919802989466993 -1.7916702989467002 -1.7916302989466999 0.7746197010532998 3.6540497010533 3.6541797010532999 8.7558497010533003 9.1757797010533011 9.1759797010533006 12.562559701053299 19.5135497010533 19.5135597010533 27.959609701053299 27.959719701053299 28.411029701053298 41.690409701053298 41.690479701053299
78 -13.167320298946702 -6.3510502989467001 -1.7636202989466998 -1.7635802989467004 0.80611970105330011 3.6494397010533 3.6495697010532999 8.5750497010532989 9.0760897010533004 9.0762897010532999 12.5667597010533 19.568949701053299 19.568949701053299 27.9714097010533 27.9715097010533 28.876879701053298 41.678699701053297 41.678769701053298
79 -13.221970298946701 -6.2078402989467003 -1.7346002989466998 -1.7345602989467004 0.83829970105329998 3.6423197010532999 3.6424497010532999 8.3866597010533006 8.9841697010533004 8.9843697010532999 12.582639701053299 19.594139701053297 19.5941597010533 28.012649701053299 28.012739701053299 29.344879701053298 41.667049701053301 41.667119701053302
80 -13.275650298946701 -6.0624402989466999 -1.7046402989466998 -1.7046002989467004 0.87108970105329986 3.6324697010532998 3.6325997010532998 8.1920897010533 8.9001797010533004 8.9003697010533003 12.608569701053298 19.589209701053299 19.589239701053298 28.083309701053299 28.083389701053299 29.814579701053297 41.655569701053302 41.655649701053299
81 -13.328290298946701 -5.9149402989467008 -1.6737502989467004 -1.6737102989467001 0.90441970105330016 3.6197297010532998 3.6198497010533002 7.9925697010533003 8.8242597010533004 8.8244497010533003 12.643079701053299 19.5550397010533 19.555079701053298 28.182539701053297 28.182609701053298 30.2855097010533 41.644389701053299 41.6444597010533
82 -13.3798402989467 -5.7654302989466997 -1.6419602989467004 -1.6419302989466997 0.93819970105329986 3.6039297010532998 3.6040397010533001 7.7891497010533 8.756539701053299 8.7567197010532993 12.6848997010533 19.4931797010533 19.493219701053299 28.308719701053299 28.3087797010533 30.7571797010533 41.633599701053299 41.6336697010533
83 -13.4302302989467 -5.6139902989467005 -1.6093102989467001 -1.6092702989466998 0.97234970105329976 3.5849697010532999 3.5850697010533001 7.5827297010533004 8.6970897010533008 8.6972797010533007 12.732899701053299 19.405739701053299 19.405799701053301 28.459649701053298 28.459699701053299 31.229049701053299 41.623309701053302 41.623379701053302
84 -13.4794202989467 -5.4606902989467008 -1.5758202989466996 -1.5757902989466999 1.0067797010533002 3.5627497010533 3.5628497010532998 7.3740497010533002 8.6459797010532995 8.6461597010532998 12.786059701053301 19.295209701053299 19.2952697010533 28.632699701053298 28.632749701053299 31.700549701053298 41.613609701053299 41.6136797010533
85 -13.5273602989467 -5.3056102989467009 -1.5415402989466997 -1.5415002989467004 1.0413897010533 3.5372297010532998 3.5373297010533 7.1637597010532996 8.6032097010533004 8.6033797010532993 12.843529701053299 19.164239701053301 19.164309701053298 28.8250097010533 28.825059701053299 32.171079701053301 41.6045897010533 41.604659701053301
86 -13.574020298946699 -5.1488202989467 -1.5064902989466997 -1.5064602989467 1.0760797010532999 3.5084197010532998 3.5085097010533 6.9523797010532995 8.5687297010533001 8.5688997010533008 12.904539701053299 19.015549701053299 19.0156297010533 29.033659701053299 29.033699701053298 32.639999701053299 41.5963297010533 41.596399701053301
87 -13.619360298946702 -4.9904002989467005 -1.4707402989467004 -1.4707002989467002 1.1107397010533 3.4763597010532998 3.4764497010533 6.7403597010533005 8.5424697010532995 8.5426397010533002 12.968379701053301 18.851779701053299 18.8518597010533 29.255729701053298 29.2557697010533 33.1066497010533 41.588909701053296 41.588969701053301
88 -13.663360298946699 -4.8304002989467003 -1.4343102989467003 -1.4342802989466996 1.1452497010533 3.4411397010533 3.4412197010533001 6.5280697010532993 8.5242997010532999 8.5244597010532992 13.034459701053301 18.675399701053301 18.675479701053298 29.488469701053297 29.4884997010533 33.570309701053304 41.582379701053299 41.582439701053296
89 -13.705970298946699 -4.6689102989466997 -1.3972802989466997 -1.3972502989466999 1.1795097010532998 3.4028997010533 3.4029797010533001 6.3158397010532994 8.5140297010532997 8.5141897010533008 13.102209701053301 18.488719701053299 18.488809701053299 29.729259701053298 29.729279701053301 34.030239701053304 41.576789701053301 41.576849701053298
90 -13.747180298946702 -4.5059902989467 -1.3596902989466999 -1.3596602989467002 1.2133697010533 3.3618197010533 3.3618897010533 6.1039497010532999 8.5114497010532997 8.5115997010532993 13.171139701053299 18.293829701053301 18.293919701053301 29.975679701053298 29.975709701053297 34.485639701053302 41.572179701053301 41.572239701053299
91 -13.786970298946702 -4.3417102989467002 -1.3216102989467 -1.3215902989466999 1.2467097010532999 3.3180997010533 3.3181597010532999 5.8926597010532999 8.5162897010532994 8.5164397010533008 13.240769701053299 18.092609701053298 18.092699701053299 30.2255397010533 30.225569701053299 34.935699701053302 41.568589701053298 41.5686397010533
92 -13.8253102989467 -4.1761602989466997 -1.2831302989467002 -1.2831002989467004 1.2793597010532998 3.2719897010532999 3.2720497010532998 5.6822097010533001 8.5282397010533 8.5283797010533 13.310679701053299 17.886749701053301 17.886839701053301 30.476819701053298 30.476839701053301 35.3795497010533 41.566009701053297 41.566059701053298
93 -13.8621902989467 -4.0094002989466997 -1.2443002989467002 -1.2442802989467001 1.3111797010533 3.2237697010532997 3.2238297010533001 5.4728097010533006 8.5469697010532997 8.5471097010532997 13.3804797010533 17.6777697010533 17.677859701053301 30.7276997010533 30.727719701053299 35.816309701053299 41.564459701053302 41.564509701053296
94 -13.8975802989467 -3.8415302989467 -1.2052402989467002 -1.2052202989467 1.3419797010533001 3.1737497010532998 3.1737997010533001 5.2646997010533001 8.5720997010533004 8.5722297010532991 13.449799701053301 17.467029701053299 17.467119701053299 30.976519701053299 30.976529701053298 36.245039701053301 41.563919701053301 41.563969701053296
95 -13.931480298946703 -3.6726302989467001 -1.1660202989466999 -1.1660002989466998 1.3715797010533 3.1222297010532998 3.1222697010533 5.0580997010533002 8.6032297010532996 8.6033497010533004 13.518289701053298 17.255739701053301 17.255829701053301 31.2217897010533 31.2217997010533 36.664799701053298 41.564369701053302 41.5644097010533
96 -13.963870298946702 -3.5027902989467004 -1.1267602989467003 -1.1267502989466998 1.3997397010533001 3.0695497010533002 3.0695897010533 4.8532697010532999 8.6399297010533012 8.6400397010533005 13.5856297010533 17.045029701053299 17.045109701053299 31.462169701053298 31.462189701053298 37.074589701053299 41.565769701053298 41.565809701053297
97 -13.994740298946702 -3.3321402989467002 -1.0875802989467003 -1.0875702989466998 1.4262197010533 3.0160497010533001 3.0160897010532999 4.6504697010533 8.6817297010532997 8.6818397010532991 13.651529701053299 16.835889701053301 16.835969701053301 31.6964597010533 31.696469701053299 37.473399701053296 41.568069701053297 41.568109701053302
98 -14.0240802989467 -3.1607902989466998 -1.0486102989467003 -1.0485902989467002 1.4507297010533 2.9620997010533001 2.9621397010532999 4.4500397010533002 8.7281597010533005 8.7282597010533003 13.7156797010533 16.629289701053299 16.629369701053299 31.9235597010533 31.923579701053299 37.8602097010533 41.571209701053299 41.571239701053301
99 -14.051870298946699 -2.9888802989467003 -1.0099802989466999 -1.0099602989466998 1.4729297010533 2.9080597010533 2.9080897010533002 4.2523697010532997 8.7786897010532989 8.7787797010532991 13.777839701053299 16.426109701053299 16.4261897010533 32.142519701053303 32.142529701053299 38.2339797010533 41.5751097010533 41.575139701053303
100 -14.0781202989467 -2.8165802989467004 -0.97185029894670016 -0.97184029894669965 1.4923997010532999 2.8542797010532999 2.8542997010533 4.0579297010533004 8.8327797010533011 8.8328597010532999 13.837739701053302 16.227209701053301 16.227279701053298 32.352449701053303 32.352459701053299 38.593649701053302 41.579689701053297 41.5797197010533
101 -14.102800298946701 -2.6440702989467004 -0.93439029894669989 -0.93438029894670027 1.5086397010532999 2.8011397010532999 2.8011597010533 3.8673197010533 8.889839701053301 8.8899197010532998 13.895159701053299 16.033409701053301 16.033469701053299 32.552599701053303 32.552609701053299 38.938159701053301 41.584849701053301 41.584879701053296
102 -14.125920298946699 -2.4715902989467002 -0.89778029894670031 -0.8977702989466998 1.5210097010532999 2.7489997010532998 2.7490197010533 3.6812997010533 8.9492497010533008 8.9493197010532999 13.949879701053298 15.845529701053302 15.845589701053299 32.742269701053303 32.742279701053299 39.266479701053299 41.590489701053301 41.5905097010533
103 -14.1474702989467 -2.2994202989466999 -0.86221029894670043 -0.86220029894669992 1.5287297010532999 2.6982397010532999 2.6982597010533 3.5008297010532998 9.0103497010533005 9.0104197010532996 14.001689701053301 15.664409701053302 15.6644597010533 32.920889701053298 32.920889701053298 39.577559701053296 41.596489701053301 41.5965097010533
104 -14.167450298946701 -2.1278902989467001 -0.82790029894669992 -0.8278902989467003 1.5308097010532999 2.6492397010533 2.6492497010533 3.3271597010532998 9.072419701053299 9.0724797010533003 14.050399701053301 15.490879701053299 15.4909297010533 33.087909701053299 33.087919701053302 39.870389701053298 41.602729701053299 41.602749701053298
105 -14.185840298946701 -1.9574402989467004 -0.79506029894669972 -0.7950502989467001 1.5259897010532999 2.6023497010533001 2.6023697010533002 3.1618697010533001 9.1346997010533002 9.1347497010533001 14.0958497010533 15.325819701053302 15.3258597010533 33.242889701053301 33.242899701053304 40.143969701053301 41.6090897010533 41.609099701053296
106 -14.202640298946701 -1.7886402989467003 -0.76393029894669962 -0.76392029894669999 1.5127897010533 2.5579597010533002 2.5579697010532998 3.0069197010532998 9.1963397010533008 9.1963897010532989 14.137879701053301 15.170139701053301 15.1701697010533 33.385439701053301 33.385449701053304 40.397359701053297 41.615439701053297 41.615449701053301
107 -14.2178602989467 -1.6222202989466998 -0.73474029894669979 -0.73473029894670017 1.4895497010532999 2.5164097010533002 2.5164197010532998 2.8645997010533 9.2564797010532995 9.2565197010532998 14.176329701053302 15.024779701053301 15.0248097010533 33.5152297010533 33.515239701053304 40.6296397010533 41.621659701053296 41.6216697010533
108 -14.2314802989467 -1.4591402989466999 -0.70774029894669965 -0.70774029894669965 1.4547097010532999 2.4780797010533 2.4780797010533 2.7373797010533001 9.3141797010533001 9.3142097010533007 14.211079701053301 14.890739701053299 14.890759701053302 33.6319897010533 33.6319897010533 40.839959701053296 41.627619701053298 41.627629701053301
109 -14.243510298946703 -1.3007402989466996 -0.6831802989467004 -0.6831802989467004 1.4073297010533001 2.4432897010532999 2.4432997010533 2.6274397010532997 9.3684397010533011 9.3684597010533004 14.242019701053302 14.769039701053298 14.769059701053301 33.735459701053301 33.735469701053297 41.027519701053301 41.6331997010533 41.633209701053296
110 -14.253930298946702 -1.1488602989467003 -0.66130029894670006 -0.66130029894670006 1.3477997010533 2.4123797010532999 2.4123897010533 2.5361597010532999 9.4182597010532998 9.4182797010533008 14.269029701053299 14.660719701053299 14.660729701053299 33.825479701053304 33.825479701053304 41.191619701053298 41.638299701053299 41.638299701053299
111 -14.262760298946702 -1.0060502989467004 -0.64233029894669968 -0.64233029894669968 1.2785497010532998 2.3856597010533003 2.3856597010533003 2.4636297010532999 9.4626297010532987 9.4626397010533001 14.292039701053302 14.566819701053301 14.566829701053301 33.901879701053304 33.901879701053304 41.331609701053296 41.642789701053296 41.642799701053299
112 -14.269980298946702 -0.87592029894670009 -0.62648029894670021 -0.62648029894670021 1.2043297010532998 2.3633797010533 2.3633797010533 2.4086097010533001 9.5005497010533002 9.5005597010532998 14.310969701053299 14.488349701053298 14.488359701053302 33.964539701053297 33.964539701053297 41.446919701053297 41.646609701053301 41.646609701053301
113 -14.275600298946699 -0.76339029894669963 -0.61394029894669977 -0.61394029894669977 1.1321197010533002 2.3457897010532998 2.3457897010532998 2.3690497010533003 9.5311297010532989 9.5311397010533003 14.325749701053301 14.426219701053299 14.426229701053298 34.0133697010533 34.0133697010533 41.5370997010533 41.649659701053302 41.649659701053302
114 -14.2796202989467 -0.67484029894669995 -0.6048702989467003 -0.6048702989467003 1.0704797010533 2.3330797010533 2.3330797010533 2.3426997010532999 9.5535897010532995 9.5535897010532995 14.336349701053301 14.3812297010533 14.3812297010533 34.048289701053299 34.048289701053299 41.601789701053299 41.651879701053296 41.651879701053296
115 -14.282030298946701 -0.6175002989467 -0.59938029894670031 -0.59938029894670031 1.0284797010532998 2.3253997010532999 2.3253997010532999 2.3276997010532998 9.5673097010533006 9.5673197010533002 14.342719701053301 14.353969701053298 14.353969701053298 34.069259701053298 34.069259701053298 41.6406997010533 41.653239701053302 41.653239701053302
116 -14.282830298946703 -0.5975402989466998 -0.5975402989466998 -0.5975402989466998 1.0135097010532998 2.3228297010532999 2.3228297010532999 2.3228297010532999 9.5719297010532998 9.5719297010532998 14.344839701053299 14.344839701053299 14.344839701053299 34.0762497010533 34.0762497010533 41.653689701053302 41.653689701053302 41.653689701053302
117 -14.282030298946701 -0.6123702989466997 -0.60195029894669982 -0.60195029894669982 1.0285597010532999 2.3213497010533 2.3285397010533 2.3285397010533 9.5617797010533003 9.5728797010532993 14.346899701053299 14.346899701053299 14.356809701053301 34.065919701053303 34.072639701053298 41.648859701053297 41.648859701053297 41.649499701053301
118 -14.279630298946699 -0.6552802989466997 -0.61507029894669962 -0.6150602989467 1.0721497010532999 2.3168997010533001 2.3455597010533 2.3455597010533 9.5316597010533002 9.5757297010532998 14.353059701053301 14.353059701053301 14.3923997010533 34.034959701053303 34.061779701053304 41.634359701053299 41.634369701053302 41.636949701053297
119 -14.275620298946702 -0.7223002989467 -0.63659029894670027 -0.63658029894669976 1.1402497010533001 2.3094997010533 2.3735797010533002 2.3735897010532998 9.4825597010533009 9.5804797010532994 14.363329701053299 14.363329701053299 14.450619701053299 33.983489701053301 34.043639701053301 41.610229701053299 41.610239701053302 41.616159701053299
120 -14.270010298946701 -0.80852029894669997 -0.66603029894670041 -0.66601029894670027 1.2279097010532998 2.2991797010532999 2.4121097010532999 2.4121297010533 9.4159997010533001 9.5871297010532999 14.377699701053299 14.377699701053299 14.530019701053298 33.911729701053304 34.018149701053304 41.576489701053298 41.576499701053301 41.587319701053296
121 -14.262800298946701 -0.90935029894670016 -0.70278029894670002 -0.70274029894669976 1.3304697010532998 2.2859897010532997 2.4605397010533001 2.4605697010532999 9.3338797010533003 9.5956697010532999 14.396169701053299 14.396169701053299 14.628769701053301 33.8199597010533 33.9852097010533 41.533199701053299 41.533209701053302 41.550689701053301
122 -14.2539902989467 -1.0210402989467005 -0.74614029894669986 -0.74609029894669998 1.4440597010533001 2.2699597010532999 2.5181797010532998 2.5182097010533 9.2382597010533001 9.6061197010533004 14.418719701053298 14.418719701053298 14.7448797010533 33.708539701053304 33.944699701053302 41.480409701053297 41.480439701053299 41.506599701053297
123 -14.2435702989467 -1.1407302989466999 -0.79538029894670004 -0.79531029894670002 1.5656897010533 2.2511497010532997 2.5842797010532998 2.5843197010533001 9.131299701053301 9.6184797010532996 14.4453397010533 14.445349701053299 14.876329701053301 33.5779297010533 33.896499701053301 41.418219701053296 41.418259701053302 41.455429701053298
124 -14.231550298946701 -1.2663202989466997 -0.84976029894670013 -0.84967029894669999 1.6931197010532999 2.2296397010533 2.6580897010533002 2.6581397010533001 9.015079701053299 9.6327397010532998 14.4760197010533 14.476029701053299 15.0211597010533 33.428609701053304 33.8404197010533 41.346719701053296 41.346759701053301 41.397649701053297
125 -14.217930298946701 -1.3962802989467002 -0.90856029894669987 -0.9084502989466996 1.8245997010532999 2.2054997010533 2.7388997010532998 2.7389697010532998 8.8915897010532987 9.6488997010532991 14.5107397010533 14.5107497010533 15.1775797010533 33.261189701053304 33.7763097010533 41.266009701053299 41.266069701053297 41.333729701053301
126 -14.202700298946702 -1.5295002989466999 -0.97113029894669989 -0.97099029894669986 1.9587697010533001 2.1788197010532997 2.8260497010533001 2.8261197010533001 8.7626997010533003 9.6669797010533003 14.549479701053301 14.5494897010533 15.343939701053301 33.076299701053301 33.703979701053299 41.176239701053298 41.176309701053299 41.264229701053296
127 -14.1858602989467 -1.6651502989467 -1.0368502989466997 -1.0366902989467004 2.0945297010532999 2.1496897010533003 2.9188897010532999 2.9189797010533001 8.6301197010532995 9.6869597010533006 14.5921997010533 14.592209701053299 15.5188197010533 32.874639701053297 33.623209701053298 41.0775497010533 41.077629701053297 41.189709701053296
128 -14.167420298946702 -1.8026202989467004 -1.1051602989467 -1.1049802989466997 2.1182097010533001 2.2308997010532998 3.0168897010532998 3.0169897010533 8.4954597010532993 9.7088697010532989 14.638879701053298 14.638879701053298 15.700929701053301 32.656969701053299 33.5338297010533 40.970109701053296 40.9702097010533 41.1107697010533
129 -14.1473802989467 -1.9414702989467001 -1.1755902989467 -1.1753802989466999 2.0844897010532999 2.3669997010532997 3.1195297010532999 3.1196397010533001 8.3602297010532993 9.7326897010532996 14.689459701053298 14.689469701053302 15.889179701053301 32.424089701053298 33.435639701053297 40.8541197010533 40.854229701053299 41.027999701053297
130 -14.1257202989467 -2.0813202989467001 -1.2476802989467002 -1.2474502989467 2.0486497010533 2.5019697010532997 3.2263697010532999 3.2264897010532998 8.2258897010533012 9.7584297010533003 14.743919701053301 14.7439297010533 16.0826297010533 32.1768297010533 33.328449701053302 40.729789701053299 40.729919701053298 40.942009701053301
131 -14.102460298946699 -2.2219202989467002 -1.3210602989467004 -1.3208002989467005 2.0107897010532998 2.6349297010532999 3.3370197010533 3.3371497010533 8.0938297010533002 9.7860997010532991 14.802189701053301 14.802199701053301 16.280459701053299 31.916069701053299 33.212089701053301 40.597369701053296 40.597509701053298 40.853389701053302
132 -14.077590298946699 -2.3630602989467002 -1.3954002989466998 -1.3951102989467001 1.9710397010533001 2.7649497010533 3.4511197010533001 3.4512597010533002 7.9654997010533002 9.8156897010532997 14.864199701053298 14.864209701053301 16.481959701053299 31.642719701053299 33.086419701053302 40.457099701053302 40.457269701053299 40.7626997010533
133 -14.0511102989467 -2.5045602989467 -1.4703802989466999 -1.4700702989467 1.9295397010533 2.8909897010533001 3.5683797010533 3.5685197010533001 7.8423597010532999 9.8472197010532998 14.929879701053299 14.929899701053301 16.686529701053299 31.357699701053299 32.951329701053304 40.309299701053298 40.309479701053299 40.670479701053296
134 -14.023020298946701 -2.6463002989467004 -1.5457702989467004 -1.5454402989467004 1.8863997010533 3.0119297010533002 3.6885197010533002 3.6886697010532998 7.7259197010533001 9.8806897010532992 14.999139701053299 14.999159701053301 16.893659701053299 31.061949701053297 32.806749701053299 40.154269701053302 40.154469701053301 40.577209701053299
135 -13.993330298946702 -2.7881802989466999 -1.6213302989466998 -1.6209702989467001 1.8417597010533 3.1264997010532998 3.8113097010532999 3.8114597010533 7.6178197010532998 9.9161097010533013 15.071879701053302 15.071899701053301 17.102919701053299 30.7564197010533 32.6526297010533 39.992369701053299 39.992589701053298 40.4833297010533
136 -13.962020298946701 -2.9301002989466998 -1.6968702989466999 -1.6964802989466996 1.7957497010532999 3.2332797010532999 3.9365297010533 3.9366897010533002 7.5197797010532996 9.9534697010533009 15.147969701053299 15.147989701053302 17.313909701053301 30.4420497010533 32.488979701053303 39.8239897010533 39.824229701053298 40.389189701053297
137 -13.9291002989467 -3.0719902989466998 -1.7722102989466997 -1.7717902989466996 1.7484997010532999 3.3307297010533001 4.0639997010532998 4.0641697010533004 7.4336197010533001 9.9927897010533009 15.227289701053301 15.227309701053301 17.526329701053299 30.1197797010533 32.315869701053302 39.6495397010533 39.6498097010533 40.295109701053299
138 -13.8945702989467 -3.2138102989466999 -1.8472002989467002 -1.8467502989467004 1.7001497010533 3.4172197010533001 4.1935497010532998 4.1937297010533001 7.3612297010533005 10.0340697010533 15.309669701053298 15.309689701053301 17.7399097010533 29.790559701053301 32.133409701053303 39.469489701053298 39.469769701053302 40.201279701053302
139 -13.858430298946701 -3.3555002989467004 -1.9217002989466998 -1.9212302989466998 1.6508297010533 3.4911097010533001 4.3250497010532998 4.3252297010533001 7.3044697010533 10.0773097010533 15.3949297010533 15.394959701053299 17.9544197010533 29.455289701053299 31.9417497010533 39.284309701053296 39.284619701053302 40.107879701053299
140 -13.820690298946701 -3.4970302989466999 -1.9955902989467003 -1.9951002989467002 1.6006797010533 3.5508597010532998 4.4583597010533005 4.4585497010533004 7.2650897010533004 10.122539701053299 15.4828697010533 15.482899701053299 18.169679701053301 29.114879701053297 31.741109701053301 39.094549701053296 39.094889701053297 40.014949701053297
141 -13.781330298946703 -3.6383502989467003 -2.0687802989466997 -2.0682602989466998 1.5498197010532999 3.5951697010533001 4.5933597010533003 4.5935497010533002 7.2445697010533001 10.169739701053299 15.5732497010533 15.573279701053298 18.3855397010533 28.770189701053297 31.531729701053298 38.900789701053299 38.901139701053296 39.922489701053301
142 -13.740360298946701 -3.7794602989466997 -2.1411702989467001 -2.1406202989467005 1.4983897010533 3.6231497010533 4.7299497010533003 4.7301497010532998 7.2439797010533002 10.2189297010533 15.665819701053302 15.6658497010533 18.601879701053299 28.422069701053299 31.313919701053297 38.703629701053302 38.704009701053302 39.830419701053302
143 -13.6977802989467 -3.9203102989467 -2.2126602989466999 -2.2120902989467002 1.4465097010532999 3.6344097010533001 4.8680397010533003 4.8682497010532995 7.2638497010532994 10.2701297010533 15.7602697010533 15.760309701053298 18.818619701053301 28.071329701053298 31.088019701053298 38.503749701053302 38.504159701053297 39.738579701053297
144 -13.653600298946699 -4.0609002989467005 -2.2832002989467002 -2.2826002989466998 1.3943297010532998 3.6291697010532999 5.0075597010532995 5.0077697010533004 7.3040997010532998 10.3233297010533 15.8562797010533 15.856319701053302 19.0356997010533 27.718739701053298 30.854379701053301 38.301859701053296 38.302289701053297 39.646749701053302
145 -13.607810298946703 -4.2012002989467003 -2.3527102989467004 -2.3520802989467002 1.3419497010532999 3.6081897010533002 5.1484197010532995 5.1486297010533004 7.3640997010533003 10.378539701053299 15.953469701053301 15.953509701053299 19.253069701053299 27.365019701053299 30.6134097010533 38.098709701053302 38.099159701053296 39.554659701053296
146 -13.560410298946699 -4.3412002989467 -2.4211302989467001 -2.4204802989466998 1.2894997010533 3.5727097010533 5.2905697010533004 5.2907797010532995 7.4427397010533003 10.435779701053299 16.051419701053302 16.0514597010533 19.470729701053298 27.010879701053298 30.365509701053298 37.8951097010533 37.895589701053296 39.461969701053299
147 -13.5114102989467 -4.4808802989467003 -2.4884102989467003 -2.4877302989467003 1.2370997010533 3.5242497010533 5.4339397010532995 5.4341597010533 7.5385897010532998 10.4950597010533 16.149689701053301 16.1497297010533 19.6886697010533 26.6569497010533 30.111099701053298 37.691919701053301 37.692419701053296 39.368319701053302
148 -13.460810298946701 -4.6202402989467002 -2.5545002989467003 -2.5538002989467001 1.1848797010532999 3.4644997010532999 5.5784897010533001 5.5787097010532998 7.6500597010532996 10.556379701053299 16.247759701053301 16.247809701053299 19.906919701053297 26.303859701053298 29.8506397010533 37.490039701053298 37.4905597010533 39.273299701053297
149 -13.408610298946702 -4.7592502989466992 -2.6193502989467001 -2.6186302989466999 1.1329497010532998 3.3951597010532999 5.7241797010533002 5.7244097010533004 7.7755397010533001 10.619759701053301 16.345089701053301 16.345139701053299 20.125529701053299 25.952149701053298 29.584549701053298 37.290409701053299 37.290959701053296 39.1764697010533
150 -13.354820298946702 -4.8979102989467007 -2.6829302989467001 -2.6821902989466997 1.0814097010533001 3.3178697010532998 5.8709697010532995 5.8711997010532997 7.9134797010532996 10.685209701053299 16.441059701053302 16.441119701053299 20.3445297010533 25.602359701053299 29.313259701053298 37.094049701053301 37.094619701053297 39.077359701053297
151 -13.299430298946699 -5.0362002989467003 -2.7452102989467004 -2.7444502989466999 1.0303797010532998 3.2341197010533 6.0188397010533006 6.0190697010532999 8.0624697010532991 10.752739701053301 16.5350397010533 16.535099701053301 20.564009701053298 25.254939701053299 29.037219701053299 36.9019797010533 36.902569701053302 38.975499701053302
152 -13.2424502989467 -5.1741202989466997 -2.8061402989467004 -2.8053602989466997 0.97996970105329995 3.1452397010533 6.1677497010532996 6.1679897010532994 8.2212497010532992 10.822369701053301 16.626309701053302 16.626369701053299 20.784029701053299 24.910339701053299 28.756829701053299 36.715279701053298 36.7158897010533 38.870409701053298
153 -13.1838902989467 -5.3116502989466996 -2.8657002989466998 -2.8649002989466998 0.9302897010533 3.0523797010533 6.3176997010533 6.3179397010532998 8.3887197010533008 10.8940997010533 16.714129701053299 16.7141997010533 21.004699701053298 24.568939701053299 28.472499701053298 36.535049701053296 36.5356897010533 38.761609701053303
154 -13.1237502989467 -5.4487802989467005 -2.9238602989466997 -2.9230402989466997 0.88141970105330003 2.9565397010533001 6.4686597010532996 6.4688997010532994 8.5639497010532999 10.967959701053299 16.7977197010533 16.7977997010533 21.2260997010533 24.2310897010533 28.1846397010533 36.362429701053301 36.363079701053302 38.648619701053299
155 -13.062030298946702 -5.5855002989467009 -2.9806002989467002 -2.9797702989466996 0.83347970105329994 2.8585697010533 6.6206297010533 6.6208697010532997 8.7461397010533002 11.0439597010533 16.8762497010533 16.876329701053301 21.448349701053299 23.8970997010533 27.893599701053301 36.198549701053302 36.199219701053302 38.530959701053298
156 -12.9987402989467 -5.7217902989466998 -3.0359002989467001 -3.0350502989467003 0.78656970105329993 2.7591897010533 6.7735997010532998 6.7738497010533001 8.9346097010533008 11.122109701053301 16.948859701053301 16.948949701053301 21.671549701053298 23.567249701053299 27.599759701053298 36.044539701053296 36.045239701053298 38.408199701053299
157 -12.9338902989467 -5.8576402989466994 -3.0897302989466997 -3.0888702989467003 0.74076970105330009 2.6590297010533002 6.9275697010532999 6.9278197010533002 9.1288097010532994 11.202429701053301 17.0146897010533 17.014789701053299 21.895819701053298 23.241759701053301 27.3034397010533 35.901529701053299 35.902239701053297 38.279899701053296
158 -12.867480298946703 -5.9930502989466996 -3.1420802989467003 -3.1412002989466998 0.69617970105330018 2.5585897010532999 7.0825497010533001 7.0827997010533004 9.3282397010532989 11.284929701053301 17.0728597010533 17.072979701053299 22.1212897010533 22.920859701053299 27.004969701053298 35.7705997010533 35.771329701053297 38.145659701053297
159 -12.7995102989467 -6.1279902989466999 -3.1929202989467003 -3.1920402989466998 0.65288970105329991 2.4583097010532997 7.2385397010533001 7.2387997010533001 9.5325197010532996 11.3696497010533 17.122519701053299 17.122649701053302 22.348069701053298 22.604689701053299 26.704649701053299 35.652779701053298 35.653529701053301 38.005099701053297
160 -12.730000298946702 -6.2624502989467006 -3.2422502989466997 -3.2413602989466996 0.61098970105329986 2.3585697010533 7.3955497010532998 7.3958097010533006 9.7412797010533012 11.4565897010533 17.162829701053301 17.162969701053299 22.293419701053299 22.576299701053298 26.402749701053299 35.549009701053301 35.549779701053296 37.857909701053302
161 -12.658960298946702 -6.3964202989467003 -3.2900502989467002 -3.2891502989466996 0.57054970105330005 2.2596697010533 7.5535797010532999 7.5538497010533003 9.9542597010532994 11.545769701053299 17.193009701053299 17.1931597010533 21.987139701053298 22.806089701053299 26.099529701053299 35.4601597010533 35.460939701053299 37.703769701053297
162 -12.5863802989467 -6.5298702989467001 -3.3363102989467004 -3.3354102989466998 0.53167970105329987 2.1618997010532999 7.7126597010533002 7.7129297010532998 10.1711997010533 11.637219701053301 17.212329701053299 17.2124897010533 21.685959701053299 23.0375797010533 25.795219701053298 35.386929701053297 35.387729701053303 37.5424497010533
163 -12.512290298946699 -6.6628002989467001 -3.3810202989466998 -3.3801102989467005 0.49443970105330015 2.0654697010533001 7.8727797010533003 7.8730497010532998 10.3918897010533 11.730949701053301 17.220169701053301 17.220339701053302 21.389939701053301 23.2708797010533 25.490059701053298 35.3298997010533 35.330709701053301 37.3737297010533
164 -12.436680298946701 -6.7951902989466992 -3.4241502989467003 -3.4232402989467001 0.45890970105330009 1.9705997010533001 8.0339497010532988 8.0342297010532988 10.616139701053299 11.8269997010533 17.215999701053299 17.216179701053299 21.0991297010533 23.506109701053298 25.1842497010533 35.289469701053299 35.290289701053304 37.197459701053297
165 -12.3595802989467 -6.9270202989467 -3.4657202989467004 -3.4648102989467002 0.42516970105329976 1.8774297010532999 8.1961897010532994 8.1964697010532994 10.843809701053299 11.925379701053298 17.199409701053298 17.199599701053302 20.813549701053301 23.743399701053299 24.8779597010533 35.265849701053298 35.266669701053303 37.013529701053301
166 -12.280980298946702 -7.0582702989466997 -3.5057002989467003 -3.5048002989466998 0.39328970105330008 1.7861197010532999 8.3594797010532993 8.3597597010532994 11.0747497010533 12.0261297010533 17.170129701053298 17.170339701053301 20.533209701053298 23.982839701053297 24.5713697010533 35.259019701053298 35.259849701053298 36.821879701053298
167 -12.200900298946699 -7.1889202989467007 -3.5440902989467 -3.5431902989467003 0.36333970105330016 1.6967997010533 8.5238297010533 8.5241097010533 11.3088397010533 12.1292497010533 17.128059701053299 17.128279701053302 20.2580997010533 24.224549701053299 24.264639701053298 35.268759701053298 35.269589701053299 36.622509701053296
168 -12.119360298946699 -7.3189502989467004 -3.5808802989466999 -3.5799902989466998 0.33538970105330002 1.6095697010532999 8.6892097010533007 8.6894997010533004 11.545979701053302 12.234799701053301 17.073199701053301 17.073439701053299 19.9882197010533 23.957889701053301 24.468639701053299 35.294609701053304 35.295439701053304 36.415449701053298
169 -12.0363602989467 -7.4483602989467004 -3.6160702989467 -3.6151902989467004 0.30950970105330011 1.5245197010533 8.8555997010533005 8.8558997010532998 11.786049701053301 12.342779701053299 17.0057597010533 17.005999701053302 19.723519701053299 23.651259701053299 24.715169701053298 35.3358997010533 35.336719701053298 36.200799701053299
170 -11.9519102989467 -7.5771002989467009 -3.6496402989467001 -3.6487802989466998 0.28574970105329989 1.4417397010533 9.0229597010532991 9.0232497010532988 12.028979701053299 12.453239701053299 16.926059701053301 16.926319701053298 19.463959701053298 23.344869701053298 24.964239701053298 35.391709701053301 35.392529701053299 35.978709701053297
171 -11.866030298946701 -7.7051702989467001 -3.6816002989466998 -3.6807602989466996 0.26416970105330018 1.3612897010533 9.1912097010532996 9.1915097010532989 12.274679701053302 12.5661997010533 16.8345997010533 16.8348697010533 19.2094997010533 23.0388097010533 25.215929701053298 35.460919701053299 35.461729701053301 35.749369701053297
172 -11.778730298946702 -7.8325502989467006 -3.7119402989466996 -3.7111202989467005 0.24483970105330011 1.2832497010532999 9.3602697010532996 9.3605797010533003 12.523079701053302 12.681699701053301 16.731989701053301 16.732259701053302 18.960079701053299 22.733189701053298 25.4702897010533 35.512999701053296 35.542219701053298 35.5430097010533
173 -11.690030298946699 -7.9592102989467 -3.7406602989467004 -3.7398602989467005 0.22779970105329994 1.2076497010532998 9.5300197010533001 9.5303297010533008 12.774089701053299 12.7997797010533 16.618979701053298 16.619259701053299 18.715619701053299 22.428089701053299 25.727369701053298 35.269889701053302 35.634119701053301 35.634889701053297
174 -11.599940298946699 -8.0851302989467015 -3.7677402989467002 -3.7669802989466996 0.21310970105330007 1.1345497010533001 9.7002997010533001 9.7005997010532994 12.9204597010533 13.027659701053299 16.496439701053301 16.496729701053301 18.476059701053298 22.123579701053298 25.987209701053299 35.020339701053302 35.734959701053299 35.735709701053302
175 -11.508470298946701 -8.210290298946699 -3.7932002989467 -3.7924602989467004 0.20080970105329987 1.0639997010532998 9.8708797010533011 9.8711897010533001 13.043789701053299 13.283709701053301 16.365349701053301 16.3656497010533 18.241329701053299 21.819739701053297 26.2498397010533 34.764709701053299 35.842989701053298 35.843719701053296
176 -11.415630298946699 -8.3346802989467008 -3.8170202989466997 -3.8163202989467004 0.19094970105330011 0.99600970105329978 10.041489701053301 10.0417997010533 13.1697997010533 13.5421797010533 16.226789701053299 16.227099701053302 18.011349701053302 21.516629701053301 26.515259701053299 34.503369701053302 35.956339701053302 35.957039701053297
177 -11.321450298946701 -8.4582602989467013 -3.8392002989467002 -3.8385402989467003 0.18355970105330011 0.93062970105330001 10.211769701053299 10.2120797010533 13.2985497010533 13.802999701053299 16.081949701053301 16.082259701053299 17.786019701053299 21.214309701053299 26.783479701053299 34.2367097010533 36.073079701053302 36.073749701053302
178 -11.2259402989467 -8.5810202989467008 -3.8597502989467003 -3.8591202989467002 0.17868970105330018 0.86788970105329977 10.3812397010533 10.381549701053299 13.430059701053299 14.066119701053299 15.932129701053299 15.932439701053301 17.565279701053299 20.912839701053301 27.0544597010533 33.965169701053298 36.191249701053302 36.191869701053299
179 -11.129120298946699 -8.7029402989467002 -3.8786502989466998 -3.8780702989467004 0.17636970105330008 0.80779970105330001 10.549289701053301 10.5495997010533 13.564389701053301 14.331459701053301 15.778739701053301 15.7790497010533 17.349029701053301 20.6122697010533 27.328179701053298 33.689179701053298 36.308859701053301 36.309449701053296
180 -11.030990298946701 -8.8239902989467005 -3.8959202989466997 -3.8953702989467001 0.1766297010533 0.75038970105330005 10.715149701053299 10.7154497010533 13.701579701053301 14.598969701053299 15.6233597010533 15.623669701053299 17.137189701053298 20.312659701053299 27.6045697010533 33.409179701053304 36.423979701053298 36.424529701053302
181 -10.931590298946698 -8.9441602989466986 -3.9115402989466999 -3.9110402989467001 0.17950970105329977 0.69566970105329995 10.877779701053299 10.8780797010533 13.841679701053302 14.868589701053299 15.4677697010533 15.468069701053299 16.929679701053299 20.014059701053299 27.883549701053298 33.125629701053299 36.534709701053302 36.535209701053297
182 -10.830920298946701 -9.0634102989466996 -3.9255102989467003 -3.9250602989466996 0.1850197010532999 0.64365970105329984 11.035869701053301 11.0361597010533 13.9847397010533 15.1402497010533 15.313989701053298 15.314279701053302 16.7263997010533 19.716499701053298 28.1650197010533 32.838999701053304 36.639239701053299 36.639699701053296
183 -10.729000298946701 -9.1817402989466999 -3.9378402989466998 -3.9374402989466999 0.19319970105329975 0.59437970105329985 11.187699701053301 11.1879697010533 14.130809701053298 15.164379701053299 15.164659701053299 15.4138897010533 16.527269701053299 19.420049701053301 28.448879701053301 32.549729701053302 36.735869701053296 36.736269701053303
184 -10.625860298946701 -9.2991102989467009 -3.9485202989466996 -3.9481802989467001 0.20405970105329985 0.54783970105330004 11.331039701053299 11.3312997010533 14.279959701053301 15.021749701053299 15.0220097010533 15.689459701053298 16.332209701053301 19.1247497010533 28.734969701053299 32.258279701053304 36.823029701053301 36.823379701053298
185 -10.521500298946702 -9.4155202989466993 -3.9575502989466997 -3.9572602989467001 0.21761970105329986 0.50403970105329998 11.463099701053299 11.463329701053301 14.432229701053298 14.889419701053299 14.889649701053301 15.966889701053301 16.141129701053298 18.8306397010533 29.0231297010533 31.965099701053298 36.899309701053298 36.899599701053297
186 -10.415950298946701 -9.5309202989467003 -3.9649402989466997 -3.9647102989467005 0.23388970105329987 0.46298970105330017 11.580349701053301 11.5805497010533 14.5876897010533 14.7713297010533 14.7715397010533 15.9539497010533 16.2461097010533 18.537779701053299 29.313169701053297 31.670599701053298 36.963469701053299 36.963709701053297
187 -10.309230298946702 -9.6453202989467002 -3.9706802989467 -3.9705002989466998 0.25289970105330006 0.42469970105329979 11.678669701053298 11.678829701053299 14.672009701053302 14.672169701053299 14.746399701053299 15.7705997010533 16.527079701053299 18.246229701053299 29.604879701053299 31.375209701053301 37.0144897010533 37.0146697010533
188 -10.2013502989467 -9.7586802989467003 -3.9747702989466998 -3.9746502989466999 0.27463970105329993 0.38916970105330018 11.7535197010533 11.753629701053299 14.596249701053299 14.596369701053298 14.908419701053301 15.5909797010533 16.8097297010533 17.9560197010533 29.8980197010533 31.0793297010533 37.051539701053301 37.051659701053296
189 -10.092340298946699 -9.8709802989467015 -3.9772102989466998 -3.9771502989467002 0.29913970105330012 0.35639970105329999 11.800589701053301 11.800649701053299 14.548569701053299 14.548629701053301 15.073819701053299 15.4150297010533 17.094009701053299 17.667209701053299 30.1923197010533 30.783329701053297 37.074019701053302 37.0740797010533
190 -9.9828402989467016 -9.9815702989466999 -3.9780102989466997 -3.9780102989466997 0.32608970105329993 0.3266797010532998 11.816699701053299 11.816699701053299 14.532289701053301 14.532289701053301 15.242589701053301 15.242739701053299 17.378459701053298 17.381249701053299 30.483949701053298 30.4911297010533 37.0815797010533 37.0815797010533
191 -9.9826302989466988 -9.9813602989467007 -3.9803102989466996 -3.9803102989466996 0.33087970105329978 0.33147970105330016 11.806379701053299 11.806409701053301 14.496679701053299 14.496769701053299 15.2707697010533 15.2708697010533 17.399589701053301 17.402399701053302 30.477779701053301 30.484949701053299 37.078899701053302 37.078929701053298
192 -9.982010298946701 -9.9807202989467001 -3.9871702989467002 -3.9871602989466997 0.34522970105330009 0.34580970105329989 11.7752897010533 11.7753797010533 14.406149701053302 14.406419701053299 15.339529701053301 15.339549701053301 17.4625997010533 17.465429701053299 30.459389701053301 30.466509701053297 37.070819701053296 37.070919701053299
193 -9.9809602989467017 -9.9796802989467004 -3.9984702989467005 -3.9984602989467 0.3690097010533 0.3695897010532998 11.723079701053301 11.723279701053301 14.288169701053299 14.2886997010533 15.422959701053301 15.423039701053298 17.5660997010533 17.568979701053301 30.429049701053298 30.436099701053298 37.057169701053297 37.057409701053302
194 -9.9795102989466997 -9.9782202989466988 -4.0140502989467004 -4.0140302989467003 0.40206970105329987 0.40262970105329998 11.649389701053298 11.649739701053299 14.1617397010533 14.162529701053298 15.5050097010533 15.505159701053302 17.7075297010533 17.7104497010533 30.3872297010533 30.3941897010533 37.037699701053299 37.038119701053297
195 -9.9776502989466991 -9.9763502989466986 -4.0336602989466996 -4.0336202989467003 0.44414970105329976 0.44469970105329981 11.554069701053301 11.554589701053299 14.037609701053299 14.038679701053301 15.578699701053299 15.578909701053298 17.883089701053301 17.886069701053302 30.3345997010533 30.3414397010533 37.012069701053299 37.0127197010533
196 -9.9754102989466986 -9.9741002989466985 -4.0570002989466998 -4.0569402989467003 0.49499970105329982 0.49550970105330006 11.4374397010533 11.438129701053299 13.9217797010533 13.923129701053298 15.6421197010533 15.642379701053301 18.088179701053299 18.091219701053301 30.271939701053299 30.278639701053301 36.979869701053296 36.980789701053297
197 -9.9727902989466983 -9.9714702989466986 -4.0837402989467 -4.0836702989467 0.55426970105329998 0.55476970105330015 11.3004697010533 11.3013297010533 13.8173297010533 13.818949701053299 15.6957897010533 15.6960797010533 18.3179797010533 18.3210697010533 30.2002097010533 30.206759701053301 36.9406397010533 36.941859701053296
198 -9.969810298946701 -9.9684702989466984 -4.1135402989466998 -4.1134502989466997 0.62163970105329991 0.62210970105329988 11.144759701053299 11.145759701053301 13.7254597010533 13.727309701053301 15.741179701053301 15.7414897010533 18.5678997010533 18.571049701053301 30.120479701053299 30.126879701053298 36.893889701053297 36.895449701053302
199 -9.9664802989466992 -9.9651302989467005 -4.1460002989467002 -4.1458902989466999 0.69673970105329985 0.69717970105330007 10.9724097010533 10.9735397010533 13.646029701053301 13.648089701053301 15.779929701053302 15.7802697010533 18.833909701053301 18.837109701053301 30.033959701053298 30.040189701053301 36.839109701053296 36.841029701053301
200 -9.9628302989466988 -9.9614702989467006 -4.1807602989466996 -4.1806202989466996 0.77919970105330005 0.77960970105330007 10.785819701053299 10.787039701053299 13.5781297010533 13.5803597010533 15.8135797010533 15.813929701053301 19.1125497010533 19.115799701053302 29.941929701053301 29.947999701053298 36.775799701053302 36.778109701053296
201 -9.9588802989466991 -9.9575002989467016 -4.2174102989467004 -4.2172602989466998 0.86866970105329999 0.86903970105329975 10.5874097010533 10.588699701053301 13.520459701053301 13.5228397010533 15.843369701053302 15.843729701053299 19.400889701053298 19.404179701053302 29.8457697010533 29.8516797010533 36.7034897010533 36.706179701053301
202 -9.954660298946699 -9.9532602989466987 -4.2556002989466997 -4.2554202989467003 0.96476970105329984 0.96510970105329985 10.379479701053299 10.3808097010533 13.471589701053301 13.474069701053299 15.870279701053299 15.870649701053299 19.696429701053297 19.6997497010533 29.746959701053299 29.752719701053298 36.621719701053301 36.624819701053298
203 -9.9501802989467016 -9.9487602989466986 -4.2949402989466998 -4.2947402989467003 1.0671897010532998 1.0674897010533 10.1640797010533 10.1654297010533 13.4301297010533 13.432709701053302 15.895079701053302 15.895449701053298 19.996969701053299 20.0003197010533 29.647029701053299 29.652669701053298 36.530109701053298 36.533609701053301
204 -9.9454802989466984 -9.9440502989466992 -4.3350902989467004 -4.3348702989466998 1.1755797010532998 1.1758397010533002 9.9429697010533005 9.9443297010532987 13.394859701053299 13.397509701053298 15.918319701053299 15.918699701053299 20.3005397010533 20.3038997010533 29.5476197010533 29.5531497010533 36.428299701053298 36.432219701053299
205 -9.9405902989466988 -9.9391402989467004 -4.3757202989466997 -4.3754802989466999 1.2896397010533001 1.2898697010532998 9.7176397010533009 9.7189997010532991 13.364729701053299 13.3674297010533 15.9404497010533 15.9408197010533 20.605279701053298 20.608639701053299 29.450439701053298 29.455879701053298 36.316039701053299 36.320359701053299
206 -9.9355502989467013 -9.9340702989467005 -4.4165202989466996 -4.4162602989466997 1.4090897010533001 1.4092797010533 9.4893397010533 9.4906797010532991 13.338849701053299 13.341589701053302 15.9617397010533 15.962109701053301 20.9093897010533 20.912719701053298 29.357279701053297 29.362669701053299 36.193119701053298 36.197829701053301
207 -9.9303802989467016 -9.9288802989467015 -4.4571902989467 -4.4569102989467 1.5336497010532999 1.5337997010533 9.2590797010532988 9.2603897010532989 13.3164897010533 13.319269701053301 15.982429701053299 15.982789701053299 21.211039701053299 21.214329701053298 29.270049701053299 29.275409701053299 36.059419701053301 36.0644997010533
208 -9.9251202989467018 -9.9235902989466993 -4.4974502989467 -4.4971502989466998 1.6630797010533001 1.6631897010532999 9.0276797010532999 9.0289597010532994 13.297069701053299 13.2998697010533 16.002639701053301 16.002999701053302 21.508369701053301 21.5115897010533 29.1907297010533 29.196119701053298 35.914869701053298 35.920319701053302
209 -9.9198102989467003 -9.9182602989466986 -4.5370502989467001 -4.5367302989466998 1.7971397010532999 1.7972097010532999 8.7958197010533006 8.7970697010532994 13.280109701053298 13.282929701053298 16.0224697010533 16.022819701053301 21.799429701053299 21.802549701053298 29.121449701053297 29.1269097010533 35.759529701053296 35.765319701053301
210 -9.9144802989466996 -9.9129102989466986 -4.5757502989467005 -4.5754202989467005 1.9356397010533 1.9356697010532999 8.5640697010532989 8.5652697010532997 13.265219701053301 13.2680497010533 16.041939701053298 16.042289701053299 22.0821597010533 22.0851497010533 29.064389701053297 29.069969701053299 35.593499701053297 35.599609701053296
211 -9.9091802989467013 -9.9075902989467011 -4.6133402989467003 -4.6129902989466993 2.0783497010533001 2.0783597010532997 8.3328697010533013 8.3340297010533 13.252089701053301 13.2549297010533 16.061069701053299 16.0614097010533 22.3543997010533 22.3572197010533 29.021849701053299 29.027599701053298 35.416989701053303 35.423389701053303
212 -9.9039402989467007 -9.9023302989467012 -4.6496102989467003 -4.6492402989467001 2.2250797010532999 2.2251397010533003 8.1025997010533004 8.103709701053301 13.2404797010533 13.243329701053298 16.0798097010533 16.080139701053302 22.613929701053298 22.616539701053298 28.996129701053299 29.0021097010533 35.230279701053298 35.236939701053302
213 -9.8988102989466995 -9.8971802989467008 -4.6843702989467007 -4.6839902989467008 2.3756897010533002 2.3757897010533 7.8735797010533002 7.8746497010532996 13.230189701053298 13.233029701053301 16.098119701053299 16.098439701053302 22.858499701053297 22.8608597010533 28.989469701053299 28.995739701053299 35.033749701053303 35.040639701053301
214 -9.8938102989467005 -9.892160298946699 -4.7174502989467006 -4.7170602989466994 2.5300097010533 2.5301597010533001 7.6460797010533001 7.6470997010532997 13.2210397010533 13.223879701053299 16.115899701053301 16.1162197010533 23.085969701053298 23.088049701053301 29.003949701053298 29.010569701053299 34.827879701053298 34.834969701053303
215 -9.8890002989467014 -9.8873302989467007 -4.7486902989466993 -4.7482902989467002 2.6878997010533001 2.6880897010533 7.4203197010533 7.4212897010533005 13.212909701053299 13.215749701053301 16.133069701053302 16.1333797010533 23.294449701053299 23.2962197010533 29.0413197010533 29.048339701053298 34.613269701053298 34.620519701053304
216 -9.8844102989467011 -9.8827202989467011 -4.7779502989467 -4.7775402989466995 2.8491997010532999 2.8494297010533001 7.1965197010532993 7.1974297010533004 13.205689701053299 13.208539701053301 16.149509701053301 16.1498097010533 23.482419701053299 23.483859701053298 29.1028097010533 29.110269701053298 34.390619701053303 34.397989701053298
217 -9.8800802989467016 -9.8783702989466988 -4.8051002989467007 -4.8046802989467006 3.0137497010533001 3.0140397010532998 6.9748697010532998 6.9757197010533005 13.199299701053299 13.202139701053301 16.1650997010533 16.1653997010533 23.648909701053299 23.6499997010533 29.188919701053297 29.196879701053298 34.160809701053303 34.168249701053298
218 -9.8760402989467018 -9.8743102989466998 -4.8300202989467005 -4.8295902989467008 3.1813897010533001 3.1817297010533001 6.7555497010533001 6.7563497010533 13.193669701053299 13.196509701053301 16.179719701053301 16.1800197010533 23.793619701053299 23.794369701053299 29.2993097010533 29.307789701053299 33.924899701053299 33.932359701053301
219 -9.8723202989467005 -9.8705802989466989 -4.8525902989467005 -4.8521602989467008 3.3519297010533 3.3523197010532999 6.5387697010533001 6.5394997010533 13.1887497010533 13.191589701053299 16.193249701053301 16.1935397010533 23.916929701053299 23.9173497010533 29.4326597010533 29.441689701053299 33.684249701053304 33.6916697010533
220 -9.8689602989466998 -9.8672102989466985 -4.8727402989466997 -4.8723002989467004 3.5251297010533 3.5255797010532999 6.3247697010533006 6.3254497010532997 13.184479701053299 13.187319701053301 16.205539701053301 16.2058297010533 24.0198297010533 24.0199397010533 29.586589701053299 29.596189701053298 33.440579701053302 33.447889701053299
221 -9.8659902989466985 -9.8642202989467016 -4.8903602989467005 -4.8899202989466994 3.7006497010533002 3.7011597010532999 6.1139097010533003 6.1145097010532998 13.180849701053301 13.1836797010533 16.216489701053298 16.216779701053301 24.103659701053299 24.1038297010533 29.757609701053298 29.767819701053298 33.196229701053298 33.203349701053298
222 -9.8634302989466995 -9.8616502989466994 -4.9054002989466996 -4.9049502989467006 3.8779497010532999 3.8785497010532999 5.9066997010533004 5.9072197010533003 13.177809701053299 13.180639701053298 16.225959701053299 16.226249701053298 24.170289701053299 24.170689701053298 29.940899701053301 29.951759701053298 32.954569701053302 32.961389701053299
223 -9.8613002989466985 -9.8595202989466983 -4.9177902989466995 -4.9173402989467005 4.0561097010533 4.0567997010532997 5.7040897010533005 5.7045097010533006 13.1753497010533 13.178169701053299 16.233869701053301 16.234159701053301 24.221679701053301 24.2222697010533 30.129749701053299 30.141339701053298 32.720689701053303 32.727079701053299
224 -9.8596202989467017 -9.8578302989466984 -4.9274802989467004 -4.9270202989467 4.2331197010533002 4.2339397010533002 5.5080497010533005 5.5083397010533002 13.1734497010533 13.1762697010533 16.240119701053299 16.240409701053299 24.2595997010533 24.260339701053301 30.314289701053298 30.326689701053301 32.5029597010533 32.5087597010533
225 -9.8584202989467009 -9.8566202989467016 -4.9344202989467005 -4.9339702989466998 4.4039597010533003 4.4049697010533002 5.3236397010532999 5.3237397010532996 13.172099701053298 13.174919701053302 16.244639701053298 16.244929701053302 24.285529701053299 24.286379701053299 30.4789197010533 30.4922397010533 32.315629701053304 32.320679701053301
226 -9.8576902989467001 -9.8558902989467008 -4.9386002989467004 -4.9381402989467 4.5524297010532999 4.5537497010532997 5.1668197010533001 5.1670197010532997 13.171289701053301 13.1741097010533 16.247369701053302 16.247659701053301 24.3006197010533 24.301529701053298 30.599179701053298 30.613349701053298 32.182169701053304 32.186469701053298
227 -9.8574402989466989 -9.8556402989466996 -4.9400002989467007 -4.9395402989467003 4.6229797010532998 4.6245597010533004 5.0932897010533003 5.0937697010532998 13.1710197010533 13.1738397010533 16.248289701053299 16.248569701053299 24.305579701053301 24.306509701053297 30.644599701053298 30.659149701053298 32.132419701053301 32.136359701053301
228 -9.9008902989466989 -9.8124902989466989 -4.9714202989466996 -4.9056702989467 4.5241397010532998 4.6494597010533001 5.1108697010533 5.1545097010532999 13.055849701053301 13.278959701053299 16.129009701053299 16.378749701053302 24.192019701053297 24.413669701053298 30.577139701053298 30.6697097010533 31.947829701053298 32.3786997010533
229 -9.9436602989466998 -9.7706202989466995 -5.0020702989466992 -4.8676602989467002 4.3509497010532998 4.6562997010532996 5.2074897010532997 5.2373897010533002 12.9330297010533 13.369669701053301 16.026259701053299 16.516239701053301 24.073659701053298 24.512819701053299 30.4978797010533 30.607939701053301 31.770259701053298 32.699499701053298
230 -9.9848602989466997 -9.7309502989466985 -5.0317302989467008 -4.8258402989467006 4.1554297010532997 4.6507297010533 5.3322297010532997 5.3356997010532998 12.805059701053299 13.439769701053301 15.945099701053302 16.6597597010533 23.951369701053299 24.602929701053299 30.4097697010533 30.5058597010533 31.605269701053299 33.057889701053298
231 -10.024470298946699 -9.6934802989466995 -5.0603502989467009 -4.7803102989466995 3.9541897010532998 4.6378597010532996 5.4442697010533001 5.4685597010532998 12.6728097010533 13.4842697010533 15.890649701053299 16.808359701053298 23.8254797010533 24.6833997010533 30.309309701053298 30.3850797010533 31.456649701053298 33.431769701053298
232 -10.062510298946702 -9.6581902989466997 -5.0879302989466995 -4.7312202989466998 3.7526397010533001 4.6208997010533004 5.5598397010533001 5.6111797010532998 12.536999701053301 13.498889701053301 15.867309701053301 16.961239701053302 23.6962697010533 24.753579701053297 30.193669701053299 30.2567997010533 31.327509701053298 33.809599701053301
233 -10.098950298946701 -9.625080298946699 -5.1144302989466999 -4.6787502989467002 3.5529797010533 4.6017697010532999 5.6804497010533002 5.7579897010533001 12.3982097010533 13.481249701053301 15.877599701053299 17.1177097010533 23.5639597010533 24.812779701053298 30.061759701053298 30.1271097010533 31.219379701053299 34.184979701053301
234 -10.133810298946699 -9.5941002989466995 -5.1398602989466999 -4.6230902989467006 3.3563297010533 4.5815797010533004 5.8048997010532997 5.9079697010533003 12.2568997010533 13.431649701053299 15.921359701053301 17.2771497010533 23.428689701053298 24.860369701053298 29.9144597010533 29.999809701053298 31.131639701053299 34.554019701053299
235 -10.167070298946701 -9.5652202989466986 -5.1641902989467008 -4.5644802989467008 3.1633597010533001 4.5610397010532999 5.9324297010532998 6.0605997010533006 12.113469701053301 13.352849701053302 15.995979701053301 17.438989701053298 23.290529701053298 24.895739701053298 29.754389701053299 29.8774697010533 31.061989701053299 34.914139701053301
236 -10.1987302989467 -9.5383802989466986 -5.1874102989466992 -4.5031902989467003 2.9745597010533 4.5405897010532996 6.0625197010532998 6.2155297010532999 11.968269701053298 13.249119701053299 16.097319701053301 17.602689701053301 23.1495197010533 24.918429701053299 29.585089701053299 29.761829701053298 31.007309701053298 35.2634597010533
237 -10.228790298946699 -9.5135202989466983 -5.2095002989466996 -4.4395402989467003 2.7903297010532997 4.5205397010533002 6.1947997010533005 6.3725197010532995 11.821579701053299 13.1251397010533 16.2208597010533 17.767699701053299 23.005589701053299 24.928099701053299 29.410199701053298 29.654099701053298 30.964539701053297 35.600579701053299
238 -10.257250298946701 -9.4905802989466999 -5.2304502989467005 -4.3738602989466999 2.6110397010532997 4.5010797010532997 6.3289597010533001 6.5313697010533005 11.673679701053299 12.985239701053299 16.362399701053299 17.933489701053301 22.858679701053298 24.924639701053298 29.2329497010533 29.555079701053298 30.931039701053297 35.924339701053299
239 -10.284090298946701 -9.4694902989466989 -5.2502602989467002 -4.3065302989466998 2.4370797010533001 4.4823697010533001 6.4647597010532998 6.6919097010532997 11.524799701053301 12.8330797010533 16.518409701053301 18.099469701053302 22.708639701053301 24.9081697010533 29.056049701053301 29.465279701053298 30.904709701053299 36.2337997010533
240 -10.309330298946701 -9.4501702989466985 -5.2689102989466994 -4.2380002989466998 2.2688297010533001 4.4645197010533 6.6019697010532994 6.8539597010533004 11.3751797010533 12.671639701053302 16.686059701053299 18.265019701053301 22.555329701053299 24.879119701053298 28.881769701053297 29.384909701053299 30.8839497010533 36.528129701053302
241 -10.332950298946699 -9.4325402989467015 -5.2863902989467002 -4.1687402989467 2.1067197010532999 4.4475897010532996 6.7403597010533005 7.0173397010533005 11.2250697010533 12.503309701053301 16.8631197010533 18.4294697010533 22.398579701053301 24.838189701053299 28.711989701053298 29.313909701053298 30.8675397010533 36.806629701053296
242 -10.354950298946701 -9.4165202989467005 -5.3027002989467009 -4.0992802989466997 1.9512197010532999 4.4316697010533002 6.8796997010532994 7.1817997010533006 11.074719701053301 12.3299897010533 17.047829701053299 18.592069701053301 22.2382197010533 24.786389701053299 28.548339701053298 29.2520097010533 30.854539701053298 37.0686397010533
243 -10.3753402989467 -9.4020502989467012 -5.3178202989467005 -4.0302102989466997 1.8028297010532999 4.4167897010533004 7.0197497010532999 7.3470897010532994 10.9243897010533 12.153259701053301 17.2387897010533 18.751939701053299 22.074099701053299 24.725039701053298 28.392179701053298 29.1987097010533 30.844239701053301 37.313589701053296
244 -10.3941002989467 -9.3890502989466995 -5.3317602989467003 -3.9621702989466998 1.6621497010533 4.4029997010533002 7.1601897010532998 7.5128697010533001 10.774409701053301 11.974479701053301 17.434839701053299 18.908129701053301 21.9060997010533 24.655699701053297 28.244709701053299 29.1533797010533 30.836079701053301 37.5409497010533
245 -10.411240298946701 -9.3774402989466985 -5.3445002989466994 -3.8958702989466998 1.5297897010532999 4.3903297010533002 7.3006597010533003 7.6786797010532997 10.6251697010533 11.7949097010533 17.635019701053299 19.059509701053301 21.7341697010533 24.580229701053298 28.106999701053301 29.115299701053299 30.829649701053299 37.750239701053296
246 -10.4267502989467 -9.3671602989467004 -5.3560402989466995 -3.8320502989467 1.4064597010532998 4.3787997010532997 7.4406897010532997 7.8439497010533001 10.4771497010533 11.6157497010533 17.8384497010533 19.204819701053299 21.558299701053301 24.500649701053298 27.9799497010533 29.083689701053299 30.824589701053299 37.941009701053297
247 -10.440630298946701 -9.3581402989467009 -5.3663802989467007 -3.7715502989466998 1.2928897010533 4.3684297010532998 7.5796597010533002 8.0078697010533002 10.3309897010533 11.4383397010533 18.0443297010533 19.342599701053299 21.3786097010533 24.419219701053301 27.864359701053299 29.057769701053299 30.820629701053299 38.112859701053296
248 -10.452890298946699 -9.3503202989466985 -5.3755002989467 -3.7152202989466998 1.1898797010532998 4.3592497010533 7.7167097010532997 8.1692997010533013 10.187559701053299 11.2641997010533 18.251849701053299 19.471199701053298 21.195309701053301 24.3383497010533 27.760909701053301 29.036789701053298 30.817549701053299 38.265419701053297
249 -10.463510298946701 -9.3436602989466984 -5.3834202989467004 -3.6639402989467005 1.0982797010533001 4.3512697010533001 7.8505697010533 8.3265997010533006 10.0481397010533 11.095319701053299 18.460119701053301 19.588799701053301 21.008829701053298 24.260589701053298 27.6701897010533 29.020049701053299 30.8151797010533 38.398339701053303
250 -10.472510298946698 -9.3381002989466992 -5.3901202989467007 -3.6186202989467002 1.0189097010533001 4.3444997010532997 7.9793797010532996 8.4773497010532992 9.9146097010533012 10.934369701053299 18.668049701053299 19.693399701053298 20.819879701053299 24.1885597010533 27.5926697010533 29.006939701053298 30.8133897010533 38.511329701053299
251 -10.4798702989467 -9.3336102989466987 -5.3956102989467007 -3.5801002989467001 0.95260970105330012 4.3389397010532997 8.1002497010533006 8.6178997010533003 9.7898697010533002 10.7852197010533 18.874079701053301 19.782919701053299 20.6297297010533 24.124929701053301 27.5287497010533 28.9969297010533 30.8120597010533 38.604139701053299
252 -10.4855902989467 -9.3301502989467018 -5.3998802989467007 -3.5491902989466997 0.90011970105329997 4.3346197010532999 8.2086297010533009 8.7427297010532996 9.6784597010532991 10.653539701053301 19.075459701053301 19.855289701053298 20.4409197010533 24.072219701053299 27.4787297010533 28.989589701053298 30.811109701053301 38.6765597010533
253 -10.489680298946698 -9.3277002989466986 -5.4029202989466993 -3.5265802989467003 0.86210970105330009 4.3315197010533 8.2976197010532999 8.8439197010533004 9.5873097010533002 10.5473797010533 19.265949701053302 19.908589701053298 20.259499701053301 24.0326997010533 27.442829701053299 28.984589701053299 30.8104697010533 38.728409701053302
254 -10.492140298946701 -9.3262402989467006 -5.4047502989466993 -3.5127802989466996 0.83908970105329983 4.3296597010533002 8.3577297010532998 8.9113097010533 9.5258897010533001 10.476969701053299 19.427159701053299 19.941259701053298 20.103779701053298 24.008189701053301 27.421229701053299 28.981679701053299 30.8101097010533 38.759559701053298
255 -10.492960298946699 -9.3257502989467014 -5.4053502989466997 -3.5081502989466999 0.83137970105329995 4.3290397010532997 8.3792397010533008 8.9351797010533005 9.5039397010532998 10.452099701053299 19.501319701053298 19.9522797010533 20.031449701053297 23.999889701053299 27.414009701053299 28.9807197010533 30.8099997010533 38.769959701053303
