1 -0.813339 0.24680100000000005 0.24691100000000032 2.787631 5.996621 8.823951000000001 8.824451 9.268281 12.682271
2 -0.8123290000000001 0.24359100000000034 0.24791100000000021 2.7890610000000002 5.990261 8.799191 8.818361 9.305471 12.689911
3 -0.8093089999999998 0.23400100000000013 0.25092099999999995 2.7932710000000003 5.971431 8.741171 8.801661 9.399231 12.712551000000001
4 -0.8042889999999998 0.21818099999999996 0.2559110000000002 2.800001 5.940821 8.673891 8.774241 9.525451 12.749891
5 -0.7972589999999999 0.19637100000000007 0.2628910000000002 2.808841 5.899531 8.608871 8.736671 9.671711 12.801461
6 -0.7882389999999999 0.16888100000000028 0.27183100000000016 2.819251 5.848971000000001 8.550561 8.689681 9.832381 12.866671
7 -0.7772289999999997 0.13610100000000003 0.282721 2.8305510000000003 5.790871 8.500541 8.634101 10.004551 12.944881
8 -0.764249 0.09844100000000022 0.2955209999999999 2.841971 5.727081 8.459111 8.570811 10.186451 13.035431
9 -0.7493189999999998 0.05633100000000013 0.31021100000000024 2.8526510000000003 5.659541 8.426021 8.500701 10.376881000000001 13.137711000000001
10 -0.7324489999999999 0.01021099999999997 0.3267610000000003 2.861681 5.590211 8.400751 8.424661 10.574941 13.251151
11 -0.7136589999999998 -0.03945899999999991 0.34512100000000023 2.868151 5.520961 8.343501 8.382701 10.779951 13.375301
12 -0.6929789999999998 -0.09226899999999993 0.3652510000000002 2.871131 5.4535610000000005 8.257991 8.371221 10.991381 13.509801000000001
13 -0.6704289999999999 -0.14778899999999995 0.3871009999999999 2.869761 5.389581 8.168841 8.365711000000001 11.208861 13.654431
14 -0.6460490000000001 -0.20564899999999975 0.4106110000000003 2.863281 5.330401 8.076691 8.365631 11.432091 13.809061
15 -0.6198589999999999 -0.265479 0.4357310000000001 2.851051 5.277141 7.982101 8.370471 11.660861 13.973681000000001
16 -0.5919089999999998 -0.3269289999999998 0.4623710000000001 2.8326610000000003 5.230631000000001 7.885600999999999 8.379811 11.895081000000001 14.148411000000001
17 -0.5622389999999999 -0.3896989999999998 0.49048099999999994 2.807871 5.191411 7.787641000000001 8.393261 12.134751000000001 14.333461
18 -0.5308889999999997 -0.45347899999999974 0.5199610000000003 2.776721 5.1596910000000005 7.688651 8.410501 12.379891 14.529141000000001
19 -0.5179990000000001 -0.49790899999999993 0.5507310000000003 2.739471 5.1354109999999995 7.588991 8.431211 12.630661 14.735851
20 -0.582999 -0.4633590000000001 0.5826910000000001 2.696561 5.118241 7.489011 8.455131 12.887271 14.954031
21 -0.6482489999999999 -0.4273089999999997 0.615761 2.6486210000000003 5.1076809999999995 7.389011 8.482001 13.150011000000001 15.184241
22 -0.7135089999999997 -0.3898189999999997 0.6498010000000001 2.596371 5.103061 7.289291 8.511581 13.419241000000001 15.427031000000001
23 -0.7785789999999997 -0.3509690000000001 0.6847110000000001 2.540601 5.103651 7.190101 8.543651 13.695401 15.683001
24 -0.8432489999999997 -0.3108489999999997 0.720361 2.482111 5.108681000000001 7.0916809999999995 8.577961 13.979021000000001 15.952751000000001
25 -0.9073289999999998 -0.2695289999999999 0.756621 2.421651 5.117411000000001 6.9942709999999995 8.614301 14.270701 16.236841
26 -0.9706389999999998 -0.2271289999999997 0.7933410000000001 2.359961 5.129131 6.898091000000001 8.652431 14.571101 16.535761
27 -1.0329989999999998 -0.18374899999999972 0.830381 2.297691 5.143181 6.803341 8.692091 14.880991 16.849941
28 -1.094259 -0.13950899999999988 0.8675810000000002 2.235431 5.159001 6.710231 8.733061 15.201221 17.179661
29 -1.154239 -0.09454899999999977 0.9047710000000002 2.1736910000000003 5.176051 6.6189610000000005 8.775081 15.532661000000001 17.524991
30 -1.212799 -0.04898899999999973 0.9417710000000001 2.112921 5.193911 6.529711000000001 8.817881 15.876321 17.885811
31 -1.2697790000000002 -0.002998999999999974 0.9784210000000002 2.053521 5.212201 6.442681 8.861191 16.233201 18.261651
32 -1.3250489999999995 0.04327100000000028 1.014531 1.995791 5.230611 6.358051 8.904761 16.604391 18.651781
33 -1.378479 0.0896410000000003 1.049921 1.9400310000000003 5.248861 6.276021 8.948311 16.990941 19.055001
34 -1.4299389999999996 0.13592100000000018 1.084391 1.886451 5.266761000000001 6.196761 8.991551 17.393911 19.469761000000002
35 -1.4792989999999997 0.181921 1.1177610000000002 1.835261 5.284111 6.120461000000001 9.034231 17.814231 19.893981
36 -1.526449 0.22743100000000016 1.149861 1.786601 5.300801 6.047301 9.076081 18.252701 20.325151
37 -1.571279 0.272211 1.180511 1.7406210000000002 5.316701 5.977461 9.116831 18.709791 20.760221
38 -1.6136889999999995 0.3160310000000002 1.2095410000000002 1.6974010000000002 5.331741 5.911121 9.156221 19.185561 21.195751
39 -1.6535889999999998 0.35865100000000005 1.2368210000000002 1.6570410000000002 5.345841 5.848461 9.194031 19.679511 21.627891
40 -1.6908790000000002 0.39981100000000014 1.2622110000000002 1.619601 5.358971 5.789641 9.230001 20.190231 22.052391
41 -1.7254789999999995 0.4392210000000003 1.2856010000000002 1.5851210000000002 5.371091 5.734841 9.263941 20.715181 22.464781000000002
42 -1.7573190000000003 0.4766210000000002 1.3069110000000002 1.5536310000000002 5.382181 5.6842109999999995 9.295621 21.250461 22.860501
43 -1.7863289999999998 0.511711 1.326081 1.5251610000000002 5.392221 5.637901 9.324871 21.790431 23.234931
44 -1.8124489999999995 0.5441910000000001 1.3430810000000002 1.499721 5.401211 5.596061000000001 9.351501 22.327361 23.583571
45 -1.835619 0.5737710000000003 1.3579210000000002 1.477311 5.409131 5.558821 9.375371 22.851381 23.902161
46 -1.8557890000000001 0.6001410000000003 1.3706010000000002 1.457931 5.416001 5.5262910000000005 9.396341 23.350371 24.186741
47 -1.8729289999999996 0.6230410000000002 1.3811710000000001 1.441561 5.421801 5.498581 9.414281 23.810351 24.433851
48 -1.8869989999999999 0.642201 1.389701 1.428201 5.426551 5.475791 9.429101 24.215931 24.640491
49 -1.8979690000000002 0.6573610000000003 1.396241 1.4178210000000002 5.4302410000000005 5.457981 9.440711 24.551361 24.804431
50 -1.9058189999999997 0.6683509999999999 1.400851 1.4104210000000001 5.4328710000000004 5.445221 9.449061 24.801241 24.924751
51 -1.9105389999999995 0.675011 1.403601 1.4059910000000002 5.434451 5.4375409999999995 9.454081 24.949341 25.004511
52 -1.9121089999999996 0.6772309999999999 1.404471 1.404551 5.434921 5.435031 9.455761 24.991931 25.038861
53 -1.9134990000000003 0.6757409999999999 1.405121 1.4052010000000001 5.4317709999999995 5.431881000000001 9.462981000000001 25.016421 25.063301
54 -1.9176689999999996 0.6713210000000003 1.4070710000000002 1.4071410000000002 5.422331 5.422441 9.484621 25.089901 25.136671
55 -1.924649 0.6640809999999999 1.410301 1.410381 5.406711 5.406831 9.520591 25.212491 25.259051
56 -1.9344889999999997 0.6542509999999999 1.414821 1.4149010000000002 5.385061 5.385191000000001 9.570761000000001 25.384301 25.430581
57 -1.9472590000000003 0.6421110000000003 1.4206010000000002 1.4206910000000001 5.357591 5.357731 9.634961 25.605601 25.651511
58 -1.963009 0.6280110000000003 1.427631 1.427731 5.324581 5.324721 9.712971 25.876661000000002 25.922121
59 -1.981849 0.6123310000000002 1.435891 1.436001 5.286321 5.286481 9.804531 26.197811 26.242731
60 -2.0038389999999997 0.5955410000000003 1.4453610000000001 1.445461 5.243161000000001 5.2433309999999995 9.909421 26.569561 26.613851
61 -2.029079 0.578071 1.455991 1.456101 5.195461 5.195651 10.027351 26.992411 27.035971
62 -2.0576389999999996 0.5604110000000002 1.467761 1.4678810000000002 5.143641000000001 5.1438310000000005 10.158051 27.466911 27.509641000000002
63 -2.0895689999999996 0.543031 1.4806210000000002 1.480741 5.088071 5.088281 10.301301 27.993841 28.035651
64 -2.124909 0.5263710000000001 1.4945410000000001 1.494661 5.029191 5.029401 10.456871 28.573931 28.614701
65 -2.163689 0.5108510000000002 1.509441 1.5095710000000002 4.967401000000001 4.967621 10.624561 29.207971 29.247581
66 -2.2058690000000003 0.49687100000000006 1.5252910000000002 1.5254210000000001 4.9031210000000005 4.903351000000001 10.804271 29.896991 29.935341
67 -2.251419 0.4847410000000001 1.542011 1.5421410000000002 4.836761 4.836991 10.995911000000001 30.641911 30.678871
68 -2.300239 0.4747810000000001 1.5595310000000002 1.5596610000000002 4.768711 4.768941 11.199471 31.443761000000002 31.479201
69 -2.3522089999999998 0.4672010000000002 1.577771 1.5779010000000002 4.699371 4.699601 11.414991 32.303501 32.337281
70 -2.407199 0.4622010000000003 1.5966410000000002 1.5967710000000002 4.629101 4.629341 11.642701 33.222381 33.254360999999996
71 -2.465009 0.45990100000000034 1.6160510000000001 1.616171 4.558281 4.558521 11.882821 34.201371 34.231401
72 -2.525419 0.460391 1.6358810000000001 1.636001 4.487271 4.487501 12.135721 35.241370999999994 35.269301
73 -2.588219 0.463711 1.656031 1.656141 4.416391 4.416631000000001 12.401971000000001 36.343560999999994 36.369240999999995
74 -2.653159 0.4698610000000003 1.6763510000000001 1.6764610000000002 4.346001 4.346231 12.682211 37.508691 37.531960999999995
75 -2.7199690000000003 0.4788110000000003 1.6967210000000001 1.6968210000000001 4.276421 4.276651 12.977241000000001 38.737351 38.758041
76 -2.7883989999999996 0.49051100000000014 1.716971 1.717071 4.207961 4.208181 13.288151000000001 40.030341 40.048291
77 -2.8581689999999997 0.5048710000000001 1.7369510000000001 1.737041 4.140941 4.141151 13.616161 41.387860999999994 41.402921
78 -2.9289989999999997 0.5217910000000003 1.756461 1.7565510000000002 4.075671 4.075881 13.962751 42.809850999999995 42.821830999999996
79 -3.000659 0.5411710000000003 1.775341 1.775411 4.012451 4.012651 14.329771000000001 44.296350999999994 44.305101
80 -3.0728690000000003 0.562891 1.793361 1.793431 3.9515710000000004 3.951771 14.719301 45.846610999999996 45.851991
81 -3.1453789999999997 0.5868009999999999 1.810321 1.810391 3.893351 3.8935310000000003 15.133801 47.459421 47.461411
82 -3.217959 0.612771 1.8260110000000003 1.8260610000000002 3.838041 3.838221 15.576291000000001 49.131800999999996 49.134071
83 -3.290389 0.6406710000000002 1.8401910000000001 1.840251 3.785931 3.7861010000000004 16.050131 50.861771 50.867771
84 -3.3624389999999997 0.6703410000000001 1.8526610000000001 1.8527110000000002 3.737291 3.737451 16.559290999999998 52.648250999999995 52.658230999999994
85 -3.433919 0.701651 1.863201 1.863251 3.692341 3.692491 17.108511 54.488591 54.502711
86 -3.504629 0.7344310000000003 1.8716210000000002 1.871671 3.651291 3.651441 17.703151 56.378950999999994 56.397330999999994
87 -3.5743889999999996 0.7685409999999999 1.877761 1.8778110000000001 3.6143210000000003 3.6144610000000004 18.349391 58.314820999999995 58.337581
88 -3.643029 0.8038310000000002 1.881481 1.8815410000000001 3.581541 3.581681 19.054631 60.291650999999995 60.318870999999994
89 -3.7103990000000002 0.840141 1.882721 1.882781 3.5530410000000003 3.553171 19.827161 62.303630999999996 62.335390999999994
90 -3.7763389999999997 0.8773110000000002 1.881421 1.881501 3.528811 3.528941 20.676541 64.344301 64.380651
91 -3.8407189999999995 0.9151710000000002 1.877631 1.8777110000000001 3.508801 3.508921 21.614041 66.407201 66.448191
92 -3.9034089999999995 0.9535710000000002 1.871431 1.871521 3.492891 3.493011 22.652281000000002 68.48467099999999 68.530301
93 -3.9642889999999995 0.9923210000000002 1.862961 1.863051 3.480891 3.481011 23.805671 70.568501 70.618771
94 -4.023249 1.031271 1.852401 1.8525010000000002 3.4725610000000002 3.472691 25.090961 72.650651 72.705541
95 -4.080178999999999 1.070221 1.840001 1.8401010000000002 3.4676210000000003 3.4677510000000002 26.526691 74.722071 74.781521
96 -4.134988999999999 1.108991 1.8260010000000002 1.826111 3.465741 3.465871 28.133661 76.77340099999999 76.83733099999999
97 -4.187588999999999 1.1474110000000002 1.8107010000000001 1.8108110000000002 3.466571 3.466711 29.935481 78.795701 78.86401099999999
98 -4.2378990000000005 1.185281 1.794381 1.7944910000000003 3.469771 3.469911 31.957581 80.77931099999999 80.851901
99 -4.285829 1.222401 1.777341 1.7774510000000001 3.474961 3.475111 34.227320999999996 82.714601 82.791331
100 -4.331339 1.258601 1.7598610000000001 1.759961 3.4817910000000003 3.481941 36.774280999999995 84.592671 84.673371
101 -4.374338999999999 1.2936910000000001 1.742191 1.742301 3.4899310000000003 3.4900710000000004 39.627911 86.404201 86.488711
102 -4.414789000000001 1.327471 1.7246110000000001 1.724711 3.499031 3.499181 42.816920999999994 88.140451 88.228561
103 -4.452629 1.3597610000000002 1.7073410000000002 1.7074410000000002 3.508801 3.508941 46.366391 89.792891 89.884401
104 -4.487819 1.3904010000000002 1.6905910000000002 1.690681 3.5189510000000004 3.519091 50.295970999999994 91.353991 91.448691
105 -4.520319000000001 1.419221 1.6745510000000001 1.674641 3.529221 3.529361 54.613110999999996 92.816251 92.913911
106 -4.550089 1.446061 1.659391 1.6594810000000002 3.539381 3.539501 59.308141 94.172821 94.273201
107 -4.5770990000000005 1.4707810000000001 1.645261 1.6453510000000002 3.549191 3.5493110000000003 64.348561 95.417891 95.520741
108 -4.601338999999999 1.493251 1.6322910000000002 1.632381 3.558481 3.5585910000000003 69.668001 96.545841 96.650921
109 -4.622759 1.5133510000000001 1.620611 1.620681 3.5670710000000003 3.567171 75.159421 97.551791 97.658841
110 -4.641368999999999 1.5309810000000001 1.6102910000000001 1.6103610000000002 3.574811 3.574901 80.670731 98.431771 98.540531
111 -4.657128999999999 1.546051 1.601431 1.601501 3.581581 3.581651 85.99985099999999 99.182141 99.292351
112 -4.670049000000001 1.5584810000000002 1.5940910000000001 1.5941610000000002 3.5872610000000003 3.587321 90.902541 99.799911 99.911301
113 -4.680099 1.568221 1.5883310000000002 1.588391 3.591771 3.5918210000000004 95.11043099999999 100.282881 100.395201
114 -4.687289 1.575201 1.5841910000000001 1.584241 3.595041 3.595071 98.355261 100.629271 100.742231
115 -4.691599 1.5794110000000001 1.5816910000000002 1.581741 3.5970310000000003 3.597041 100.404681 100.83894099999999 100.95199099999999
116 -4.693039000000001 1.5808110000000002 1.580861 1.5809110000000002 3.5977010000000003 3.5977010000000003 100.902641 101.012461 101.122281
117 -4.691609 1.579331 1.581711 1.581801 3.595711 3.598371 100.606291 100.758031 100.83187099999999
118 -4.687298999999999 1.5747410000000002 1.5844010000000002 1.5845010000000002 3.589741 3.600371 99.718971 99.90887099999999 100.072701
119 -4.6801390000000005 1.5671210000000002 1.588891 1.589001 3.579821 3.603711 98.267731 98.457321 98.90614099999999
120 -4.670109 1.556491 1.5951810000000002 1.595291 3.565981 3.608371 96.300191 96.48556099999999 97.330501
121 -4.657228999999999 1.542901 1.6032710000000001 1.603391 3.548261 3.6143710000000002 93.876751 94.05644099999999 95.388031
122 -4.641508999999999 1.526391 1.613161 1.613291 3.526721 3.621671 91.067121 91.240121 93.130861
123 -4.622959 1.507041 1.624861 1.624991 3.5014410000000002 3.630291 87.94554099999999 88.11106099999999 90.614761
124 -4.601578999999999 1.4849210000000002 1.6383610000000002 1.638511 3.472491 3.640211 84.58773099999999 84.745201 87.896461
125 -4.577408999999999 1.460101 1.6536810000000002 1.6538510000000002 3.439971 3.651421 81.066751 81.215761 85.03038099999999
126 -4.550449 1.4326910000000002 1.6708210000000001 1.6710010000000002 3.404001 3.663901 77.450571 77.590881 82.066841
127 -4.520728999999999 1.4027910000000001 1.689791 1.6899810000000002 3.364681 3.677651 73.799291 73.93081099999999 79.05003099999999
128 -4.488279 1.3705010000000002 1.7105810000000001 1.7107910000000002 3.322151 3.692641 70.165291 70.288051 76.018331
129 -4.4531089999999995 1.3359310000000002 1.7332210000000001 1.733441 3.276551 3.708861 66.592001 66.706141 73.003411
130 -4.415269 1.2992210000000002 1.757711 1.7579410000000002 3.228031 3.7262910000000002 63.114400999999994 63.220150999999994 70.030841
131 -4.374779 1.2604810000000002 1.7840510000000003 1.784291 3.1767510000000003 3.744911 59.758821 59.856451 67.119871
132 -4.331678999999999 1.2198410000000002 1.8122510000000003 1.8125110000000002 3.122881 3.764691 56.544911 56.634781 64.285191
133 -4.286019 1.1774410000000002 1.8423410000000002 1.8426110000000002 3.0666010000000004 3.785621 53.485831 53.568301 61.536981
134 -4.237849000000001 1.133421 1.874311 1.8746010000000002 3.008111 3.8076610000000004 50.589510999999995 50.664981 58.882031
135 -4.187199 1.0879010000000002 1.9081810000000001 1.908481 2.947591 3.830791 47.859030999999995 47.927890999999995 56.323820999999995
136 -4.134138999999999 1.0410210000000002 1.9439710000000001 1.9442810000000001 2.8852510000000002 3.8549810000000004 45.294430999999996 45.357091 53.864151
137 -4.078739000000001 0.9929310000000002 1.981681 1.9820010000000001 2.821311 3.880191 42.892900999999995 42.949760999999995 51.503111
138 -4.021058999999999 0.9437610000000001 2.021331 2.021661 2.7559910000000003 3.906401 40.649671 40.701121 49.239801
139 -3.9611689999999995 0.8936310000000001 2.062931 2.0632710000000003 2.689511 3.933571 38.558141 38.604550999999994 47.072250999999994
140 -3.8991589999999996 0.8426910000000001 2.106491 2.106841 2.622121 3.961671 36.611090999999995 36.652831 44.99851099999999
141 -3.835119 0.7910710000000001 2.152031 2.152391 2.554061 3.990651 34.800661 34.838071 43.016431
142 -3.7691389999999996 0.7389010000000003 2.199561 2.1999310000000003 2.4855810000000003 4.020471000000001 33.118351 33.151751 41.12351099999999
143 -3.701329 0.6862910000000002 2.249101 2.249471 2.416931 4.051091 31.555911000000002 31.585611 39.317660999999994
144 -3.6318189999999997 0.6333709999999999 2.3006610000000003 2.301031 2.3483810000000003 4.082481 30.105071 30.131351000000002 37.596771
145 -3.560729 0.5802610000000001 2.280211 2.354241 2.3546210000000003 4.114571 28.757841 28.780971 35.958931
146 -3.488209 0.5270610000000002 2.212691 2.4098610000000003 2.410251 4.147331 27.506321 27.526551 34.402001
147 -3.414399 0.4739010000000001 2.146121 2.467531 2.467921 4.180701 26.343241 26.360801000000002 32.924141
148 -3.3394790000000003 0.420871 2.080781 2.527261 2.527661 4.214631 25.261631 25.276741 31.523371
149 -3.2636289999999994 0.36807100000000004 2.0169810000000004 2.589061 2.589461 4.249071 24.255041000000002 24.267901000000002 30.197691
150 -3.1870489999999996 0.315601 1.9550210000000001 2.652931 2.653331 4.283961 23.317261000000002 23.328061 28.944711
151 -3.109949 0.2635510000000001 1.8952110000000002 2.718881 2.719281 4.319251 22.442701 22.451611 27.762151
152 -3.0325589999999996 0.21201099999999995 1.8378710000000003 2.7869010000000003 2.7873110000000003 4.354871 21.626141 21.633321000000002 26.647441
153 -2.955149 0.16106100000000012 1.783341 2.857011 2.857411 4.390771 20.862811 20.868401000000002 25.597931
154 -2.877959 0.11077100000000017 1.7319410000000002 2.9291910000000003 2.929601 4.426891 20.148181 20.152331 24.610611000000002
155 -2.801289 0.06123100000000026 1.684001 3.003461 3.003861 4.463151 19.478231 19.481081 23.682551
156 -2.725439 0.012491000000000252 1.639861 3.079781 3.080191 4.499501 18.849251 18.850911 22.810671
157 -2.650719 -0.03536899999999976 1.5998610000000002 3.1581710000000003 3.1585710000000002 4.535871 18.257841 18.258501 21.991891
158 -2.5774690000000002 -0.0822989999999999 1.564321 3.238591 3.239011 4.572191 17.700431 17.701051 21.222981
159 -2.506009 -0.1282289999999997 1.533581 3.321051 3.321461 4.608391 17.174281 17.175721 20.500921
160 -2.436689 -0.1731189999999998 1.5079410000000002 3.405501 3.405921 4.644401 16.677301 16.679531 19.822721
161 -2.369849 -0.2169089999999998 1.4877010000000002 3.491941 3.4923610000000003 4.680161 16.207100999999998 16.210061 19.185411000000002
162 -2.3058089999999996 -0.2595589999999999 1.473111 3.580321 3.580741 4.715581 15.761611 15.765221 18.586241
163 -2.244889 -0.3010189999999997 1.4644110000000001 3.670601 3.671031 4.750611 15.338911000000001 15.343111 18.022611
164 -2.1873590000000003 -0.3412489999999999 1.461761 3.762741 3.7631710000000003 4.785161 14.937281 14.942021 17.492091
165 -2.1334690000000003 -0.3802089999999998 1.465281 3.856681 3.8571210000000002 4.819171000000001 14.555131000000001 14.560341000000001 16.992361
166 -2.083409 -0.41787899999999967 1.4750310000000002 3.952351 3.952801 4.852561 14.191081 14.196711 16.521351
167 -2.0373189999999997 -0.4542090000000001 1.4909610000000002 4.049691 4.050141 4.885261 13.843861 13.849871 16.077161
168 -1.9952989999999997 -0.48916899999999996 1.5129610000000002 4.148581 4.149041 4.917191000000001 13.512401 13.518741 15.658121000000001
169 -1.9573490000000002 -0.5227390000000001 1.5408210000000002 4.248931 4.249401000000001 4.948301000000001 13.195661000000001 13.202301 15.262631
170 -1.9234189999999995 -0.5548989999999998 1.5742410000000002 4.350611000000001 4.351081000000001 4.978501 12.892811 12.899701 14.889371
171 -1.8934190000000002 -0.5856189999999999 1.6128310000000001 4.453461 4.453941 5.007741 12.603101 12.610211000000001 14.537161000000001
172 -1.867169 -0.6148689999999997 1.656101 4.557311 4.557791 5.035931 12.325911000000001 12.333221 14.205011
173 -1.8444790000000002 -0.642639 1.7035110000000002 4.661951 4.662431 5.063021 12.060691 12.068181000000001 13.892021
174 -1.8250790000000001 -0.6689089999999998 1.7544210000000002 4.767111 4.767601 5.088941 11.807061000000001 11.814701000000001 13.597501000000001
175 -1.808709 -0.6936589999999998 1.808141 4.872511 4.872991000000001 5.113641 11.564721 11.572491000000001 13.320901000000001
176 -1.7950789999999999 -0.716879 1.8639210000000002 4.977771000000001 4.978251 5.137041 11.333511000000001 11.341401000000001 13.061801
177 -1.7838989999999995 -0.7385489999999999 1.9209910000000001 5.082471 5.0829509999999996 5.159101 11.113351 11.121351 12.819871000000001
178 -1.7748589999999997 -0.7586689999999998 1.9785310000000003 5.179561 5.186311 5.186581 10.904351 10.912431 12.594961000000001
179 -1.7676690000000002 -0.777209 2.035691 5.198931 5.288101 5.288521 10.706721 10.714891 12.386981
180 -1.7620689999999999 -0.7941689999999997 2.091641 5.216631 5.387641 5.388031 10.520871 10.529121 12.195971
181 -1.7577890000000003 -0.809539 2.145511 5.232791000000001 5.483911 5.484271 10.347341 10.355671000000001 12.022011000000001
182 -1.7545990000000002 -0.8233189999999997 2.1964810000000003 5.247351 5.575901 5.576221 10.186891 10.195311 11.865301
183 -1.7522790000000001 -0.8354889999999999 2.243721 5.260301 5.6624110000000005 5.662681 10.040491 10.048991000000001 11.726071000000001
184 -1.7506590000000002 -0.8460489999999998 2.286471 5.271591 5.742101 5.7423210000000005 9.909271 9.917851 11.604581000000001
185 -1.749559 -0.8549889999999998 2.324011 5.281191 5.813491 5.813651 9.794561 9.803211000000001 11.501121000000001
186 -1.7488389999999998 -0.8623189999999998 2.355681 5.289071 5.874981 5.875081 9.697811 9.706531 11.415991
187 -1.7483989999999996 -0.8680089999999998 2.3809310000000004 5.295231 5.924951 5.925011 9.620521 9.629311 11.349461
188 -1.7481490000000002 -0.8720889999999999 2.399311 5.299641 5.961931 5.9619409999999995 9.564101 9.572931 11.301761
189 -1.7480290000000003 -0.8745289999999999 2.4104710000000003 5.302291 5.984641 5.9846710000000005 9.529721 9.538581 11.273061
190 -1.747989 -0.8753489999999999 2.414221 5.303181 5.992311 5.992341 9.518171 9.527041 11.263481
191 -1.7467589999999995 -0.8745189999999998 2.410601 5.298261 5.992331 5.9965910000000004 9.516941000000001 9.526901 11.269961
192 -1.7430689999999998 -0.8720490000000001 2.399821 5.283581 5.992361000000001 6.0093309999999995 9.509911 9.529961 11.289111
193 -1.7369289999999995 -0.8679289999999997 2.382051 5.259291 5.992391 6.030361 9.496661 9.537141 11.320061
194 -1.7283490000000001 -0.862149 2.357551 5.2256610000000006 5.992451 6.059411000000001 9.478961 9.547391 11.361541
195 -1.7173589999999996 -0.8547289999999998 2.3266910000000003 5.183051000000001 5.992521 6.0961110000000005 9.458131 9.560121 11.412001
196 -1.7039889999999995 -0.8456589999999999 2.289901 5.131921 5.9926010000000005 6.140011 9.435391000000001 9.574831 11.469761
197 -1.688259 -0.8349389999999999 2.2476510000000003 5.0727910000000005 5.992691000000001 6.190631 9.411781 9.591011 11.533191
198 -1.6702289999999995 -0.822559 2.200441 5.006261 5.992801 6.247471 9.388221 9.608111000000001 11.600701
199 -1.6499390000000003 -0.8085389999999997 2.148771 4.932951 5.992921 6.3099810000000005 9.365431000000001 9.625551 11.670861
200 -1.627449 -0.792859 2.093141 4.853541 5.9930509999999995 6.377651 9.343961 9.642741000000001 11.742401000000001
201 -1.6028290000000003 -0.7755289999999997 2.0340510000000003 4.768731 5.9931909999999995 6.449971 9.324191 9.659101 11.814201
202 -1.576159 -0.7565489999999997 1.9719510000000002 4.6792110000000005 5.9933510000000005 6.526451 9.306401 9.674051 11.885321000000001
203 -1.5475189999999999 -0.735919 1.9072710000000002 4.585691000000001 5.993501 6.606631 9.290701 9.687051 11.954941
204 -1.5170090000000003 -0.7136290000000001 1.840421 4.488871 5.993671 6.690061 9.277161 9.697601 12.022411
205 -1.484759 -0.689689 1.7717610000000001 4.389431 5.993841 6.776351 9.265751 9.705241000000001 12.087191
206 -1.450879 -0.6640989999999998 1.7016410000000002 4.288051 5.994021 6.865111000000001 9.256391 9.709561 12.148871
207 -1.4155190000000002 -0.6368589999999998 1.6303610000000002 4.185371 5.994201 6.9560010000000005 9.248981 9.710211 12.207141
208 -1.3788490000000002 -0.6079689999999998 1.558191 4.082031000000001 5.994381000000001 7.048681 9.243381 9.706891 12.261771000000001
209 -1.3410290000000002 -0.577429 1.4854010000000002 3.9786610000000002 5.994561 7.142861 9.239421 9.699371 12.312631000000001
210 -1.3022889999999996 -0.5452490000000001 1.412201 3.875871 5.994741 7.238241 9.236941 9.687451 12.359661000000001
211 -1.2628289999999995 -0.5114190000000001 1.3388110000000002 3.774251 5.994921 7.334571 9.235771 9.671001 12.402871000000001
212 -1.2229189999999996 -0.475959 1.2654210000000001 3.674411 5.995101 7.431571 9.235721 9.649951 12.442291
213 -1.1828189999999998 -0.4388589999999999 1.192171 3.576931 5.995271000000001 7.529031 9.236621 9.624241 12.478031000000001
214 -1.142849 -0.40012899999999973 1.1192410000000002 3.4823910000000002 5.995441 7.626721 9.238301 9.593881 12.510211
215 -1.103339 -0.35977900000000007 1.046761 3.391411 5.995601000000001 7.724401 9.240591 9.558911 12.539001
216 -1.0646589999999998 -0.317809 0.9748510000000001 3.304561 5.995751 7.821880999999999 9.243341000000001 9.519391 12.564551
217 -1.027189 -0.2742389999999997 0.9036110000000002 3.222451 5.995891 7.918951 9.246391000000001 9.475421 12.587071
218 -0.991349 -0.22906899999999997 0.833161 3.1456910000000002 5.996021000000001 8.015411 9.249591 9.427121 12.606731
219 -0.957589 -0.18230900000000005 0.7635909999999999 3.074891 5.996141 8.111061 9.252831 9.374631 12.623721
220 -0.9263490000000001 -0.13397900000000007 0.6949610000000002 3.010631 5.996251 8.205711 9.255971 9.318121 12.638231000000001
221 -0.8980889999999997 -0.08408900000000008 0.6273710000000001 2.953511 5.996351000000001 8.299181 9.256591 9.260051 12.650421
222 -0.8732489999999999 -0.03265899999999977 0.5608810000000002 2.904071 5.996431 8.391261 9.193531 9.261681 12.660461
223 -0.8522590000000001 0.02029100000000028 0.4955510000000003 2.862831 5.996501 8.481761 9.125941000000001 9.263951 12.668471
224 -0.8354889999999999 0.07474099999999995 0.43144099999999996 2.830241 5.996551 8.570511 9.055001 9.265811 12.674581
225 -0.8232689999999998 0.13067099999999998 0.36858100000000027 2.806671 5.9965910000000004 8.657291 8.980941 9.267171 12.678871000000001
226 -0.815839 0.1880510000000002 0.30704100000000034 2.792411 5.996611 8.741921 8.903941 9.268001 12.681421
227 -0.813339 0.24680100000000005 0.24691100000000032 2.787631 5.996621 8.823951000000001 8.824451 9.268281 12.682271
228 -0.8139889999999999 0.2069110000000003 0.28651099999999996 2.7902910000000003 5.993981 8.773551 8.858051 9.286511 12.684931
229 -0.8158989999999999 0.16586100000000004 0.3268010000000001 2.798131 5.986131 8.728671 8.851121000000001 9.342701 12.692511000000001
230 -0.8189889999999997 0.12400100000000025 0.36761100000000013 2.810941 5.973211 8.689411 8.813431 9.427001 12.704371
231 -0.8231489999999999 0.08162100000000017 0.4088510000000003 2.828431 5.955451 8.655581 8.757541 9.527051 12.719921000000001
232 -0.8282989999999999 0.0390410000000001 0.4503910000000002 2.850291 5.933171 8.626921 8.691111 9.635381 12.738571
233 -0.8343689999999997 -0.003419000000000061 0.49212100000000003 2.8761710000000003 5.906741 8.603081 8.618201000000001 9.748111 12.759791
234 -0.8412489999999999 -0.045458999999999694 0.5339010000000002 2.905691 5.8765909999999995 8.541021 8.583761 9.863131000000001 12.783061
235 -0.8488690000000001 -0.08676899999999987 0.5756010000000003 2.938441 5.843211 8.461081 8.568471 9.979121 12.807931
236 -0.8571589999999998 -0.1270690000000001 0.6170610000000001 2.974041 5.807121 8.379371 8.556841 10.095161000000001 12.833981000000001
237 -0.866009 -0.16608899999999993 0.658131 3.012051 5.7688310000000005 8.296681 8.548431 10.210541000000001 12.860821000000001
238 -0.875359 -0.20359900000000009 0.6986410000000003 3.052051 5.7289010000000005 8.213721 8.542811 10.324611 12.888101
239 -0.8850989999999999 -0.23938900000000007 0.7384210000000002 3.093601 5.687861 8.131061 8.539581 10.436831 12.915521
240 -0.895149 -0.27327900000000005 0.7772810000000003 3.136251 5.646241 8.049291 8.538341 10.546621 12.942801000000001
241 -0.9053990000000001 -0.30510899999999985 0.8150210000000002 3.179531 5.604561 7.968971 8.538731 10.653431 12.969681000000001
242 -0.9157489999999999 -0.3347690000000001 0.8514510000000002 3.223001 5.563311000000001 7.890620999999999 8.540421 10.756701 12.995931
243 -0.926069 -0.3621789999999998 0.8863610000000002 3.2661510000000002 5.522971 7.814801000000001 8.543091 10.855841 13.021331
244 -0.936239 -0.38727899999999993 0.9195310000000001 3.308501 5.484001 7.742051 8.546471 10.950291 13.045691
245 -0.9461390000000001 -0.4100489999999999 0.9507610000000002 3.349561 5.446821 7.6729210000000005 8.550321 11.039431 13.068811
246 -0.955619 -0.430469 0.9798310000000001 3.388811 5.411851 7.608010999999999 8.554401 11.122621 13.090521
247 -0.9645589999999999 -0.44855899999999993 1.006531 3.425731 5.3794509999999995 7.547851 8.558541 11.199271000000001 13.110631
248 -0.9728089999999998 -0.46436900000000003 1.030661 3.459841 5.349981 7.493041 8.562551000000001 11.268731 13.128951
249 -0.9802390000000001 -0.47792900000000005 1.052011 3.4906110000000004 5.323771000000001 7.444141 8.566311 11.330411 13.145321000000001
250 -0.9867490000000001 -0.48928899999999986 1.070421 3.517601 5.301071 7.401681 8.569691 11.383731000000001 13.159551
251 -0.992229 -0.4984989999999998 1.085711 3.5403510000000002 5.282161 7.366161 8.572581 11.428151 13.171481
252 -0.9965789999999997 -0.5056189999999998 1.097771 3.558481 5.267231000000001 7.3380209999999995 8.574911 11.463231 13.180951
253 -0.999749 -0.510659 1.1064610000000001 3.571681 5.256441000000001 7.317641 8.576621 11.488571 13.187821000000001
254 -1.0016689999999997 -0.5136789999999998 1.111701 3.579701 5.2499210000000005 7.305301 8.577661 11.503891000000001 13.191991
255 -1.002309 -0.5146789999999997 1.113461 3.5823910000000003 5.2477409999999995 7.3011610000000005 8.578011 11.509011000000001 13.193391
