1 -0.87743 -0.87707 0.25153 0.43285 16.42336 17.09177 17.10074 19.70573 23.4908
2 -0.89775 -0.89678 0.27517 0.45566 16.39354 17.0997 17.12303 19.70475 23.49389
3 -0.95538 -0.95125 0.3417 0.52046 16.31757 17.09411 17.20407 19.70408 23.50364
4 -1.04001 -1.03254 0.44116 0.61896 16.21578 17.08364 17.31458 19.70418 23.51989
5 -1.14197 -1.13199 0.56389 0.74253 16.10135 17.06783 17.44139 19.70573 23.54237
6 -1.2543 -1.24288 0.70295 0.8844 15.98101 17.04605 17.57776 19.70969 23.5707
7 -1.37249 -1.36052 0.85383 1.03992 15.85815 17.01759 17.72031 19.71719 23.60439
8 -1.49368 -1.48186 1.0137 1.20599 15.73462 16.98167 17.86718 19.72953 23.64283
9 -1.61605 -1.60484 1.18077 1.38057 15.61148 16.93752 18.01734 19.74803 23.68533
10 -1.73844 -1.72811 1.35388 1.56227 15.48938 16.88449 18.17012 19.77399 23.73111
11 -1.86004 -1.85075 1.53226 1.75016 15.36877 16.82206 18.3251 19.80861 23.77936
12 -1.9803 -1.97211 1.71541 1.94354 15.24992 16.74994 18.48201 19.85286 23.82918
13 -2.09883 -2.09173 1.90295 2.14191 15.13306 16.66806 18.64062 19.90749 23.87969
14 -2.21535 -2.20926 2.09465 2.34487 15.01833 16.57664 18.80082 19.97293 23.93001
15 -2.32964 -2.32446 2.29032 2.55211 14.90583 16.4761 18.96249 20.04939 23.97926
16 -2.44153 -2.43713 2.48984 2.76337 14.79564 16.36706 19.12557 20.13676 24.02662
17 -2.5509 -2.54713 2.69314 2.97842 14.6878 16.25026 19.29002 20.23476 24.07131
18 -2.65765 -2.65434 2.90015 3.19704 14.58233 16.12657 19.45581 20.34291 24.11263
19 -2.76169 -2.75867 3.11082 3.41903 14.47924 15.99686 19.62294 20.46056 24.14995
20 -2.86296 -2.86005 3.32513 3.6442 14.37851 15.86204 19.79143 20.587 24.18272
21 -2.96139 -2.95843 3.54307 3.87236 14.28009 15.72297 19.96129 20.72139 24.21048
22 -3.05694 -3.05377 3.76463 4.10331 14.18392 15.58046 20.13256 20.86285 24.23287
23 -3.14957 -3.14602 3.98978 4.33687 14.08991 15.43526 20.30528 21.01044 24.24963
24 -3.23924 -3.23516 4.2185 4.57283 13.99796 15.28807 20.4795 21.16318 24.26059
25 -3.32593 -3.32118 4.45078 4.81097 13.90795 15.13949 20.65526 21.32005 24.26571
26 -3.40961 -3.40405 4.68657 5.05109 13.81972 14.99004 20.83262 21.47997 24.26506
27 -3.49025 -3.48376 4.92581 5.29295 13.7331 14.84017 21.0116 21.64184 24.25882
28 -3.56783 -3.56031 5.16843 5.5363 13.64787 14.69026 21.19224 21.80447 24.24734
29 -3.64233 -3.63369 5.4143 5.78089 13.56383 14.54061 21.37453 21.9666 24.23113
30 -3.71374 -3.70389 5.66329 6.02645 13.48071 14.39144 21.55844 22.12685 24.21089
31 -3.78204 -3.77092 5.91522 6.27271 13.39822 14.24291 21.74391 22.28368 24.18758
32 -3.84721 -3.83478 6.16986 6.51935 13.31605 14.09513 21.93082 22.43532 24.1625
33 -3.90926 -3.89546 6.42694 6.76609 13.23385 13.94812 22.11897 22.57966 24.13735
34 -3.96815 -3.95298 6.68613 7.01258 13.15125 13.80186 22.30809 22.71414 24.11439
35 -4.02389 -4.00734 6.94703 7.25849 13.06782 13.65626 22.49782 22.83561 24.09655
36 -4.07647 -4.05854 7.20918 7.50348 12.98313 13.5112 22.68766 22.9404 24.08739
37 -4.12588 -4.10659 7.47207 7.74718 12.8967 13.36648 22.87698 23.02467 24.09073
38 -4.17212 -4.15149 7.73509 7.98923 12.80802 13.22187 23.06467 23.08568 24.10969
39 -4.21517 -4.19326 7.99758 8.22923 12.71655 13.07711 23.12139 23.25094 24.14529
40 -4.25503 -4.2319 8.25883 8.46681 12.62175 12.93188 23.13512 23.43331 24.19576
41 -4.29171 -4.26741 8.51808 8.70161 12.52301 12.78582 23.13054 23.611 24.25721
42 -4.3252 -4.29981 8.7745 8.93325 12.41975 12.63858 23.11266 23.78245 24.32497
43 -4.3555 -4.3291 9.02727 9.16137 12.31134 12.48974 23.08613 23.94597 24.39483
44 -4.38261 -4.35528 9.27555 9.38563 12.19717 12.33889 23.05478 24.0997 24.46341
45 -4.40653 -4.37837 9.5185 9.60573 12.07665 12.18562 23.02162 24.24164 24.52817
46 -4.42725 -4.39837 9.75532 9.82139 11.94919 12.02951 22.98897 24.36972 24.58731
47 -4.44478 -4.41528 9.98528 10.03236 11.81423 11.87014 22.95867 24.48181 24.63961
48 -4.45913 -4.42911 10.20769 10.23846 11.67128 11.70712 22.93211 24.57571 24.68437
49 -4.47028 -4.43987 10.42198 10.43952 11.5199 11.54012 22.91039 24.64904 24.72151
50 -4.47825 -4.44755 10.62768 10.63548 11.35974 11.3688 22.89431 24.69955 24.75136
51 -4.48303 -4.45215 10.82441 10.82634 11.1905 11.19294 22.88445 24.72724 24.77247
52 -4.48462 -4.45369 11.00781 11.00892 11.01497 11.01671 22.88112 24.73574 24.78033
53 -4.66565 -4.26993 10.94912 10.94962 11.07677 11.07741 22.87788 24.73168 24.77612
54 -4.85846 -4.06891 10.88884 10.88935 11.1438 11.14444 22.86816 24.71952 24.7635
55 -5.04873 -3.86497 10.83085 10.8314 11.21307 11.21372 22.85199 24.69924 24.74246
56 -5.23627 -3.6583 10.77524 10.77585 11.28454 11.2852 22.82941 24.67087 24.71305
57 -5.42103 -3.44892 10.72208 10.72277 11.35822 11.35888 22.80048 24.63441 24.67528
58 -5.60298 -3.23688 10.67145 10.67226 11.43412 11.43476 22.76525 24.58989 24.6292
59 -5.7821 -3.02221 10.62344 10.62438 11.51224 11.51286 22.72383 24.53734 24.57487
60 -5.95839 -2.80488 10.57814 10.57921 11.59262 11.5932 22.67631 24.47679 24.51234
61 -6.13183 -2.58493 10.53563 10.53685 11.67528 11.67582 22.62281 24.4083 24.4417
62 -6.30238 -2.36236 10.49601 10.49738 11.76027 11.76074 22.56346 24.33193 24.36304
63 -6.47006 -2.1372 10.45938 10.46089 11.8476 11.84801 22.49839 24.24777 24.27648
64 -6.63481 -1.90945 10.42581 10.42747 11.9373 11.93766 22.42778 24.15592 24.18214
65 -6.79665 -1.6791 10.39539 10.39719 12.02942 12.02973 22.35178 24.05649 24.08017
66 -6.95557 -1.44617 10.36821 10.37013 12.12398 12.12426 22.27057 23.94962 23.97074
67 -7.11153 -1.21065 10.34434 10.34638 12.22098 12.22129 22.18434 23.83547 23.85403
68 -7.26452 -0.97256 10.32384 10.32599 12.32046 12.32082 22.09332 23.71424 23.73026
69 -7.41455 -0.73187 10.30678 10.30903 12.42244 12.42289 21.99768 23.5861 23.59963
70 -7.56159 -0.48858 10.29321 10.29555 12.52693 12.52749 21.89765 23.4513 23.46241
71 -7.70563 -0.24267 10.28318 10.2856 12.63393 12.63461 21.79346 23.31008 23.31884
72 -7.84665 0.00586 10.27674 10.27922 12.74345 12.74424 21.68534 23.16271 23.16923
73 -7.98464 0.25702 10.27391 10.27644 12.85543 12.85635 21.57353 23.00949 23.01388
74 -8.1196 0.51088 10.27472 10.27729 12.96988 12.97091 21.45824 22.8507 22.85313
75 -8.25151 0.76745 10.2792 10.28179 13.08673 13.08788 21.33973 22.68652 22.68747
76 -8.38036 1.02677 10.28737 10.28997 13.20591 13.20718 21.21821 22.51644 22.51815
77 -8.50612 1.28885 10.29922 10.30182 13.32733 13.32872 21.09394 22.34158 22.34482
78 -8.62882 1.5538 10.31477 10.31735 13.45091 13.45241 20.96711 22.16272 22.16745
79 -8.74843 1.82165 10.33401 10.33656 13.5765 13.57811 20.83795 21.98033 21.98644
80 -8.86493 2.09245 10.35694 10.35946 13.70394 13.70566 20.70665 21.79486 21.80222
81 -8.97833 2.36629 10.38355 10.38601 13.83305 13.83486 20.5734 21.60676 21.61526
82 -9.0886 2.6432 10.41383 10.41622 13.96359 13.96549 20.43838 21.41656 21.42606
83 -9.19575 2.92332 10.44775 10.45007 14.0953 14.09729 20.30171 21.22473 21.23512
84 -9.29977 3.20669 10.4853 10.48754 14.22785 14.22992 20.16352 21.03185 21.04299
85 -9.40064 3.4934 10.52645 10.52859 14.36087 14.363 20.02389 20.83851 20.85029
86 -9.49837 3.78353 10.57117 10.57321 14.49389 14.49608 19.88289 20.64534 20.65766
87 -9.59294 4.07712 10.61943 10.62134 14.62636 14.62861 19.74055 20.45306 20.46581
88 -9.68435 4.3743 10.67119 10.67298 14.75768 14.75996 19.59683 20.26242 20.27548
89 -9.7726 4.6751 10.72641 10.72806 14.88708 14.88936 19.45168 20.0743 20.08757
90 -9.85767 4.97956 10.78504 10.78655 15.01364 15.01592 19.30501 19.88966 19.90304
91 -9.93956 5.28769 10.84704 10.84838 15.1363 15.13854 19.15669 19.70963 19.72303
92 -10.01827 5.59953 10.91234 10.91353 15.25379 15.25595 19.00651 19.53548 19.54877
93 -10.0938 5.91505 10.98089 10.98191 15.36459 15.36664 18.85425 19.36868 19.38178
94 -10.16614 6.23417 11.05262 11.05345 15.46694 15.46881 18.69965 19.21096 19.22373
95 -10.23528 6.55681 11.12743 11.1281 15.5588 15.56043 18.5424 19.06424 19.07658
96 -10.30122 6.88279 11.20523 11.20574 15.63788 15.6392 18.38218 18.93069 18.94246
97 -10.36396 7.21197 11.2859 11.28633 15.70176 15.70269 18.21859 18.81255 18.82363
98 -10.4235 7.54407 11.36928 11.36974 15.74801 15.7485 18.05126 18.71205 18.7223
99 -10.47984 7.87878 11.45525 11.45585 15.77436 15.77476 17.8798 18.63103 18.64035
100 -10.53296 8.2157 11.54365 11.54446 15.77927 15.78019 17.70382 18.57067 18.57896
101 -10.58287 8.55441 11.6343 11.63536 15.76258 15.76415 17.52293 18.5311 18.53833
102 -10.62957 8.89435 11.72697 11.7283 15.72514 15.72732 17.33679 18.51132 18.51749
103 -10.67306 9.23488 11.82136 11.82298 15.66883 15.67157 17.14511 18.50925 18.51441
104 -10.71333 9.57528 11.91712 11.91904 15.59639 15.59958 16.94766 18.52203 18.52627
105 -10.75038 9.91465 12.01376 12.016 15.51101 15.51454 16.74436 18.54642 18.54984
106 -10.78421 10.25203 12.11074 12.11331 15.41601 15.41977 16.53521 18.57913 18.58184
107 -10.81482 10.58618 12.20731 12.21023 15.31472 15.31859 16.3205 18.61709 18.6192
108 -10.84222 10.91562 12.30253 12.30581 15.21031 15.21418 16.10078 18.65756 18.65918
109 -10.86639 11.23842 12.3952 12.39885 15.10587 15.10966 15.8771 18.6982 18.69939
110 -10.88734 11.55199 12.48375 12.48778 15.0045 15.00814 15.65123 18.73701 18.73786
111 -10.90506 11.8527 12.56623 12.57063 14.90938 14.91281 15.42608 18.77238 18.77296
112 -10.91957 12.13489 12.64018 12.64494 14.82392 14.82712 15.20664 18.80299 18.80336
113 -10.93085 12.38946 12.7027 12.70779 14.75176 14.75472 15.00146 18.82782 18.82803
114 -10.93891 12.60139 12.75061 12.75597 14.69661 14.69935 14.82512 18.84608 18.84619
115 -10.94374 12.74748 12.78091 12.78645 14.66185 14.66444 14.70046 18.85726 18.8573
116 -10.94535 12.79107 12.79633 12.80147 14.6499 14.6523 14.65469 18.86101 18.86104
117 -10.94375 12.75852 12.76783 12.78861 14.648 14.68701 14.69164 18.85297 18.86161
118 -10.93893 12.66672 12.6755 12.765 14.63519 14.7908 14.79604 18.82878 18.86336
119 -10.93089 12.53124 12.53932 12.72606 14.6138 14.94614 14.95217 18.78853 18.86629
120 -10.91964 12.36718 12.37453 12.67207 14.58384 15.13792 15.1448 18.7323 18.87039
121 -10.90518 12.18564 12.19229 12.60349 14.54528 15.35495 15.36267 18.66021 18.87567
122 -10.8875 11.99388 11.99991 12.52091 14.49807 15.58984 15.59839 18.57244 18.88212
123 -10.86661 11.79658 11.80202 12.42503 14.44217 15.83781 15.84716 18.46926 18.88977
124 -10.84252 11.59672 11.60162 12.31666 14.37748 16.0957 16.10584 18.351 18.89861
125 -10.81521 11.39625 11.40065 12.19667 14.30391 16.36137 16.3723 18.21811 18.90864
126 -10.7847 11.19648 11.20042 12.06599 14.2213 16.63331 16.645 18.07115 18.91989
127 -10.75098 10.99832 11.00183 11.9256 14.12946 16.91037 16.92283 17.9108 18.93235
128 -10.71406 10.8024 10.8055 11.77652 14.02815 17.19166 17.20487 17.73795 18.94603
129 -10.67393 10.60918 10.6119 11.61977 13.91708 17.47615 17.49005 17.55421 18.96096
130 -10.63061 10.41897 10.42135 11.45637 13.79587 17.35843 17.76426 17.779 18.97713
131 -10.5841 10.23204 10.2341 11.28735 13.66412 17.15462 18.05419 18.06968 18.99456
132 -10.53439 10.04853 10.0503 11.11367 13.52135 16.94316 18.34594 18.36217 19.01328
133 -10.4815 9.86858 9.8701 10.9363 13.36702 16.72572 18.63895 18.65591 19.03332
134 -10.42541 9.69227 9.69358 10.75614 13.20061 16.50403 18.93261 18.95023 19.05501
135 -10.36615 9.51966 9.52083 10.57406 13.02157 16.27985 19.07651 19.22727 19.24566
136 -10.30371 9.35078 9.3519 10.39085 12.82944 16.05498 19.10066 19.52114 19.54021
137 -10.2381 9.18567 9.1868 10.20726 12.62384 15.83112 19.12593 19.81446 19.8342
138 -10.16931 9.02433 9.02555 10.02399 12.40458 15.60986 19.15251 20.10667 20.12704
139 -10.09737 8.8668 8.86815 9.84164 12.17167 15.39255 19.18042 20.39724 20.41821
140 -10.02227 8.71307 8.71459 9.66079 11.92539 15.18032 19.2097 20.68564 20.70717
141 -9.94401 8.56313 8.56483 9.48194 11.66624 14.97397 19.24034 20.97139 20.99343
142 -9.86261 8.41699 8.41888 9.30552 11.39504 14.77407 19.27237 21.25392 21.27643
143 -9.77807 8.27461 8.2767 9.13194 11.11279 14.58088 19.30578 21.53269 21.55561
144 -9.69039 8.136 8.13827 8.96153 10.82065 14.39447 19.3406 21.80714 21.83041
145 -9.59959 8.00112 8.00358 8.79457 10.51991 14.21473 19.37681 22.0767 22.10024
146 -9.50566 7.86995 7.87259 8.63132 10.21187 14.04143 19.41442 22.34079 22.36452
147 -9.40862 7.74247 7.74529 8.47197 9.89785 13.8743 19.45344 22.59881 22.62265
148 -9.30848 7.61865 7.62165 8.31668 9.57911 13.71302 19.49385 22.85016 22.87403
149 -9.20524 7.49848 7.50164 8.16559 9.25681 13.55727 19.53565 23.09425 23.11804
150 -9.09892 7.38194 7.38524 8.01879 8.93204 13.40678 19.57882 23.33046 23.35405
151 -8.98951 7.26898 7.27243 7.87635 8.60575 13.26127 19.62336 23.5582 23.58149
152 -8.87703 7.1596 7.16318 7.73831 8.27879 13.12051 19.66923 23.77687 23.79972
153 -8.76148 7.05378 7.05748 7.60471 7.95192 12.98431 19.71642 23.98586 24.00814
154 -8.64288 6.95149 6.9553 7.47552 7.62578 12.85251 19.76488 24.18459 24.20616
155 -8.52124 6.85271 6.85663 7.30071 7.35095 12.72499 19.81459 24.37249 24.3932
156 -8.39657 6.75743 6.76144 6.97761 7.23052 12.60165 19.86548 24.54902 24.56871
157 -8.26888 6.65627 6.66575 6.66983 7.11456 12.4824 19.91752 24.71366 24.73216
158 -8.13817 6.33773 6.57732 6.58147 7.00293 12.36718 19.97063 24.86591 24.88305
159 -8.00447 6.02162 6.49244 6.49665 6.89558 12.25595 20.02474 25.00533 25.02092
160 -7.86778 5.70831 6.411 6.41525 6.79246 12.14866 20.07977 25.13152 25.14539
161 -7.72812 5.39794 6.33298 6.33726 6.6935 12.04529 20.13563 25.24413 25.25609
162 -7.58549 5.09063 6.25836 6.26267 6.59863 11.94582 20.19222 25.34287 25.35275
163 -7.43993 4.78646 6.18714 6.19145 6.5078 11.85021 20.24942 25.42751 25.43516
164 -7.29143 4.48546 6.1193 6.1236 6.42094 11.75846 20.30711 25.49788 25.50326
165 -7.14002 4.18768 6.05481 6.05909 6.33797 11.67054 20.36515 25.55372 25.5572
166 -6.98572 3.89313 5.99366 5.9979 6.25883 11.58643 20.4234 25.59437 25.59777
167 -6.82855 3.6018 5.93583 5.94002 6.18346 11.50611 20.48169 25.61978 25.62536
168 -6.66854 3.31371 5.88129 5.88541 6.1118 11.42956 20.53985 25.63092 25.63957
169 -6.50569 3.02883 5.83001 5.83405 6.04376 11.35674 20.5977 25.62846 25.64056
170 -6.34005 2.74716 5.78195 5.7859 5.9793 11.28763 20.65505 25.613 25.6288
171 -6.17165 2.46868 5.73707 5.74091 5.91836 11.2222 20.71168 25.58525 25.60496
172 -6.00053 2.1934 5.69533 5.69904 5.86088 11.16042 20.7674 25.54605 25.56982
173 -5.82672 1.92132 5.65667 5.66024 5.8068 11.10225 20.82196 25.49637 25.52433
174 -5.6503 1.65245 5.62103 5.62445 5.75608 11.04766 20.87515 25.43732 25.46957
175 -5.47131 1.38682 5.58833 5.59159 5.70867 10.99662 20.92673 25.37015 25.40676
176 -5.28984 1.12446 5.5585 5.56158 5.66453 10.94907 20.97645 25.29624 25.33724
177 -5.10599 0.86545 5.53144 5.53433 5.6236 10.905 21.02408 25.21707 25.26244
178 -4.91991 0.6099 5.50706 5.50976 5.58586 10.86436 21.06937 25.13423 25.18392
179 -4.73174 0.35791 5.48525 5.48776 5.55127 10.82712 21.11209 25.04937 25.10328
180 -4.54173 0.10972 5.4659 5.46821 5.5198 10.79324 21.15201 24.96421 25.0222
181 -4.3502 -0.13438 5.44889 5.451 5.49141 10.7627 21.1889 24.88049 24.94234
182 -4.15761 -0.37395 5.43411 5.43602 5.46607 10.73546 21.22255 24.79991 24.8654
183 -3.96467 -0.60831 5.42142 5.42315 5.44378 10.71149 21.25275 24.72416 24.79299
184 -3.77246 -0.83638 5.41071 5.41227 5.4245 10.69077 21.27933 24.65484 24.72667
185 -3.58275 -1.05642 5.40188 5.40327 5.40822 10.67328 21.30211 24.59343 24.66787
186 -3.39862 -1.26534 5.39473 5.39496 5.39608 10.65899 21.32095 24.54123 24.61787
187 -3.22567 -1.45756 5.38457 5.38941 5.39055 10.6479 21.33574 24.4994 24.57779
188 -3.07453 -1.62247 5.3772 5.38561 5.38667 10.63998 21.34637 24.46884 24.5485
189 -2.96455 -1.7407 5.37277 5.38335 5.38436 10.63524 21.35278 24.45023 24.53066
190 -2.92282 -1.78518 5.3713 5.38261 5.38359 10.63366 21.35492 24.44398 24.52466
191 -2.92134 -1.78366 5.13927 5.37188 5.61996 10.6463 21.35359 24.44012 24.52078
192 -2.91688 -1.77909 4.90619 5.33857 5.8675 10.6839 21.3496 24.42789 24.50979
193 -2.90946 -1.77148 4.67775 5.28416 6.12003 10.74549 21.34294 24.40551 24.4935
194 -2.89906 -1.76082 4.45387 5.21014 6.37759 10.82959 21.3336 24.37081 24.47414
195 -2.88568 -1.74711 4.23448 5.1184 6.6402 10.93438 21.32156 24.32253 24.45303
196 -2.86932 -1.73035 4.01946 5.01098 6.90793 11.05785 21.3068 24.26061 24.43032
197 -2.84996 -1.71054 3.80873 4.89 7.18078 11.19794 21.28927 24.18548 24.4057
198 -2.82762 -1.68767 3.6022 4.7575 7.45876 11.35263 21.26894 24.09758 24.37891
199 -2.80227 -1.66174 3.39977 4.61541 7.74186 11.52005 21.24575 23.9972 24.34986
200 -2.77392 -1.63275 3.20136 4.46546 8.03006 11.69846 21.21963 23.88456 24.31856
201 -2.74255 -1.60069 3.00686 4.30922 8.32331 11.88631 21.19051 23.75983 24.28513
202 -2.70818 -1.56555 2.8162 4.14807 8.62155 12.08219 21.15832 23.62319 24.24973
203 -2.67079 -1.52734 2.62929 3.98321 8.92471 12.28482 21.12295 23.47478 24.21256
204 -2.63039 -1.48604 2.44605 3.81571 9.23267 12.49305 21.08431 23.31479 24.17386
205 -2.58697 -1.44165 2.26641 3.64647 9.5453 12.70583 21.0423 23.14342 24.13389
206 -2.54053 -1.39417 2.09029 3.47628 9.86248 12.92218 20.99684 22.96086 24.09291
207 -2.49108 -1.34358 1.91762 3.30582 10.18404 13.14118 20.94784 22.76736 24.05122
208 -2.43862 -1.28988 1.74834 3.13569 10.50977 13.36194 20.89523 22.56317 24.0091
209 -2.38316 -1.23306 1.58239 2.96639 10.83948 13.58361 20.83897 22.34857 23.96684
210 -2.32469 -1.17311 1.41973 2.79836 11.17292 13.80532 20.77905 22.12384 23.92476
211 -2.26323 -1.11003 1.26029 2.63198 11.50984 14.02621 20.71552 21.88929 23.88314
212 -2.19877 -1.04381 1.10403 2.46757 11.84996 14.2454 20.64846 21.64524 23.84229
213 -2.13133 -0.97444 0.95092 2.3054 12.19299 14.46195 20.57806 21.39203 23.80249
214 -2.06091 -0.90191 0.80091 2.14572 12.5386 14.67487 20.50458 21.13001 23.76404
215 -1.98752 -0.82622 0.65397 1.98871 12.88647 14.88311 20.42839 20.85953 23.7272
216 -1.91116 -0.74736 0.51008 1.83454 13.23625 15.0855 20.35002 20.58096 23.69225
217 -1.83184 -0.66533 0.3692 1.68336 13.58757 15.28075 20.27001 20.29482 23.65943
218 -1.74957 -0.58013 0.23131 1.53531 13.94004 15.46739 20.00104 20.18971 23.62897
219 -1.66436 -0.49178 0.0964 1.39048 14.29328 15.64379 19.70051 20.10974 23.6011
220 -1.5762 -0.4003 -0.03555 1.249 14.64687 15.80808 19.39345 20.03169 23.57602
221 -1.48511 -0.30573 -0.16456 1.11098 15.0004 15.95815 19.08026 19.95723 23.55391
222 -1.39109 -0.29064 -0.2082 0.97659 15.35345 16.09166 18.76138 19.88834 23.53492
223 -1.29415 -0.41379 -0.10791 0.8461 15.70558 16.20606 18.43721 19.82726 23.51919
224 -1.1943 -0.53402 -0.00541 0.72007 16.05635 16.29872 18.1082 19.77634 23.50684
225 -1.09153 -0.65134 0.09783 0.6 16.36712 16.40535 17.77475 19.73789 23.49795
226 -0.98584 -0.76574 0.19579 0.49195 16.40915 16.7521 17.43732 19.7139 23.49259
227 -0.87743 -0.87707 0.25153 0.43285 16.42336 17.09177 17.10074 19.70573 23.4908
228 -0.94867 -0.82119 0.22756 0.47759 16.39784 16.88964 17.32078 19.70916 23.49292
229 -1.01752 -0.79537 0.1729 0.59152 16.28912 16.75536 17.54118 19.71875 23.49914
230 -1.08378 -0.79295 0.11011 0.74523 16.08881 16.70248 17.75709 19.73367 23.50917
231 -1.14746 -0.80674 0.04637 0.92442 15.84107 16.68746 17.96817 19.75318 23.52264
232 -1.20856 -0.83102 -0.0162 1.12122 15.57302 16.68381 18.17406 19.77664 23.53914
233 -1.26708 -0.86176 -0.07681 1.33082 15.29438 16.68243 18.37448 19.80345 23.5582
234 -1.323 -0.89628 -0.13508 1.55014 15.00891 16.68025 18.56915 19.83302 23.57929
235 -1.37633 -0.93276 -0.19085 1.77716 14.71832 16.67618 18.75787 19.86479 23.60186
236 -1.42708 -0.96997 -0.24402 2.01051 14.42363 16.66999 18.94043 19.89822 23.62535
237 -1.47524 -1.00706 -0.29453 2.24918 14.12551 16.66176 19.11664 19.9328 23.64919
238 -1.52079 -1.04348 -0.34233 2.49244 13.82453 16.65178 19.28631 19.96803 23.6728
239 -1.56376 -1.07878 -0.38742 2.73968 13.52123 16.64036 19.44929 20.00346 23.69567
240 -1.60412 -1.11266 -0.42978 2.99032 13.2162 16.62786 19.60536 20.03868 23.71731
241 -1.6419 -1.14488 -0.4694 3.24379 12.91011 16.61461 19.75427 20.07335 23.73729
242 -1.67706 -1.1753 -0.50627 3.49952 12.60372 16.601 19.8956 20.10723 23.75527
243 -1.70963 -1.20376 -0.54041 3.75679 12.29793 16.5873 20.02847 20.14065 23.771
244 -1.7396 -1.23017 -0.5718 4.01473 11.99387 16.5738 20.14432 20.18151 23.78432
245 -1.76697 -1.25445 -0.60046 4.27226 11.69289 16.56074 20.19274 20.27961 23.79516
246 -1.79173 -1.27655 -0.62637 4.52796 11.39672 16.54838 20.22098 20.38697 23.80359
247 -1.81388 -1.29641 -0.64955 4.77995 11.1075 16.53687 20.24562 20.48638 23.80975
248 -1.83344 -1.314 -0.66999 5.02573 10.82805 16.52638 20.26747 20.57629 23.81388
249 -1.85039 -1.32928 -0.6877 5.26185 10.56208 16.51704 20.28657 20.65595 23.81631
250 -1.86473 -1.34226 -0.70268 5.48373 10.31448 16.50898 20.30288 20.72467 23.81741
251 -1.87646 -1.35289 -0.71494 5.68515 10.09165 16.50227 20.31632 20.78189 23.81758
252 -1.88559 -1.36117 -0.72447 5.85808 9.90185 16.49698 20.32684 20.82703 23.81721
253 -1.89211 -1.36708 -0.73128 5.99283 9.75493 16.49316 20.33439 20.85963 23.81667
254 -1.89602 -1.37064 -0.73536 6.07922 9.6612 16.49087 20.33894 20.8793 23.81624
255 -1.89732 -1.37183 -0.73672 6.10908 9.62889 16.49009 20.34046 20.88584 23.81609
