1 -0.900061 -0.899851 0.19709900000000014 0.49899899999999997 16.593899 17.117769000000003 17.121399 20.680159 26.751459
2 -0.9222709999999998 -0.9183910000000002 0.222599 0.5205390000000001 16.557949 17.117809 17.156919000000002 20.682439 26.746709
3 -0.9842110000000002 -0.9703110000000001 0.2937890000000001 0.5820989999999999 16.471999 17.106448999999998 17.252309 20.690119 26.732469
4 -1.074191 -1.048591 0.399189 0.6764290000000001 16.363779 17.087189000000002 17.376279 20.703269 26.708939
5 -1.181581 -1.1453609999999999 0.528159 0.795679 16.247009 17.059969000000002 17.515099 20.721989 26.676429
6 -1.2990209999999998 -1.2542010000000001 0.673339 0.933419 16.127389 17.024699 17.663079 20.746419 26.635379
7 -1.421891 -1.370511 0.830109 1.0850490000000002 16.007429000000002 16.981349 17.817669 20.776689 26.586289
8 -1.547361 -1.4911309999999998 0.995619 1.247419 15.888369 16.929869 17.977629 20.812929 26.529769
9 -1.673661 -1.613941 1.168099 1.4183890000000001 15.770849 16.870279 18.142309 20.855209 26.466479
10 -1.7996309999999998 -1.737501 1.346389 1.596519 15.655219 16.802669 18.311319 20.903589 26.397109
11 -1.9245109999999999 -1.860801 1.529719 1.780789 15.541669 16.727189 18.484439 20.958039 26.322379
12 -2.047791 -1.9831309999999998 1.717559 1.970479 15.430309 16.644059 18.661529 21.018459 26.243019
13 -2.169101 -2.103971 1.909529 2.1650590000000003 15.321179 16.553589000000002 18.842499 21.084659 26.159739
14 -2.288171 -2.222961 2.105349 2.364129 15.214299 16.456169 19.027279 21.156339 26.073259
15 -2.404791 -2.339791 2.304809 2.5673690000000002 15.109649 16.352259 19.215809 21.233109 25.984289
16 -2.518821 -2.454251 2.507749 2.7745189999999997 15.007199 16.242369 19.408039 21.314449 25.893519
17 -2.630141 -2.5661709999999998 2.714029 2.985379 14.906909 16.127069 19.603919 21.399709 25.801629
18 -2.738671 -2.6754109999999995 2.923569 3.1997590000000002 14.808699 16.006949 19.803399 21.488129 25.709349
19 -2.844321 -2.7818709999999998 3.1362490000000003 3.417479 14.712509 15.882629 20.006389 21.578779 25.617409
20 -2.947051 -2.8854610000000003 3.352029 3.638399 14.618249 15.754719 20.212839 21.670599 25.526649
21 -3.046791 -2.9861009999999997 3.570829 3.862369 14.525819 15.623819 20.422629 21.762339 25.437959
22 -3.143521 -3.083741 3.792599 4.089229 14.435109 15.490529 20.635639 21.852539 25.352389
23 -3.2372009999999998 -3.178331 4.017289 4.318829 14.345989 15.355379 20.851739 21.939569 25.271149
24 -3.327801 -3.2698409999999996 4.244839000000001 4.5510090000000005 14.258329 15.218869 21.070719 22.021549 25.195609
25 -3.4153010000000004 -3.358211 4.475229000000001 4.785609 14.171979 15.081469 21.292409 22.096429 25.127339
26 -3.499681 -3.4434509999999996 4.708409 5.022469 14.086749 14.943549 21.516539 22.161989 25.068059
27 -3.5809309999999996 -3.525511 4.944329 5.261388999999999 14.002469 14.805439 21.742839 22.215959 25.019569
28 -3.659021 -3.6043909999999997 5.182939 5.502179 13.918909 14.667429 21.970969 22.256169 24.983569
29 -3.7339510000000002 -3.680071 5.424189 5.744639 13.835849 14.529719 22.200519 22.280789 24.961499
30 -3.805701 -3.7525310000000003 5.667999 5.988529 13.753019 14.392439 22.288439 22.431119 24.954279
31 -3.8742710000000002 -3.821771 5.914289 6.233629 13.670139 14.255669 22.278709 22.662169 24.962139
32 -3.9396509999999996 -3.887791 6.162979 6.479679 13.586889 14.119409 22.251819 22.893139 24.984549
33 -4.001841 -3.950571 6.413929 6.726409 13.502929 13.983619000000001 22.208849 23.123399 25.020259
34 -4.060831 -4.010121 6.666989 6.973529 13.417869 13.848179 22.151499 23.352219 25.067509
35 -4.116621 -4.066431 6.921969 7.220719 13.331299 13.712929 22.081839 23.578799 25.124189
36 -4.169201 -4.119511 7.178609 7.467659 13.242779 13.577649 22.002149 23.802249 25.188119
37 -4.218581 -4.169351 7.436629 7.714009 13.151819 13.442059 21.914739 24.021609 25.257149
38 -4.264751 -4.215961 7.695689 7.959399 13.057879 13.305839 21.821839 24.235839 25.329299
39 -4.307711 -4.2593309999999995 7.955349 8.203458999999999 12.960429 13.168649 21.725569 24.443799 25.402779
40 -4.347481 -4.299481 8.215119 8.445779 12.858879 13.030089 21.627929 24.644269 25.475999
41 -4.384041 -4.336401 8.474409 8.685939000000001 12.752619 12.889749 21.530759 24.835969 25.547579
42 -4.417401 -4.370101 8.732548999999999 8.923518999999999 12.641049 12.747219 21.435789 25.017549 25.616339
43 -4.447561 -4.400571 8.988809 9.158089 12.523529 12.602049 21.344619 25.187629 25.681249
44 -4.474541 -4.427831 9.242339000000001 9.389168999999999 12.399489 12.453849 21.258719 25.344779 25.741429
45 -4.498321 -4.451871 9.492259 9.616319 12.268349 12.302229 21.179469 25.487609 25.796149
46 -4.518931 -4.472711 9.737549 9.839019 12.129669 12.146899 21.108099 25.614729 25.844779
47 -4.536361 -4.490331 9.977139 10.056689 11.983039 11.987729 21.045719 25.724829 25.886789
48 -4.550611 -4.504751 10.209739 10.268589 11.824409 11.828849 20.993299 25.816679 25.921789
49 -4.561691 -4.515951 10.433599 10.473459 11.658199 11.667049 20.951659 25.889149 25.949499
50 -4.569601 -4.523961 10.645399 10.668429 11.491179 11.500339 20.921439 25.941139 25.969899
51 -4.574351 -4.528761 10.834219 10.842899 11.333589 11.338909 20.903109 25.970979 25.983829
52 -4.575931 -4.530371 10.936359 10.936799 11.245029 11.246259 20.896969 25.979259 25.990199
53 -4.753001 -4.350441 10.924929 10.925719 11.258439 11.259779 20.895569 25.973649 25.984559
54 -4.948061 -4.146801 10.895499 10.896689 11.294219 11.295729 20.891379 25.956819 25.967619
55 -5.140661 -3.939921 10.856099 10.857539 11.344519 11.346149 20.884399 25.928829 25.939459
56 -5.330471 -3.7301209999999996 10.812209 10.813809000000001 11.403879 11.405569 20.874639 25.889749 25.900149
57 -5.517431 -3.5174510000000003 10.766769 10.768479 11.469379 11.471109 20.862139 25.839689 25.849789
58 -5.701481 -3.301991 10.721339 10.723129 11.539519 11.541259 20.846909 25.778799 25.788549
59 -5.882631 -3.083731 10.676759 10.678619 11.613529 11.615289 20.828989 25.707229 25.716569
60 -6.060831 -2.8627209999999996 10.633549 10.635459 11.690979 11.692749 20.808419 25.625209 25.634079
61 -6.236091 -2.6389509999999996 10.592039 10.593999 11.771649 11.773429 20.785229 25.532949 25.541309
62 -6.408401 -2.412441 10.552459 10.554469 11.855429 11.857209 20.759479 25.430689 25.438509
63 -6.577731 -2.183231 10.514999 10.517049 11.942229 11.944019 20.731209 25.318749 25.325979
64 -6.7440809999999995 -1.951321 10.479799 10.481899 12.032059 12.033849 20.700469000000002 25.197419 25.204039
65 -6.907451 -1.716711 10.446979 10.449119 12.124899 12.126699 20.667309 25.067009 25.072999
66 -7.067800999999999 -1.4794610000000001 10.416669 10.418839 12.220769 12.222579 20.631789 24.927919 24.933249
67 -7.225141000000001 -1.2395610000000001 10.388959 10.391159 12.319699 12.321519 20.593959 24.780499 24.785169
68 -7.379481 -0.9970210000000002 10.363939 10.366169 12.421699 12.423529 20.553869 24.625139 24.629139
69 -7.530761 -0.7518910000000001 10.341709 10.343969 12.526789 12.528639 20.511579 24.462269 24.465609
70 -7.679010999999999 -0.5041609999999999 10.322349 10.324639 12.634999 12.636849 20.467139 24.292329 24.295019
71 -7.824211 -0.25385100000000005 10.305939 10.308249 12.746339 12.748209 20.420569 24.115719 24.117799
72 -7.966341 -0.0010010000000000296 10.292559 10.294889 12.860789 12.862679 20.371929 23.932939 23.934469
73 -8.105401 0.25437900000000013 10.282269 10.284609 12.978369 12.980269 20.321239 23.744399 23.745529
74 -8.241391 0.5122990000000001 10.275139 10.277499 13.099049 13.100979 20.268529 23.550519 23.551519
75 -8.374291 0.772699 10.271239 10.273589 13.222779 13.224729 20.213809 23.351779 23.353009
76 -8.504081 1.0355690000000002 10.270599 10.272959 13.349519 13.351499 20.157089 23.148779 23.150419
77 -8.630781 1.300929 10.273289 10.275649 13.479199 13.481199 20.098359 22.942079 22.944169
78 -8.754361 1.568699 10.279349 10.281689 13.611699 13.613739 20.037589 22.732269 22.734819
79 -8.874811 1.8389090000000001 10.288809 10.291129 13.746909 13.748979 19.974759 22.519879 22.522879
80 -8.992151 2.111549 10.301699 10.303999 13.884669 13.886769 19.909789 22.305459 22.308879
81 -9.106331 2.386559 10.318049 10.320329 14.024769 14.026909 19.842639 22.089629 22.093429
82 -9.217371 2.663959 10.337879 10.340119 14.166979 14.169159 19.773199 21.872939 21.877089
83 -9.325271 2.943749 10.361189 10.363399 14.311019 14.313239 19.701359 21.656009 21.660469
84 -9.429991 3.225879 10.387999 10.390169 14.456499 14.458769 19.626999 21.439499 21.444239
85 -9.531551 3.510369 10.418309 10.420429 14.603019 14.605329 19.549939 21.224099 21.229059
86 -9.629951 3.797219 10.452099 10.454169 14.750059 14.752429 19.470009 21.010509 21.015659
87 -9.725151 4.086379 10.489359 10.491369 14.896989 14.899409 19.386989 20.799569 20.804879
88 -9.817171 4.3778690000000005 10.530059 10.532009 15.043069000000001 15.045539 19.300649 20.592159 20.597569
89 -9.906011 4.6717189999999995 10.574179 10.576059 15.187409 15.189929 19.210719 20.389269 20.394739
90 -9.991641 4.967869 10.621659 10.623469 15.328879 15.331459 19.116919 20.192059 20.197549
91 -10.074071 5.266319 10.672449 10.674189 15.466189 15.468829 19.018919 20.001869 20.007319
92 -10.153301 5.567109 10.726499 10.728169 15.597739 15.600439 18.916379 19.820219 19.825589
93 -10.229311 5.870169 10.783719 10.785309 15.721599 15.724369 18.808929 19.648999 19.654229
94 -10.302101 6.175499 10.844009 10.845529 15.835519 15.838359 18.696189 19.490309 19.495349
95 -10.371681 6.483079 10.907279 10.908719 15.936879 15.939789 18.577749 19.346599 19.351389
96 -10.438031 6.792819 10.973369 10.974749 16.022759 16.025748999999998 18.453209 19.220589 19.225069
97 -10.501171 7.104699 11.042149 11.043469 16.090189000000002 16.093259 18.322149 19.114999 19.119109
98 -10.561071 7.418559 11.113419 11.114689 16.136389 16.139549000000002 18.184199 19.032329 19.036009
99 -10.617731 7.734269 11.186979000000001 11.188219 16.159349 16.162599 18.038959 18.974269 18.977489
100 -10.671171 8.051669 11.262569 11.263799 16.158259 16.161589 17.886089 18.941319 18.944069
101 -10.721381 8.370439000000001 11.339879 11.341139 16.133809 16.137189 17.725349 18.932469 18.934759
102 -10.768341 8.690239 11.418579 11.419879 16.088169 16.091569 17.556528999999998 18.945249 18.947109
103 -10.812071 9.010629 11.498249 11.499629 16.024579 16.027969 17.379559 18.976129 18.977609
104 -10.852561 9.330929000000001 11.578379 11.579859 15.946889 15.950229 17.194539 19.021049 19.022209
105 -10.889821 9.650349 11.658399 11.660009 15.859049 15.862289 17.001769 19.075939 19.076819
106 -10.923831 9.967829 11.737619 11.739379 15.764809 15.767919000000001 16.801789 19.136989 19.137649
107 -10.954611 10.281899 11.815209 11.817129 15.667659 15.670599 16.595599 19.200829 19.201319
108 -10.982141 10.590689 11.890199 11.892309000000001 15.570729 15.573479 16.384608999999998 19.264589 19.264939
109 -11.006441 10.891649 11.961499 11.963789 15.476869 15.479419 16.170979000000003 19.325849 19.326099
110 -11.027491 11.181209 12.027809 12.030279 15.388769 15.391099 15.957889 19.382599 19.382769
111 -11.045311 11.454499 12.087719 12.090359 15.308899 15.311009 15.749869 19.433189 19.433299
112 -11.059891 11.704659 12.139709 12.142509 15.239599 15.241509 15.553519 19.476299 19.476369
113 -11.071221 11.922109 12.182219 12.185169 15.183039 15.184759 15.378159 19.510869 19.510909
114 -11.079321 12.094239 12.213829 12.216889 15.141109 15.142679 15.236229 19.536119 19.536139
115 -11.084181 12.206359 12.233349 12.236479 15.115299 15.116769 15.142259 19.551479 19.551489
116 -11.085801 12.239809 12.242859 12.245889 15.106549 15.107929 15.109299 19.556639 19.556649
117 -11.084181 12.217829 12.223169 12.235269 15.103249 15.134209 15.136799 19.545389 19.557619
118 -11.079341 12.153569 12.158699 12.212119 15.089279 15.214319 15.217179 19.511649 19.560519
119 -11.071261 12.053509 12.058309 12.173999 15.065989 15.340649 15.343909 19.455499 19.565379
120 -11.059961 11.925539 11.929929 12.121299 15.033429 15.505249 15.508979 19.377089 19.572179
121 -11.045421 11.777129 11.781109 12.054649 14.991589 15.700449 15.704669 19.276649 19.580939
122 -11.027661 11.614519 11.618089 11.974819 14.940519 15.919789 15.924519 19.154509 19.591669
123 -11.006681 11.442489 11.445659000000001 11.882699 14.880209 16.158248999999998 16.163489 19.011119 19.604379
124 -10.982471 11.264579 11.267369 11.779279 14.810649 16.411949 16.417689 18.847109 19.619099
125 -10.955031 11.083389 11.085819 11.665609 14.731789000000001 16.677959 16.684189 18.663279 19.635819
126 -10.924371 10.900799 10.902899 11.542769 14.643539 16.954009 16.960709 18.460659 19.654589
127 -10.890501 10.718179 10.719969 11.411889 14.545759 17.238279 17.245438999999998 18.240489 19.675409
128 -10.853411 10.536529 10.538029 11.274059 14.438209 17.529319 17.536929 18.004309 19.698309
129 -10.813101 10.356579 10.357809 11.130339 14.320569 17.753719 17.825999 17.834019 19.723309
130 -10.769581 10.178869 10.179849 10.981779 14.192419 17.491249 18.126989000000002 18.135449 19.750429
131 -10.722851 10.003789 10.004549 10.829339 14.053189 17.218819 18.431579 18.440429 19.779699
132 -10.672911 9.831629 9.832189 10.673929 13.902179 16.939139 18.738849 18.748079 19.811149
133 -10.619771 9.662589 9.662999 10.516379 13.738559 16.655029 19.047979 19.057559 19.844789
134 -10.563421 9.496808999999999 9.497129000000001 10.357479 13.561439 16.369469000000002 19.358209 19.368119 19.880669
135 -10.503871 9.334368999999999 9.334699 10.197879 13.369819 16.085428999999998 19.668809 19.678999 19.918859
136 -10.441131 9.175339000000001 9.175768999999999 10.038209 13.162839 15.805869 19.956859 19.980089 19.991039
137 -10.375191 9.019809 9.020359 9.879019 12.939819 15.533439 20.001329 20.288699 20.299559
138 -10.306061 8.867809000000001 8.868489 9.720769 12.700439 15.270369 20.046289 20.596419 20.607479
139 -10.233751 8.719349000000001 8.720149 9.563879 12.444899 15.018259 20.093469 20.901889 20.913149
140 -10.158251 8.574418999999999 8.575349 9.408709 12.173939 14.778049 20.142929 21.204479 21.215899
141 -10.079571 8.433039 8.434069000000001 9.255549 11.888859 14.549969 20.194669 21.503599 21.515139
142 -9.997721 8.295169000000001 8.296309 9.104669000000001 11.591339 14.333729 20.248689 21.798639 21.810269
143 -9.912691 8.160809 8.162039 8.956279 11.283319 14.128609 20.304989 22.089059 22.100739
144 -9.824501 8.029929 8.031248999999999 8.810549 10.966819 13.933689 20.363539 22.374299 22.385979
145 -9.733141 7.902519 7.903909 8.667629 10.643769 13.747969 20.424319 22.653849 22.665499
146 -9.638641 7.778549 7.780019 8.527649 10.315949 13.570499 20.487299 22.927209 22.938769
147 -9.540971 7.657999 7.659539 8.390679 9.984879 13.400389 20.552439 23.193919 23.205349000000002
148 -9.440171 7.540859 7.542459 8.256819 9.651889 13.236909 20.619689 23.453539 23.464789
149 -9.336221 7.427099 7.428749 8.126109 9.318059 13.079409 20.688999 23.705649 23.716659
150 -9.229141 7.316709 7.318409 7.998589 8.984279 12.927389 20.760279 23.949869 23.960599
151 -9.118931 7.209679 7.211419 7.874309 8.651259 12.780449 20.833469 24.185859 24.196239
152 -9.005601 7.105989 7.107759 7.753279 8.319538999999999 12.638269 20.908479 24.413279 24.423269
153 -8.889161 7.005619 7.007429 7.635499 7.989559 12.500589 20.985209 24.631859 24.641399
154 -8.769621 6.908569 6.9104090000000005 7.520999 7.6616290000000005 12.367209 21.063549 24.841349 24.850379
155 -8.646981 6.814819 6.816689 7.335959 7.4097990000000005 12.237999 21.143369 25.041519 25.049999
156 -8.521251 6.724379 6.726259 7.012809 7.301829 12.112829 21.224549 25.232209 25.240069
157 -8.392441 6.637209 6.639109 6.692249 7.197129 11.991619 21.306939 25.413269 25.420459
158 -8.260571 6.374369 6.553329 6.555239 7.095699 11.874309 21.390379 25.584579 25.591039
159 -8.125631 6.059229 6.472709 6.474629 6.997509 11.760839 21.474699 25.746089 25.751769
160 -7.987641 5.746879 6.395349 6.397269 6.902559 11.651169 21.559739 25.897759 25.902619
161 -7.846610999999999 5.4373190000000005 6.321229 6.323159 6.810829 11.545269 21.645299 26.039589 26.043579
162 -7.702560999999999 5.130579 6.250339 6.2522590000000005 6.722319 11.443109 21.731169 26.171629 26.174709
163 -7.555501 4.826658999999999 6.182669 6.184589 6.637009 11.344689 21.817159 26.293939 26.296109
164 -7.405431 4.525558999999999 6.118189 6.120099 6.554889 11.249969 21.903039 26.406589 26.407959
165 -7.252390999999999 4.227279 6.056889 6.058789 6.475949 11.158949 21.988579 26.509529 26.510629
166 -7.0963709999999995 3.931829 5.998739 6.000619 6.400179 11.071609 22.073549 26.602779 26.604509
167 -6.937410999999999 3.639189 5.943709 5.945569 6.327569 10.987939 22.157709 26.686839 26.689569
168 -6.7755209999999995 3.349379 5.891759 5.893609 6.258109 10.907919 22.240809 26.762119 26.765969
169 -6.610721 3.0624089999999997 5.842869 5.844689 6.191789 10.831559 22.322589 26.828959 26.833999
170 -6.4430510000000005 2.778299 5.796979 5.798779 6.128599 10.758829 22.402809 26.887729 26.893979
171 -6.272531 2.497039 5.754049 5.755809 6.068539 10.689719 22.481199 26.938829 26.946309
172 -6.099191 2.218679 5.714019 5.715749 6.011589 10.624229 22.557509 26.982689 26.991409
173 -5.923091 1.9432390000000002 5.676829 5.678529 5.957749 10.562339 22.631479 27.019759 27.029729
174 -5.744261 1.670769 5.642409 5.644069 5.907019 10.504039 22.702849 27.050539 27.061739
175 -5.562781 1.401329 5.610699 5.612319 5.859379 10.449329 22.771369 27.075529 27.087959
176 -5.378721 1.134989 5.581609 5.5831990000000005 5.814839 10.398189 22.836799 27.095279 27.108909
177 -5.192171 0.871839 5.555069 5.556609 5.773379 10.350629 22.898889 27.110339 27.125149
178 -5.003261 0.612009 5.530989 5.532489 5.735009 10.306609 22.957419 27.121279 27.137219
179 -4.812151 0.35565899999999995 5.509269 5.5107289999999995 5.699729 10.266159 23.012149 27.128659 27.145679
180 -4.6190809999999995 0.10300900000000013 5.489839 5.4912589999999994 5.667519 10.229239 23.062889 27.133059 27.151099
181 -4.424351 -0.145621 5.472599000000001 5.473979 5.6383790000000005 10.195859 23.109429 27.135029 27.154029
182 -4.228431 -0.38978099999999993 5.457459 5.458799 5.612319 10.166009 23.151589 27.135109 27.154989
183 -4.031981 -0.6287910000000001 5.444338999999999 5.445639 5.589329 10.139689 23.189199 27.133819 27.154499
184 -3.836061 -0.8615909999999998 5.433159 5.434419 5.569409 10.116879 23.222119 27.131639 27.153029
185 -3.642431 -1.0864409999999998 5.423829 5.425059 5.552549 10.097589 23.250199 27.128999 27.150989
186 -3.454111 -1.3003010000000002 5.416299 5.417498999999999 5.538759000000001 10.081819 23.273339 27.126279 27.148789
187 -3.276701 -1.4975709999999998 5.410499 5.411689 5.528039 10.069549 23.291429 27.123819 27.146729
188 -3.120971 -1.6675010000000001 5.406399 5.407559 5.520379 10.060789 23.304409 27.121869 27.145069
189 -3.0069410000000003 -1.790031 5.403949 5.405099 5.515789 10.055529 23.312219 27.120619 27.143989
190 -2.9634409999999995 -1.8363709999999998 5.4031389999999995 5.404289 5.5142489999999995 10.053779 23.314819 27.120189 27.143619
191 -2.9619410000000004 -1.834781 5.217899 5.391819 5.703969 10.067919 23.312379 27.113659 27.139039
192 -2.957451 -1.8300009999999998 4.990209 5.356579 5.943399 10.109909 23.305029 27.086969 27.132439
193 -2.949961 -1.822031 4.764259 5.299229 6.188919 10.178499 23.292779 27.036739 27.127339
194 -2.939481 -1.8108710000000001 4.541549 5.221649 6.439019 10.271839 23.275629 26.964959 27.121969
195 -2.9260010000000003 -1.7965309999999999 4.322379 5.126079 6.693439 10.387679 23.253569 26.872629 27.115669
196 -2.9095310000000003 -1.779001 4.1067990000000005 5.014959 6.9520990000000005 10.523609 23.226599 26.760319 27.108259
197 -2.8900509999999997 -1.7582909999999998 3.894819 4.890649 7.215029 10.677259 23.194699 26.628509 27.099729
198 -2.867571 -1.734401 3.686419 4.755399000000001 7.482239 10.846389 23.157849 26.477739 27.090099
199 -2.842091 -1.707331 3.481589 4.611209000000001 7.753769 11.028989 23.116039 26.308589 27.079429
200 -2.8136010000000002 -1.6770909999999999 3.2802990000000003 4.459868999999999 8.029658999999999 11.223259 23.069229 26.121659 27.067779
201 -2.782101 -1.643681 3.082519 4.302909 8.309929 11.427619 23.017409 25.917609 27.055239
202 -2.747591 -1.607091 2.8882190000000003 4.141659000000001 8.594639 11.640699 22.960529 25.697149 27.041879
203 -2.710071 -1.567351 2.6973789999999997 3.977239 8.883818999999999 11.861299 22.898569 25.461019 27.027799
204 -2.669531 -1.524441 2.509969 3.810609 9.177489000000001 12.088319 22.831479 25.209969 27.013109
205 -2.6259810000000003 -1.478371 2.325959 3.642599 9.475698999999999 12.320819 22.759239 24.944779 26.997899
206 -2.579401 -1.429151 2.1453290000000003 3.473909 9.778459 12.557889 22.681839 24.666269 26.982289
207 -2.529801 -1.3767909999999999 1.9680490000000002 3.305129 10.085789 12.798689 22.599269 24.375249 26.966379
208 -2.477181 -1.321281 1.794119 3.136799 10.397689 13.042399 22.511559 24.072549 26.950299
209 -2.421531 -1.2626209999999998 1.623489 2.9693389999999997 10.714199 13.288229 22.418769 23.758949 26.934139
210 -2.362851 -1.200841 1.456149 2.8031490000000003 11.035279 13.535359 22.320999 23.435309 26.918039
211 -2.301141 -1.1359210000000002 1.292089 2.638559 11.360939 13.782939 22.218409 23.102419 26.902109
212 -2.236391 -1.067891 1.1312790000000001 2.475859 11.691129 14.030049 22.111259 22.761099 26.886459
213 -2.168621 -0.9967410000000001 0.973709 2.315309 12.025819 14.275729 21.999879 22.412129 26.871209
214 -2.097801 -0.922491 0.819349 2.157109 12.364949 14.518889 21.884729 22.056299 26.856459
215 -2.023951 -0.8451409999999999 0.668209 2.001479 12.708459 14.758349 21.694359 21.766429 26.842329
216 -1.9470610000000002 -0.7647409999999999 0.520249 1.848589 13.056259 14.992729 21.327049 21.645759 26.828909
217 -1.867121 -0.6812809999999998 0.37546900000000005 1.6985890000000001 13.408239 15.220499 20.955089 21.523739 26.816299
218 -1.784151 -0.5948310000000001 0.23385900000000004 1.551639 13.764279 15.439879 20.579179 21.401669 26.804599
219 -1.698121 -0.5054509999999999 0.09539900000000001 1.407899 14.124229 15.648779 20.199979 21.281129 26.793889
220 -1.609051 -0.4132309999999999 -0.03992099999999987 1.267559 14.487909 15.844819 19.818159 21.164119 26.784249
221 -1.516931 -0.318341 -0.17210100000000006 1.130849 14.855179 16.025249000000002 19.434289 21.052979 26.775739
222 -1.421761 -0.3011710000000001 -0.22109099999999993 0.998119 15.225779 16.186919 19.048989 20.950519 26.768439
223 -1.323521 -0.4271210000000001 -0.12207100000000004 0.870019 15.599479 16.326399000000002 18.662819 20.859889 26.762389
224 -1.2222309999999998 -0.5499709999999998 -0.022561000000000053 0.747849 15.976019 16.440069 18.276309 20.784489 26.757629
225 -1.1178810000000001 -0.669721 0.07416899999999993 0.6349090000000001 16.355089 16.524409 17.889949 20.727629 26.754209
226 -1.0104509999999998 -0.786381 0.157999 0.5413589999999999 16.576329 16.736429 17.504229000000002 20.692189 26.752149
227 -0.900061 -0.899851 0.19709900000000014 0.49899899999999997 16.593899 17.117769000000003 17.121399 20.680159 26.751459
228 -0.9726509999999999 -0.842851 0.18506899999999993 0.5319990000000001 16.556418999999998 16.895989 17.373519 20.686309 26.749719
229 -1.042681 -0.8165610000000001 0.14756900000000006 0.629349 16.385389 16.792329000000002 17.627789 20.703609 26.744259
230 -1.110051 -0.8141409999999998 0.09547900000000009 0.773259 16.119199000000002 16.771698999999998 17.882219 20.730549 26.734709
231 -1.1747709999999998 -0.8282409999999998 0.037919000000000036 0.947229 15.824099 16.769229 18.136659 20.765699 26.720709
232 -1.236821 -0.8530310000000001 -0.02090100000000006 1.141209 15.517589 16.768759 18.390919 20.807739 26.701929
233 -1.296221 -0.8843909999999999 -0.07910099999999987 1.349189 15.204669 16.766548999999998 18.644799 20.855429 26.678019
234 -1.352961 -0.9195509999999998 -0.13580100000000006 1.567449 14.887409 16.761719 18.898089 20.907629 26.648659
235 -1.407031 -0.9566810000000001 -0.19050100000000003 1.793619 14.567009 16.754258999999998 19.150569 20.963249 26.613569
236 -1.4584510000000002 -0.9945309999999998 -0.242931 2.026119 14.244259 16.744429 19.402029 21.021319 26.572479
237 -1.507221 -1.032241 -0.2929409999999999 2.263809 13.919859 16.732609 19.652179 21.080909 26.525159
238 -1.553341 -1.0692409999999999 -0.340411 2.505909 13.594409 16.719239 19.900749 21.141199 26.471429
239 -1.5968010000000001 -1.1050909999999998 -0.385281 2.751729 13.268519 16.704719 20.147389 21.201429 26.411159
240 -1.6376209999999998 -1.139481 -0.4275009999999999 3.000709 12.942809 16.689459 20.391729 21.260899 26.344289
241 -1.6757810000000002 -1.1721909999999998 -0.467031 3.2523090000000003 12.617939 16.673799000000002 20.633319 21.318999 26.270819
242 -1.7113010000000002 -1.2030409999999998 -0.5038710000000002 3.505999 12.294619 16.658059 20.871669 21.375189 26.190859
243 -1.7441809999999998 -1.2319010000000001 -0.5379909999999999 3.761129 11.973689 16.642519 21.106169 21.428979 26.104619
244 -1.7744209999999998 -1.258671 -0.569391 4.016989000000001 11.656109 16.627449 21.335969 21.480039 26.012439
245 -1.8020209999999999 -1.2832910000000002 -0.598061 4.272639 11.343039 16.613069 21.525719 21.562489 25.914869
246 -1.826981 -1.305691 -0.6240009999999998 4.526869 11.035969 16.599569000000002 21.570989 21.779309 25.812659
247 -1.8493110000000001 -1.325821 -0.6472009999999999 4.778089 10.736689 16.587099000000002 21.611209 21.989459 25.706889
248 -1.869011 -1.3436409999999999 -0.667681 5.024079 10.447679 16.575779 21.647189 22.190099 25.599049
249 -1.8860709999999998 -1.359131 -0.6854209999999998 5.261789 10.172209 16.565779 21.678779 22.378889 25.491159
250 -1.9005109999999998 -1.372271 -0.700431 5.486879 9.914799 16.557149000000003 21.705799 22.552809 25.386059
251 -1.912321 -1.383041 -0.712701 5.693279 9.681699 16.549999 21.728099 22.707879 25.287539
252 -1.9215010000000001 -1.391441 -0.722251 5.872679 9.481389 16.544389000000002 21.745569 22.838929 25.200589
253 -1.928061 -1.397431 -0.7290709999999998 6.014379 9.324659 16.540329 21.758109 22.939809 25.131319
254 -1.932001 -1.4010310000000001 -0.733161 6.106349 9.223628999999999 16.537879 21.765659 23.003929 25.086199
255 -1.9333109999999998 -1.402231 -0.734521 6.1383790000000005 9.188579 16.537059 21.768179 23.025979 25.070479
