1 -2.8387 1.8003 1.8003 1.8003 3.1793
2 -2.8367 1.7993 1.7993 1.8013 3.1743
3 -2.8317 1.7973 1.7973 1.8033 3.1583
4 -2.8237 1.7943 1.7943 1.8073 3.1343
5 -2.8137 1.7893 1.7893 1.8123 3.1003
6 -2.7987 1.7833 1.7833 1.8193 3.0593
7 -2.7817 1.7763 1.7763 1.8273 3.0113
8 -2.7617 1.7683 1.7683 1.8363 2.9573
9 -2.7387 1.7603 1.7603 1.8473 2.8973
10 -2.7127 1.7503 1.7503 1.8603 2.8333
11 -2.6837 1.7403 1.7403 1.8743 2.7663
12 -2.6517 1.7303 1.7303 1.8903 2.6963
13 -2.6167 1.7193 1.7193 1.9073 2.6233
14 -2.5797 1.7083 1.7083 1.9253 2.5493
15 -2.5387 1.6983 1.6983 1.9453 2.4733
16 -2.4957 1.6873 1.6873 1.9663 2.3953
17 -2.4507 1.6773 1.6773 1.9893 2.3173
18 -2.4027 1.6683 1.6683 2.0133 2.2393
19 -2.3517 1.6593 1.6593 2.0383 2.1603
20 -2.2997 1.6513 1.6513 2.0653 2.0803
21 -2.2437 1.6443 1.6443 2.0013 2.0933
22 -2.1867 1.6383 1.6383 1.9223 2.1233
23 -2.1277 1.6333 1.6333 1.8433 2.1543
24 -2.0667 1.6293 1.6293 1.7643 2.1863
25 -2.0037 1.6273 1.6273 1.6863 2.2203
26 -1.9397 1.6093 1.6263 1.6263 2.2553
27 -1.8737 1.5323 1.6263 1.6263 2.2913
28 -1.8057 1.4573 1.6283 1.6283 2.3293
29 -1.7367 1.3823 1.6323 1.6323 2.3673
30 -1.6677 1.3083 1.6383 1.6383 2.4073
31 -1.5967 1.2343 1.6453 1.6453 2.4493
32 -1.5257 1.1623 1.6543 1.6543 2.4913
33 -1.4537 1.0913 1.6653 1.6653 2.5353
34 -1.3817 1.0223 1.6783 1.6783 2.5793
35 -1.3097 0.9533 1.6933 1.6933 2.6253
36 -1.2377 0.8853 1.7103 1.7103 2.6723
37 -1.1667 0.8193 1.7293 1.7293 2.7203
38 -1.0957 0.7543 1.7503 1.7503 2.7693
39 -1.0257 0.6913 1.7733 1.7733 2.8193
40 -0.9577 0.6293 1.7993 1.7993 2.8703
41 -0.8917 0.5683 1.8263 1.8263 2.9223
42 -0.8277 0.5093 1.8553 1.8553 2.9753
43 -0.7657 0.4513 1.8873 1.8873 3.0293
44 -0.7067 0.3943 1.9203 1.9203 3.0833
45 -0.6507 0.3393 1.9563 1.9563 3.1393
46 -0.5987 0.2863 1.9943 1.9943 3.0823
47 -0.5507 0.2343 2.0343 2.0343 3.0403
48 -0.5067 0.1833 2.0773 2.0773 3.0053
49 -0.4677 0.1353 2.1213 2.1213 2.9753
50 -0.4337 0.0873 2.1673 2.1673 2.9533
51 -0.4057 0.0423 2.2163 2.2163 2.9383
52 -0.3817 -0.0017 2.2673 2.2673 2.9303
53 -0.3627 -0.0447 2.3193 2.3193 2.9303
54 -0.3497 -0.0847 2.3743 2.3743 2.9373
55 -0.3407 -0.1237 2.4313 2.4313 2.9513
56 -0.3367 -0.1617 2.4893 2.4893 2.9723
57 -0.3367 -0.1967 2.5503 2.5503 2.9993
58 -0.3397 -0.2317 2.6133 2.6133 3.0333
59 -0.3467 -0.2637 2.6773 2.6773 3.0713
60 -0.3567 -0.2947 2.7433 2.7433 3.1143
61 -0.3677 -0.3237 2.8113 2.8113 3.1623
62 -0.3817 -0.3507 2.8803 2.8803 3.2123
63 -0.3967 -0.3757 2.9513 2.9513 3.2653
64 -0.4117 -0.3997 3.0233 3.0233 3.3193
65 -0.4287 -0.4217 3.0963 3.0963 3.3743
66 -0.4447 -0.4417 3.1703 3.1703 3.4303
67 -0.4607 -0.4597 3.2453 3.2453 3.4853
68 -0.4777 -0.4757 3.3203 3.3203 3.5383
69 -0.4927 -0.4897 3.3943 3.3943 3.5883
70 -0.5057 -0.5027 3.4683 3.4683 3.6363
71 -0.5167 -0.5147 3.5403 3.5403 3.6793
72 -0.5267 -0.5247 3.6093 3.6093 3.7183
73 -0.5347 -0.5337 3.6723 3.6723 3.7503
74 -0.5407 -0.5397 3.7283 3.7283 3.7763
75 -0.5457 -0.5447 3.7723 3.7723 3.7963
76 -0.5477 -0.5477 3.8013 3.8013 3.8073
77 -0.5487 -0.5487 3.8113 3.8113 3.8113
78 -0.5477 -0.5477 3.7973 3.8013 3.8123
79 -0.5457 -0.5457 3.7563 3.7723 3.8133
80 -0.5407 -0.5407 3.6943 3.7273 3.8153
81 -0.5347 -0.5337 3.6163 3.6683 3.8193
82 -0.5267 -0.5247 3.5273 3.6003 3.8233
83 -0.5167 -0.5147 3.4313 3.5243 3.8283
84 -0.5057 -0.5027 3.3303 3.4433 3.8333
85 -0.4927 -0.4877 3.2263 3.3593 3.8403
86 -0.4787 -0.4717 3.1213 3.2713 3.8473
87 -0.4637 -0.4537 3.0143 3.1813 3.8553
88 -0.4467 -0.4347 2.9083 3.0913 3.8643
89 -0.4297 -0.4127 2.8033 2.9993 3.8733
90 -0.4117 -0.3897 2.7003 2.9073 3.8833
91 -0.3927 -0.3647 2.6003 2.8163 3.8933
92 -0.3737 -0.3377 2.5023 2.7243 3.9033
93 -0.3547 -0.3097 2.4073 2.6333 3.9143
94 -0.3367 -0.2797 2.3173 2.5433 3.9253
95 -0.3187 -0.2487 2.2323 2.4543 3.9363
96 -0.3017 -0.2157 2.1513 2.3663 3.9463
97 -0.2867 -0.1807 2.0773 2.2803 3.9573
98 -0.2747 -0.1447 2.0093 2.1943 3.9673
99 -0.2647 -0.1077 1.9493 2.1113 3.9773
100 -0.2577 -0.0697 1.8963 2.0293 3.9863
101 -0.2547 -0.0297 1.8523 1.9483 3.9953
102 -0.2557 0.0113 1.8163 1.8703 4.0023
103 -0.2607 0.0533 1.7903 1.7943 4.0093
104 -0.2697 0.0963 1.7193 1.7733 4.0143
105 -0.2837 0.1393 1.6473 1.7653 4.0183
106 -0.3027 0.1843 1.5773 1.7663 4.0213
107 -0.3247 0.2293 1.5093 1.7773 4.0223
108 -0.3507 0.2753 1.4433 1.7963 4.0213
109 -0.3797 0.3213 1.3803 1.8233 4.0183
110 -0.4117 0.3683 1.3193 1.8583 4.0133
111 -0.4447 0.4143 1.2613 1.8993 4.0063
112 -0.4797 0.4613 1.2053 1.9473 3.9983
113 -0.5157 0.5073 1.1523 2.0013 3.9873
114 -0.5517 0.5543 1.1023 2.0603 3.9753
115 -0.5867 0.5993 1.0543 2.1233 3.9603
116 -0.6227 0.6443 1.0093 2.1903 3.9453
117 -0.6567 0.6883 0.9663 2.2613 3.9273
118 -0.6897 0.7313 0.9273 2.3343 3.9093
119 -0.7217 0.7723 0.8903 2.4103 3.8903
120 -0.7517 0.8113 0.8563 2.4883 3.8703
121 -0.7797 0.8253 0.8493 2.5673 3.8503
122 -0.8047 0.7963 0.8843 2.6463 3.8313
123 -0.8287 0.7713 0.9163 2.7253 3.8123
124 -0.8497 0.7493 0.9463 2.8023 3.7943
125 -0.8677 0.7293 0.9723 2.8773 3.7783
126 -0.8837 0.7133 0.9953 2.9473 3.7633
127 -0.8967 0.6993 1.0143 3.0103 3.7513
128 -0.9067 0.6893 1.0293 3.0633 3.7413
129 -0.9137 0.6813 1.0403 3.1053 3.7333
130 -0.9177 0.6773 1.0463 3.1313 3.7293
131 -0.9197 0.6753 1.0483 3.1403 3.7273
132 -0.9207 0.6763 1.0463 3.1413 3.7243
133 -0.9237 0.6783 1.0403 3.1433 3.7153
134 -0.9277 0.6813 1.0313 3.1473 3.7003
135 -0.9347 0.6863 1.0183 3.1513 3.6803
136 -0.9437 0.6923 1.0023 3.1563 3.6563
137 -0.9557 0.7003 0.9843 3.1613 3.6303
138 -0.9697 0.7093 0.9653 3.1653 3.6023
139 -0.9857 0.7193 0.9463 3.1693 3.5733
140 -1.0057 0.7303 0.9263 3.1713 3.5433
141 -1.0277 0.7433 0.9083 3.1723 3.5133
142 -1.0537 0.7573 0.8913 3.1703 3.4833
143 -1.0837 0.7723 0.8763 3.1673 3.4533
144 -1.1157 0.7893 0.8643 3.1613 3.4243
145 -1.1527 0.8063 0.8553 3.1523 3.3963
146 -1.1917 0.8253 0.8503 3.1423 3.3703
147 -1.2357 0.8453 0.8493 3.1293 3.3443
148 -1.2817 0.8513 0.8673 3.1143 3.3193
149 -1.3307 0.8583 0.8893 3.0973 3.2963
150 -1.3827 0.8693 0.9133 3.0793 3.2743
151 -1.4367 0.8843 0.9373 3.0603 3.2533
152 -1.4927 0.9023 0.9633 3.0403 3.2343
153 -1.5497 0.9243 0.9893 3.0183 3.2163
154 -1.6087 0.9503 1.0173 2.9973 3.1843
155 -1.6687 0.9793 1.0453 2.9763 3.1013
156 -1.7297 1.0103 1.0743 2.9543 3.0203
157 -1.7907 1.0453 1.1043 2.9333 2.9423
158 -1.8517 1.0813 1.1343 2.8653 2.9133
159 -1.9127 1.1203 1.1663 2.7913 2.8943
160 -1.9727 1.1603 1.1973 2.7193 2.8763
161 -2.0327 1.2023 1.2303 2.6493 2.8603
162 -2.0907 1.2453 1.2623 2.5823 2.8463
163 -2.1487 1.2883 1.2953 2.5173 2.8343
164 -2.2047 1.3283 1.3323 2.4553 2.8243
165 -2.2587 1.3613 1.3763 2.3963 2.8173
166 -2.3117 1.3943 1.4183 2.3393 2.8143
167 -2.3617 1.4273 1.4603 2.2853 2.8133
168 -2.4107 1.4593 1.5013 2.2333 2.8163
169 -2.4577 1.4913 1.5393 2.1853 2.8233
170 -2.5017 1.5233 1.5753 2.1393 2.8343
171 -2.5437 1.5533 1.6093 2.0953 2.8493
172 -2.5827 1.5833 1.6403 2.0553 2.8683
173 -2.6197 1.6123 1.6683 2.0183 2.8903
174 -2.6537 1.6393 1.6923 1.9833 2.9163
175 -2.6857 1.6653 1.7143 1.9523 2.9453
176 -2.7137 1.6893 1.7333 1.9233 2.9753
177 -2.7397 1.7113 1.7493 1.8973 3.0073
178 -2.7627 1.7313 1.7623 1.8743 3.0393
179 -2.7827 1.7493 1.7733 1.8553 3.0713
180 -2.7997 1.7643 1.7823 1.8383 3.1003
181 -2.8137 1.7773 1.7883 1.8243 3.1263
182 -2.8247 1.7873 1.7943 1.8143 3.1483
183 -2.8317 1.7943 1.7973 1.8063 3.1653
184 -2.8367 1.7993 1.7993 1.8023 3.1763
185 -2.8387 1.8003 1.8003 1.8003 3.1793
186 -2.8367 1.7993 1.7993 1.8023 3.1773
187 -2.8327 1.7963 1.7963 1.8063 3.1723
188 -2.8257 1.7903 1.7903 1.8143 3.1633
189 -2.8157 1.7833 1.7833 1.8253 3.1523
190 -2.8037 1.7733 1.7733 1.8403 3.1393
191 -2.7887 1.7603 1.7603 1.8573 3.1243
192 -2.7707 1.7463 1.7463 1.8783 3.1083
193 -2.7507 1.7293 1.7293 1.9023 3.0913
194 -2.7277 1.7093 1.7093 1.9293 3.0753
195 -2.7017 1.6883 1.6883 1.9593 3.0593
196 -2.6737 1.6643 1.6643 1.9923 3.0443
197 -2.6427 1.6373 1.6373 2.0293 3.0313
198 -2.6097 1.6093 1.6093 2.0683 3.0193
199 -2.5747 1.5783 1.5783 2.1113 3.0093
200 -2.5367 1.5463 1.5463 2.1573 3.0013
201 -2.4967 1.5123 1.5123 2.2063 2.9963
202 -2.4547 1.4763 1.4763 2.2573 2.9923
203 -2.4097 1.4393 1.4393 2.3123 2.9913
204 -2.3637 1.4013 1.4013 2.3703 2.9923
205 -2.3147 1.3623 1.3623 2.4313 2.9953
206 -2.2647 1.3233 1.3233 2.4943 3.0003
207 -2.2127 1.2833 1.2833 2.5603 3.0073
208 -2.1587 1.2423 1.2423 2.6303 3.0163
209 -2.1027 1.2023 1.2023 2.7013 3.0263
210 -2.0457 1.1623 1.1623 2.7763 3.0393
211 -1.9867 1.1223 1.1223 2.8533 3.0523
212 -1.9257 1.0823 1.0823 2.9323 3.0673
213 -1.8647 1.0433 1.0433 3.0143 3.0843
214 -1.8007 1.0053 1.0053 3.0973 3.1013
215 -1.7367 0.9673 0.9673 3.1203 3.1203
216 -1.6717 0.9303 0.9303 3.1403 3.1403
217 -1.6047 0.8953 0.8953 3.1613 3.1613
218 -1.5367 0.8603 0.8603 3.1823 3.1823
219 -1.4687 0.8273 0.8273 3.2043 3.2043
220 -1.3997 0.7943 0.7943 3.2273 3.2273
221 -1.3287 0.7633 0.7633 3.2503 3.2503
222 -1.2587 0.7333 0.7333 3.2743 3.2743
223 -1.1867 0.7043 0.7043 3.2993 3.2993
224 -1.1147 0.6773 0.6773 3.3233 3.3233
225 -1.0427 0.6513 0.6513 3.3483 3.3483
226 -0.9707 0.6273 0.6273 3.3733 3.3733
227 -0.8977 0.6033 0.6033 3.3983 3.3983
228 -0.8247 0.5823 0.5823 3.4223 3.4223
229 -0.7517 0.5613 0.5613 3.4473 3.4473
230 -0.6797 0.5423 0.5423 3.4723 3.4723
231 -0.6067 0.5253 0.5253 3.4963 3.4963
232 -0.5347 0.5083 0.5083 3.5193 3.5193
233 -0.4637 0.4933 0.4933 3.5433 3.5433
234 -0.3927 0.4803 0.4803 3.5653 3.5653
235 -0.3237 0.4683 0.4683 3.5873 3.5873
236 -0.2547 0.4573 0.4573 3.6093 3.6093
237 -0.1877 0.4473 0.4473 3.6293 3.6293
238 -0.1227 0.4383 0.4383 3.6493 3.6493
239 -0.0597 0.4313 0.4313 3.6683 3.6683
240 0.0023 0.4253 0.4253 3.6863 3.6863
241 0.0603 0.4203 0.4203 3.7033 3.7033
242 0.1163 0.4163 0.4163 3.7193 3.7193
243 0.1693 0.4133 0.4133 3.7343 3.7343
244 0.2183 0.4113 0.4113 3.7473 3.7473
245 0.2633 0.4103 0.4103 3.7603 3.7603
246 0.3043 0.4103 0.4103 3.7113 3.7723
247 0.3403 0.4103 0.4103 3.6493 3.7823
248 0.3713 0.4113 0.4113 3.5923 3.7923
249 0.3963 0.4133 0.4133 3.5433 3.8003
250 0.4163 0.4163 0.4163 3.5013 3.8073
251 0.4193 0.4193 0.4313 3.4673 3.8133
252 0.4223 0.4223 0.4403 3.4413 3.8173
253 0.4263 0.4263 0.4433 3.4233 3.8213
254 0.4303 0.4303 0.4413 3.4123 3.8233
255 0.4353 0.4353 0.4353 3.4093 3.8243
