1 -15.7353 2.5647 2.5647 2.5647 12.4087 12.4717 12.4717
2 -15.7333 2.5577 2.5607 2.5607 12.4167 12.4717 12.4717
3 -15.7273 2.5367 2.5507 2.5507 12.4377 12.4687 12.4687
4 -15.7173 2.5027 2.5337 2.5337 12.4657 12.4657 12.4717
5 -15.7043 2.4547 2.5107 2.5107 12.4427 12.4427 12.5057
6 -15.6873 2.3947 2.4807 2.4807 12.4377 12.4377 12.5247
7 -15.6653 2.3227 2.4437 2.4437 12.3837 12.3837 12.5487
8 -15.6413 2.2397 2.4007 2.4007 12.3777 12.3777 12.5767
9 -15.6123 2.1467 2.3517 2.3517 12.3727 12.3727 12.6087
10 -15.5793 2.0447 2.2977 2.2977 12.3697 12.3697 12.6457
11 -15.5433 1.9337 2.2367 2.2367 12.3677 12.3677 12.6867
12 -15.5033 1.8147 2.1707 2.1707 12.3687 12.3687 12.7317
13 -15.4593 1.6897 2.0987 2.0987 12.3717 12.3717 12.7807
14 -15.4123 1.5587 2.0227 2.0227 12.3787 12.3787 12.8347
15 -15.3613 1.4217 1.9407 1.9407 12.3887 12.3887 12.8927
16 -15.3063 1.2807 1.8547 1.8547 12.4037 12.4037 12.9547
17 -15.2473 1.1367 1.7647 1.7647 12.4227 12.4227 12.7607
18 -15.1853 0.9887 1.6707 1.6707 12.4457 12.4457 12.5137
19 -15.1203 0.8387 1.5717 1.5717 12.1847 12.4627 12.4627
20 -15.0513 0.6877 1.4707 1.4707 11.9427 12.4967 12.4967
21 -14.9783 0.5347 1.3657 1.3657 11.7037 12.5357 12.5357
22 -14.9023 0.3807 1.2587 1.2587 11.4667 12.5797 12.5797
23 -14.8223 0.2267 1.1497 1.1497 11.2327 12.6297 12.6297
24 -14.7393 0.0727 1.0387 1.0387 11.0017 12.6857 12.6857
25 -14.6533 -0.0813 0.9237 0.9237 10.7687 12.7177 12.7177
26 -14.5643 -0.2343 0.8087 0.8087 10.5447 12.7837 12.7837
27 -14.4713 -0.3863 0.6927 0.6927 10.3237 12.8557 12.8557
28 -14.3753 -0.5363 0.5757 0.5757 10.1057 12.9327 12.9327
29 -14.2763 -0.6853 0.4577 0.4577 9.8927 13.0157 13.0157
30 -14.1753 -0.8323 0.3387 0.3387 9.6827 13.1037 13.1037
31 -14.0703 -0.9773 0.2207 0.2207 9.4757 13.1977 13.1977
32 -13.9623 -1.1193 0.1017 0.1017 9.2737 13.2977 13.2977
33 -13.8523 -1.2583 -0.0163 -0.0163 9.0757 13.4017 13.4017
34 -13.7403 -1.3953 -0.1343 -0.1343 8.8817 13.5117 13.5117
35 -13.6243 -1.5293 -0.2513 -0.2513 8.6917 13.6277 13.6277
36 -13.5073 -1.6593 -0.3683 -0.3683 8.5057 13.7477 13.7477
37 -13.3873 -1.7863 -0.4833 -0.4833 8.3237 13.7187 13.8737
38 -13.2653 -1.9093 -0.5973 -0.5973 8.1457 13.5587 14.0047
39 -13.1413 -2.0293 -0.7103 -0.7103 7.9727 13.3777 14.1407
40 -13.0153 -2.1443 -0.8223 -0.8223 7.8037 13.1787 14.2817
41 -12.8883 -2.2563 -0.9323 -0.9323 7.6387 12.9607 14.4277
42 -12.7603 -2.3633 -1.0403 -1.0403 7.4787 12.7267 14.5787
43 -12.6293 -2.4633 -1.1453 -1.1453 7.3237 12.5207 14.7967
44 -12.4993 -2.5613 -1.2493 -1.2493 7.1717 12.2567 14.9567
45 -12.3673 -2.6543 -1.3513 -1.3513 7.0247 11.9817 15.1207
46 -12.2353 -2.7433 -1.4513 -1.4513 6.8817 11.6967 15.2907
47 -12.1033 -2.8263 -1.5483 -1.5483 6.7427 11.4037 15.4647
48 -11.9703 -2.9043 -1.6433 -1.6433 6.6087 11.1037 15.6427
49 -11.8383 -2.9763 -1.7353 -1.7353 6.4787 10.7997 15.8257
50 -11.7073 -3.0433 -1.8253 -1.8253 6.3537 10.4917 16.0137
51 -11.5763 -3.1033 -1.9123 -1.9123 6.2327 10.1817 16.2057
52 -11.4473 -3.1593 -1.9963 -1.9963 6.1167 9.8717 16.4017
53 -11.3193 -3.2083 -2.0783 -2.0783 6.0047 9.5607 16.6017
54 -11.1943 -3.2503 -2.1563 -2.1563 5.8977 9.2517 16.8067
55 -11.0703 -3.2873 -2.2323 -2.2323 5.7947 8.9457 17.0147
56 -10.9503 -3.3173 -2.3053 -2.3053 5.6967 8.6417 17.2277
57 -10.8333 -3.3423 -2.3743 -2.3743 5.6027 8.3427 17.4437
58 -10.7193 -3.3603 -2.4423 -2.4423 5.4807 8.0407 17.6407
59 -10.6093 -3.3713 -2.5053 -2.5053 5.4077 7.7547 17.9557
60 -10.5033 -3.3763 -2.5653 -2.5653 5.3277 7.4737 18.1827
61 -10.4023 -3.3763 -2.6223 -2.6223 5.2517 7.1997 18.4127
62 -10.3063 -3.3703 -2.6763 -2.6763 5.1807 6.9347 18.6457
63 -10.2153 -3.3593 -2.7263 -2.7263 5.1137 6.6797 18.8817
64 -10.1303 -3.3443 -2.7733 -2.7733 5.0517 6.4357 19.1197
65 -10.0503 -3.3243 -2.8163 -2.8163 4.9947 6.2027 19.3597
66 -9.9763 -3.3003 -2.8573 -2.8573 4.9417 5.9817 19.6007
67 -9.9093 -3.2753 -2.8943 -2.8943 4.8877 5.7737 19.7537
68 -9.8483 -3.2473 -2.9283 -2.9283 4.8437 5.5827 19.9897
69 -9.7933 -3.2183 -2.9573 -2.9573 4.8047 5.4067 20.2227
70 -9.7443 -3.1893 -2.9843 -2.9843 4.7707 5.2437 20.3827
71 -9.7023 -3.1623 -3.0073 -3.0073 4.7407 5.1027 20.5977
72 -9.6663 -3.1363 -3.0263 -3.0263 4.7147 4.9417 20.7827
73 -9.6373 -3.1143 -3.0423 -3.0423 4.6937 4.8407 20.9657
74 -9.6143 -3.0953 -3.0543 -3.0543 4.6777 4.7607 21.1227
75 -9.5983 -3.0823 -3.0633 -3.0633 4.6667 4.7037 21.2447
76 -9.5883 -3.0733 -3.0693 -3.0693 4.6597 4.6687 21.3237
77 -9.5853 -3.0703 -3.0703 -3.0703 4.6577 4.6577 21.3507
78 -9.5883 -3.0763 -3.0693 -3.0663 4.6617 4.6667 21.3127
79 -9.5983 -3.0913 -3.0633 -3.0543 4.6757 4.6937 21.2037
80 -9.6143 -3.1163 -3.0553 -3.0343 4.6987 4.7397 21.0337
81 -9.6363 -3.1513 -3.0423 -3.0063 4.7307 4.8027 20.8177
82 -9.6633 -3.1963 -3.0273 -2.9703 4.7717 4.8837 20.5657
83 -9.6973 -3.2483 -3.0083 -2.9273 4.8217 4.9797 20.2877
84 -9.7363 -3.3093 -2.9853 -2.8763 4.8877 5.1107 20.0767
85 -9.7793 -3.3763 -2.9583 -2.8193 4.9657 5.2697 19.8287
86 -9.8283 -3.4503 -2.9293 -2.7553 5.0417 5.4117 19.4987
87 -9.8803 -3.5303 -2.8963 -2.6863 5.1257 5.5667 19.1647
88 -9.9363 -3.6143 -2.8603 -2.6113 5.2247 5.7497 18.8257
89 -9.9963 -3.7033 -2.8203 -2.5303 5.3257 5.9297 18.4857
90 -10.0583 -3.7943 -2.7783 -2.4453 5.4317 6.1217 18.1277
91 -10.1233 -3.8893 -2.7323 -2.3553 5.5477 6.3237 17.7867
92 -10.1903 -3.9863 -2.6823 -2.2603 5.6707 6.5367 17.4457
93 -10.2593 -4.0843 -2.6303 -2.1623 5.8017 6.7587 17.1057
94 -10.3293 -4.1833 -2.5753 -2.0603 5.9377 6.9897 16.7677
95 -10.4013 -4.2833 -2.5163 -1.9543 6.0807 7.2287 16.4327
96 -10.4733 -4.3833 -2.4553 -1.8453 6.2297 7.4757 16.0997
97 -10.5463 -4.4843 -2.3913 -1.7333 6.3797 7.7257 15.6947
98 -10.6193 -4.5833 -2.3243 -1.6183 6.5367 7.9877 15.3697
99 -10.6913 -4.6823 -2.2553 -1.5013 6.6977 8.2567 15.0477
100 -10.7643 -4.7793 -2.1823 -1.3813 6.8607 8.5317 14.7307
101 -10.8363 -4.8753 -2.1083 -1.2593 7.0257 8.8127 14.4167
102 -10.9073 -4.9703 -2.0313 -1.1363 7.1907 9.0997 14.1087
103 -10.9773 -5.0623 -1.9493 -1.0083 7.3967 9.3997 13.8317
104 -11.0463 -5.1523 -1.8683 -0.8803 7.5577 9.6977 13.5337
105 -11.1143 -5.2413 -1.7853 -0.7523 7.7137 10.0007 13.2397
106 -11.1803 -5.3263 -1.7003 -0.6213 7.8637 10.3097 12.9517
107 -11.2453 -5.4103 -1.6143 -0.4903 8.0047 10.6227 12.6707
108 -11.3073 -5.4903 -1.5273 -0.3583 8.1347 10.9397 12.3947
109 -11.3683 -5.5683 -1.4383 -0.2253 8.2497 11.2617 12.1257
110 -11.4273 -5.6443 -1.3493 -0.0923 8.3457 11.5717 11.8487
111 -11.4843 -5.7163 -1.2593 0.0407 8.4257 11.5937 11.9007
112 -11.5393 -5.7843 -1.1693 0.1747 8.4837 11.3467 12.2327
113 -11.5913 -5.8503 -1.0793 0.3077 8.5197 11.1077 12.5687
114 -11.6413 -5.9133 -0.9903 0.4397 8.5337 10.8767 12.9077
115 -11.6883 -5.9723 -0.9023 0.5707 8.5257 10.6547 13.2487
116 -11.7333 -6.0283 -0.8153 0.6997 8.4987 10.4427 13.5937
117 -11.7753 -6.0813 -0.7293 0.8267 8.4527 10.2057 13.9097
118 -11.8153 -6.1303 -0.6463 0.9507 8.3937 10.0137 14.2567
119 -11.8523 -6.1763 -0.5663 1.0717 8.3217 9.8317 14.6057
120 -11.8863 -6.2183 -0.4893 1.1887 8.2427 9.6617 14.9567
121 -11.9173 -6.2573 -0.4163 1.2997 8.1577 9.5027 15.2947
122 -11.9453 -6.2923 -0.3483 1.4057 8.0707 9.3567 15.5417
123 -11.9703 -6.3233 -0.2853 1.5047 7.9857 9.2247 15.8577
124 -11.9933 -6.3513 -0.2273 1.5957 7.9027 9.1057 16.1267
125 -12.0133 -6.3753 -0.1763 1.6767 7.8257 9.0017 16.4017
126 -12.0293 -6.3953 -0.1323 1.7487 7.7567 8.9127 16.6757
127 -12.0433 -6.4123 -0.0953 1.8087 7.6967 8.8347 16.9197
128 -12.0543 -6.4253 -0.0653 1.8567 7.6487 8.7767 17.1677
129 -12.0613 -6.4343 -0.0443 1.8917 7.6137 8.7347 17.3787
130 -12.0663 -6.4403 -0.0313 1.9127 7.5917 8.7097 17.5277
131 -12.0673 -6.4423 -0.0273 1.9197 7.5847 8.7017 17.5817
132 -12.0743 -6.4323 -0.0253 1.9207 7.5877 8.7037 17.5737
133 -12.0933 -6.4033 -0.0203 1.9227 7.5957 8.7127 17.5817
134 -12.1253 -6.3563 -0.0133 1.9257 7.6097 8.7227 17.5427
135 -12.1683 -6.2903 -0.0023 1.9287 7.6287 8.7367 17.4897
136 -12.2233 -6.2083 0.0127 1.9337 7.6527 8.7547 17.4237
137 -12.2883 -6.1093 0.0297 1.9407 7.6827 8.7767 17.3487
138 -12.3613 -5.9963 0.0497 1.9477 7.7177 8.8027 17.2637
139 -12.4423 -5.8693 0.0727 1.9557 7.7587 8.8317 17.1707
140 -12.5303 -5.7283 0.0997 1.9647 7.8047 8.8657 17.0727
141 -12.6233 -5.5773 0.1287 1.9747 7.8477 8.8977 16.9627
142 -12.7213 -5.4153 0.1607 1.9857 7.9047 8.9387 16.8557
143 -12.8233 -5.2423 0.1967 1.9977 7.9737 8.9837 16.7517
144 -12.9283 -5.0623 0.2347 2.0107 8.0417 9.0327 16.6397
145 -13.0353 -4.8743 0.2757 2.0247 8.1147 9.0857 16.5267
146 -13.1433 -4.6793 0.3197 2.0387 8.1927 9.1417 16.4127
147 -13.2523 -4.4773 0.3657 2.0537 8.2767 9.2017 16.2997
148 -13.3623 -4.2703 0.4157 2.0697 8.3657 9.2657 16.1867
149 -13.4723 -4.0573 0.4667 2.0857 8.4287 9.3317 16.0677
150 -13.5813 -3.8403 0.5217 2.1027 8.5277 9.4327 15.9617
151 -13.6893 -3.6193 0.5787 2.1207 8.6317 9.5067 15.8527
152 -13.7973 -3.3943 0.6377 2.1377 8.7407 9.5837 15.7467
153 -13.9023 -3.1663 0.6987 2.1557 8.8547 9.6637 15.6427
154 -14.0063 -2.9363 0.7627 2.1747 8.9737 9.7477 15.5417
155 -14.1093 -2.7033 0.8277 2.1927 9.0977 9.8347 15.4437
156 -14.2093 -2.4693 0.8947 2.2117 9.2267 9.9237 15.3487
157 -14.3063 -2.2333 0.9647 2.2307 9.3597 10.0167 15.2567
158 -14.4013 -1.9963 1.0347 2.2497 9.4977 10.1117 15.1697
159 -14.4943 -1.7593 1.1067 2.2677 9.6397 10.2087 15.0857
160 -14.5843 -1.5223 1.1807 2.2867 9.7857 10.3087 15.0057
161 -14.6713 -1.2853 1.2547 2.3057 9.9347 10.4117 14.9297
162 -14.7553 -1.0493 1.3297 2.3237 10.0867 10.5157 14.8587
163 -14.8363 -0.8123 1.4057 2.3417 10.2677 10.6207 14.7917
164 -14.9143 -0.5803 1.4817 2.3587 10.4247 10.7287 14.7267
165 -14.9883 -0.3493 1.5577 2.3767 10.5807 10.8367 14.6577
166 -15.0603 -0.1213 1.6337 2.3927 10.7397 10.9457 14.5917
167 -15.1283 0.1027 1.7097 2.4087 10.8977 11.0547 14.4837
168 -15.1923 0.3217 1.7847 2.4247 11.0547 11.1647 14.2767
169 -15.2533 0.5367 1.8587 2.4397 11.2077 11.2737 14.0777
170 -15.3113 0.7467 1.9307 2.4537 11.3567 11.3817 13.8867
171 -15.3653 0.9487 2.0007 2.4677 11.4877 11.4997 13.7057
172 -15.4163 1.1447 2.0687 2.4797 11.5927 11.6357 13.5347
173 -15.4623 1.3317 2.1337 2.4917 11.6937 11.7617 13.3737
174 -15.5063 1.5107 2.1967 2.5037 11.7927 11.8787 13.2407
175 -15.5453 1.6787 2.2557 2.5137 11.8867 11.9817 13.1017
176 -15.5813 1.8347 2.3107 2.5227 11.9747 12.0727 12.9737
177 -15.6133 1.9797 2.3607 2.5317 12.0577 12.1517 12.8587
178 -15.6413 2.1107 2.4077 2.5397 12.1987 12.2317 12.8047
179 -15.6663 2.2267 2.4477 2.5457 12.2667 12.2877 12.7147
180 -15.6873 2.3267 2.4827 2.5517 12.3257 12.3327 12.6377
181 -15.7043 2.4117 2.5117 2.5557 12.3807 12.3827 12.5697
182 -15.7173 2.4777 2.5347 2.5597 12.4207 12.4207 12.5157
183 -15.7273 2.5257 2.5507 2.5617 12.4267 12.4487 12.4797
184 -15.7333 2.5547 2.5607 2.5637 12.4157 12.4667 12.4717
185 -15.7353 2.5647 2.5647 2.5647 12.4087 12.4717 12.4717
186 -15.7333 2.5547 2.5627 2.5627 12.4147 12.4687 12.4687
187 -15.7283 2.5267 2.5587 2.5587 12.4277 12.4577 12.4577
188 -15.7193 2.4797 2.5527 2.5527 12.4387 12.4387 12.4417
189 -15.7073 2.4157 2.5437 2.5437 12.4127 12.4127 12.4567
190 -15.6923 2.3337 2.5317 2.5317 12.3497 12.3497 12.4597
191 -15.6733 2.2367 2.5167 2.5167 12.3077 12.3077 12.4777
192 -15.6513 2.1257 2.4987 2.4987 12.2577 12.2577 12.4997
193 -15.6263 2.0017 2.4777 2.4777 12.1717 12.1717 12.5227
194 -15.5973 1.8657 2.4537 2.4537 12.1077 12.1077 12.5507
195 -15.5653 1.7197 2.4267 2.4267 12.0377 12.0377 12.5817
196 -15.5303 1.5637 2.3957 2.3957 11.9617 11.9617 12.6157
197 -15.4923 1.4007 2.3617 2.3617 11.8827 11.8827 12.6527
198 -15.4503 1.2307 2.3247 2.3247 11.7987 11.7987 12.6927
199 -15.4043 1.0547 2.2827 2.2827 11.7137 11.7137 12.7357
200 -15.3563 0.8737 2.2377 2.2377 11.6267 11.6267 12.7827
201 -15.3053 0.6887 2.1877 2.1877 11.5377 11.5377 12.8247
202 -15.2503 0.5007 2.1347 2.1347 11.4527 11.4527 12.8767
203 -15.1923 0.3097 2.0767 2.0767 11.3687 11.3687 12.9317
204 -15.1313 0.1177 2.0137 2.0137 11.2887 11.2887 12.9897
205 -15.0673 -0.0763 1.9477 1.9477 11.2127 11.2127 13.0507
206 -15.0013 -0.2703 1.8757 1.8757 11.1417 11.1417 13.1147
207 -14.9313 -0.4643 1.8007 1.8007 11.0757 11.0757 13.1817
208 -14.8583 -0.6583 1.7207 1.7207 11.0157 11.0157 13.2507
209 -14.7833 -0.8513 1.6357 1.6357 10.9617 10.9617 13.3217
210 -14.7043 -1.0443 1.5467 1.5467 10.9157 10.9157 13.3967
211 -14.6233 -1.2343 1.4537 1.4537 10.8757 10.8757 13.4727
212 -14.5403 -1.4233 1.3567 1.3567 10.8487 10.8487 13.5517
213 -14.4543 -1.6103 1.2557 1.2557 10.8237 10.8237 13.6337
214 -14.3653 -1.7943 1.1517 1.1517 10.8067 10.8067 13.7167
215 -14.2753 -1.9773 1.0407 1.0407 10.7577 10.7577 13.7947
216 -14.1823 -2.1553 0.9287 0.9287 10.7547 10.7547 13.8817
217 -14.0863 -2.3313 0.8147 0.8147 10.7607 10.7607 13.9707
218 -13.9893 -2.5033 0.6977 0.6977 10.7737 10.7737 14.0607
219 -13.8913 -2.6713 0.5777 0.5777 10.7937 10.7937 14.1517
220 -13.7903 -2.8343 0.4557 0.4557 10.8207 10.8207 14.2447
221 -13.6883 -2.9943 0.3317 0.3317 10.8557 10.8557 14.3387
222 -13.5853 -3.1493 0.2057 0.2057 10.8967 10.8967 14.4327
223 -13.4803 -3.2993 0.0787 0.0787 10.9447 10.9447 14.5277
224 -13.3753 -3.4443 -0.0493 -0.0493 10.9987 10.9987 14.6227
225 -13.2683 -3.5833 -0.1783 -0.1783 11.0697 11.0697 14.7767
226 -13.1623 -3.7163 -0.3083 -0.3083 11.1327 11.1327 14.8477
227 -13.0553 -3.8443 -0.4383 -0.4383 11.2047 11.2047 14.9407
228 -12.9493 -3.9653 -0.5693 -0.5693 11.2817 11.2817 15.0317
229 -12.8433 -4.0793 -0.6993 -0.6993 11.3637 11.3637 15.1207
230 -12.7373 -4.1853 -0.8293 -0.8293 11.4507 11.4507 15.2077
231 -12.6333 -4.2853 -0.9593 -0.9593 11.5427 11.5427 15.2917
232 -12.5313 -4.3763 -1.0883 -1.0883 11.6397 11.6397 15.3727
233 -12.4303 -4.4593 -1.2163 -1.2163 11.7407 11.7407 15.4487
234 -12.3313 -4.5333 -1.3433 -1.3433 11.8457 11.8457 15.5207
235 -12.2363 -4.5983 -1.4693 -1.4693 11.9537 11.9537 15.5857
236 -12.1433 -4.6533 -1.5933 -1.5933 12.0657 12.0657 15.6447
237 -12.0543 -4.6983 -1.7163 -1.7163 12.1807 12.1807 15.6967
238 -11.9693 -4.7333 -1.8383 -1.8383 12.2987 12.2987 15.7397
239 -11.8893 -4.7573 -1.9583 -1.9583 12.4197 12.4197 15.7727
240 -11.8133 -4.7683 -2.0753 -2.0753 12.5877 12.5877 15.8007
241 -11.7423 -4.7693 -2.1913 -2.1913 12.7117 12.7117 15.8127
242 -11.6773 -4.7583 -2.3053 -2.3053 12.8377 12.8377 15.8117
243 -11.6173 -4.7363 -2.4173 -2.4173 12.9647 12.9647 15.7977
244 -11.5623 -4.7013 -2.5263 -2.5263 13.0927 13.0927 15.7687
245 -11.5143 -4.6533 -2.6333 -2.6333 13.2207 13.2207 15.7437
246 -11.4713 -4.5943 -2.7383 -2.7383 13.3487 13.3487 15.6837
247 -11.4343 -4.5233 -2.8413 -2.8413 13.4727 13.4727 15.5777
248 -11.4023 -4.4413 -2.9413 -2.9413 13.5997 13.5997 15.4847
249 -11.3763 -4.3473 -3.0383 -3.0383 13.7247 13.7247 15.3747
250 -11.3543 -4.2423 -3.1333 -3.1333 13.8477 13.8477 15.2487
251 -11.3383 -4.1263 -3.2253 -3.2253 13.9687 13.9687 15.1087
252 -11.3263 -3.9993 -3.3143 -3.3143 14.0857 14.0857 14.9527
253 -11.3173 -3.8633 -3.4003 -3.4003 14.1987 14.1987 14.7837
254 -11.3133 -3.7183 -3.4843 -3.4843 14.3077 14.3077 14.6027
255 -11.3113 -3.5643 -3.5643 -3.5643 14.4097 14.4097 14.4097
