1 -15.300865 -2.238755 -2.238755 -1.379495
2 -15.301145 -2.241295 -2.237275 -1.377205
3 -15.301975 -2.248835 -2.232825 -1.370425
4 -15.303365 -2.261115 -2.225435 -1.359415
5 -15.305285 -2.277735 -2.215105 -1.344555
6 -15.307745 -2.298225 -2.201875 -1.326315
7 -15.310735 -2.322095 -2.185775 -1.305195
8 -15.314235 -2.348845 -2.166845 -1.281665
9 -15.318235 -2.377995 -2.145135 -1.256215
10 -15.322705 -2.409125 -2.120705 -1.229225
11 -15.327645 -2.441865 -2.093615 -1.201075
12 -15.333015 -2.475875 -2.063935 -1.172075
13 -15.338805 -2.510865 -2.031755 -1.142505
14 -15.344985 -2.546595 -1.997165 -1.112585
15 -15.351525 -2.582855 -1.960245 -1.082515
16 -15.358405 -2.619425 -1.921115 -1.052475
17 -15.365595 -2.656165 -1.879885 -1.022595
18 -15.373055 -2.692925 -1.836675 -0.993005
19 -15.380775 -2.729555 -1.791605 -0.963815
20 -15.388705 -2.765965 -1.744825 -0.935105
21 -15.396815 -2.802025 -1.696475 -0.906955
22 -15.405085 -2.837645 -1.646705 -0.879445
23 -15.413465 -2.872745 -1.595675 -0.852625
24 -15.421935 -2.907245 -1.543555 -0.826535
25 -15.430465 -2.941075 -1.490525 -0.801235
26 -15.439005 -2.974145 -1.436775 -0.776745
27 -15.447535 -3.006425 -1.382485 -0.753105
28 -15.456025 -3.037825 -1.327855 -0.730335
29 -15.464435 -3.068315 -1.273085 -0.708455
30 -15.472745 -3.097835 -1.218395 -0.687485
31 -15.480905 -3.126335 -1.163995 -0.667445
32 -15.488905 -3.153775 -1.110095 -0.648325
33 -15.496705 -3.180115 -1.056935 -0.630165
34 -15.504285 -3.205315 -1.004725 -0.612935
35 -15.511615 -3.229345 -0.953695 -0.596665
36 -15.518665 -3.252165 -0.904065 -0.581345
37 -15.525415 -3.273745 -0.856075 -0.566985
38 -15.531845 -3.294065 -0.809925 -0.553565
39 -15.537925 -3.313085 -0.765855 -0.541105
40 -15.543645 -3.330795 -0.724075 -0.529585
41 -15.548975 -3.347165 -0.684775 -0.519005
42 -15.553895 -3.362175 -0.648165 -0.509375
43 -15.558405 -3.375815 -0.614425 -0.500665
44 -15.562475 -3.388055 -0.583735 -0.492895
45 -15.566105 -3.398895 -0.556255 -0.486055
46 -15.569265 -3.408315 -0.532125 -0.480125
47 -15.571965 -3.416305 -0.511475 -0.475125
48 -15.574185 -3.422845 -0.494435 -0.471035
49 -15.575915 -3.427945 -0.481075 -0.467855
50 -15.577155 -3.431595 -0.471475 -0.465585
51 -15.577905 -3.433785 -0.465695 -0.464225
52 -15.578145 -3.434515 -0.463765 -0.463765
53 -15.578725 -3.432735 -0.463555 -0.463555
54 -15.580445 -3.427395 -0.462895 -0.462895
55 -15.583315 -3.418515 -0.461795 -0.461795
56 -15.587315 -3.406095 -0.460265 -0.460265
57 -15.592425 -3.390165 -0.458305 -0.458305
58 -15.598645 -3.370755 -0.455925 -0.455915
59 -15.605945 -3.347905 -0.453105 -0.453105
60 -15.614295 -3.321655 -0.449875 -0.449875
61 -15.623665 -3.292045 -0.446235 -0.446235
62 -15.634025 -3.259125 -0.442195 -0.442195
63 -15.645355 -3.222975 -0.437755 -0.437755
64 -15.657595 -3.183645 -0.432925 -0.432925
65 -15.670715 -3.141205 -0.427725 -0.427725
66 -15.684675 -3.095735 -0.422155 -0.422155
67 -15.699425 -3.047325 -0.416235 -0.416235
68 -15.714925 -2.996055 -0.409965 -0.409965
69 -15.731115 -2.942015 -0.403375 -0.403375
70 -15.747955 -2.885315 -0.396465 -0.396465
71 -15.765385 -2.826045 -0.389245 -0.389245
72 -15.783355 -2.764325 -0.381755 -0.381755
73 -15.801825 -2.700245 -0.373985 -0.373985
74 -15.820725 -2.633965 -0.365965 -0.365965
75 -15.840015 -2.565575 -0.357705 -0.357705
76 -15.859625 -2.495205 -0.349235 -0.349235
77 -15.879515 -2.423015 -0.340565 -0.340565
78 -15.899635 -2.349125 -0.331715 -0.331715
79 -15.919915 -2.273665 -0.322705 -0.322705
80 -15.940315 -2.196815 -0.313565 -0.313565
81 -15.960785 -2.118725 -0.304295 -0.304295
82 -15.981265 -2.039525 -0.294935 -0.294935
83 -16.001715 -1.959415 -0.285505 -0.285505
84 -16.022075 -1.878555 -0.276025 -0.276025
85 -16.042305 -1.797105 -0.266505 -0.266505
86 -16.062365 -1.715265 -0.256985 -0.256985
87 -16.082195 -1.633205 -0.247485 -0.247485
88 -16.101755 -1.551135 -0.238025 -0.238025
89 -16.121005 -1.469225 -0.228625 -0.228625
90 -16.139915 -1.387705 -0.219315 -0.219315
91 -16.158425 -1.306755 -0.210115 -0.210115
92 -16.176515 -1.226595 -0.201045 -0.201045
93 -16.194135 -1.147435 -0.192135 -0.192135
94 -16.211255 -1.069485 -0.183415 -0.183415
95 -16.227845 -0.992955 -0.174885 -0.174885
96 -16.243865 -0.918085 -0.166585 -0.166585
97 -16.259295 -0.845075 -0.158535 -0.158535
98 -16.274105 -0.774165 -0.150755 -0.150755
99 -16.288265 -0.705545 -0.143255 -0.143255
100 -16.301745 -0.639455 -0.136075 -0.136075
101 -16.314525 -0.576095 -0.129215 -0.129215
102 -16.326585 -0.515685 -0.122715 -0.122715
103 -16.337895 -0.458425 -0.116575 -0.116565
104 -16.348455 -0.404515 -0.110815 -0.110815
105 -16.358225 -0.354135 -0.105455 -0.105455
106 -16.367205 -0.307475 -0.100505 -0.100505
107 -16.375375 -0.264715 -0.095995 -0.095995
108 -16.382715 -0.225995 -0.091915 -0.091915
109 -16.389225 -0.191465 -0.088285 -0.088285
110 -16.394885 -0.161265 -0.085125 -0.085125
111 -16.399685 -0.135515 -0.082435 -0.082435
112 -16.403625 -0.114295 -0.080225 -0.080225
113 -16.406705 -0.097705 -0.078495 -0.078495
114 -16.408895 -0.085815 -0.077255 -0.077255
115 -16.410215 -0.078655 -0.076515 -0.076515
116 -16.410655 -0.076265 -0.076265 -0.076265
117 -16.410225 -0.078015 -0.076825 -0.076825
118 -16.408905 -0.083265 -0.078515 -0.078515
119 -16.406715 -0.091985 -0.081325 -0.081325
120 -16.403645 -0.104165 -0.085255 -0.085245
121 -16.399705 -0.119735 -0.090275 -0.090275
122 -16.394905 -0.138655 -0.096395 -0.096395
123 -16.389245 -0.160865 -0.103595 -0.103595
124 -16.382735 -0.186275 -0.111855 -0.111855
125 -16.375375 -0.214815 -0.121155 -0.121155
126 -16.367185 -0.246375 -0.131475 -0.131475
127 -16.358165 -0.280845 -0.142785 -0.142785
128 -16.348335 -0.318135 -0.155065 -0.155065
129 -16.337695 -0.358105 -0.168285 -0.168285
130 -16.326275 -0.400635 -0.182415 -0.182415
131 -16.314085 -0.445585 -0.197415 -0.197415
132 -16.301125 -0.492835 -0.213255 -0.213255
133 -16.287435 -0.542235 -0.229905 -0.229905
134 -16.273015 -0.593635 -0.247325 -0.247325
135 -16.257885 -0.646905 -0.265465 -0.265465
136 -16.242085 -0.701875 -0.284295 -0.284295
137 -16.225615 -0.758425 -0.303775 -0.303775
138 -16.208505 -0.816375 -0.323865 -0.323865
139 -16.190775 -0.875605 -0.344515 -0.344505
140 -16.172465 -0.935945 -0.365675 -0.365675
141 -16.153585 -0.997275 -0.387315 -0.387315
142 -16.134165 -1.059425 -0.409375 -0.409375
143 -16.114245 -1.122275 -0.431825 -0.431825
144 -16.093835 -1.185675 -0.454615 -0.454615
145 -16.072985 -1.249495 -0.477695 -0.477695
146 -16.051715 -1.313605 -0.501025 -0.501025
147 -16.030075 -1.377875 -0.524555 -0.524555
148 -16.008075 -1.442185 -0.548245 -0.548245
149 -15.985765 -1.506415 -0.572045 -0.572045
150 -15.963175 -1.570455 -0.595905 -0.595905
151 -15.940355 -1.634185 -0.619795 -0.619795
152 -15.917325 -1.697495 -0.643655 -0.643655
153 -15.894135 -1.760305 -0.667465 -0.667465
154 -15.870835 -1.822485 -0.691155 -0.691155
155 -15.847445 -1.883965 -0.714705 -0.714705
156 -15.824025 -1.944645 -0.738065 -0.738065
157 -15.800605 -2.004435 -0.761205 -0.761205
158 -15.777225 -2.063265 -0.784065 -0.784065
159 -15.753945 -2.121045 -0.806625 -0.806625
160 -15.730805 -2.177695 -0.828845 -0.828845
161 -15.707845 -2.233155 -0.850685 -0.850685
162 -15.685105 -2.287355 -0.872115 -0.872115
163 -15.662645 -2.340225 -0.893105 -0.893105
164 -15.640495 -2.391695 -0.913605 -0.913605
165 -15.618715 -2.441715 -0.933595 -0.933595
166 -15.597335 -2.490215 -0.953045 -0.953045
167 -15.576415 -2.537165 -0.971935 -0.971935
168 -15.555985 -2.582485 -0.990215 -0.990215
169 -15.536105 -2.626145 -1.007875 -1.007875
170 -15.516805 -2.668095 -1.024885 -1.024885
171 -15.498135 -2.708275 -1.041215 -1.041215
172 -15.480135 -2.746665 -1.056845 -1.056845
173 -15.462855 -2.783205 -1.071765 -1.071765
174 -15.446315 -2.817865 -1.085935 -1.085935
175 -15.430575 -2.850615 -1.099345 -1.099345
176 -15.415655 -2.881405 -1.111975 -1.111975
177 -15.401605 -2.910215 -1.123815 -1.123815
178 -15.388445 -2.937015 -1.134835 -1.134835
179 -15.376215 -2.961775 -1.145025 -1.145025
180 -15.364945 -2.984465 -1.154385 -1.154385
181 -15.354655 -3.005065 -1.162885 -1.162885
182 -15.345385 -3.023555 -1.170515 -1.170515
183 -15.337145 -3.039915 -1.177275 -1.177275
184 -15.329965 -3.054135 -1.183155 -1.183155
185 -15.323855 -3.066185 -1.188145 -1.188145
186 -15.318835 -3.076065 -1.192235 -1.192235
187 -15.314925 -3.083755 -1.195415 -1.195415
188 -15.312115 -3.089265 -1.197695 -1.197695
189 -15.310435 -3.092565 -1.199065 -1.199065
190 -15.309865 -3.093665 -1.199515 -1.199515
191 -15.309855 -3.092965 -1.200555 -1.199845
192 -15.309805 -3.090845 -1.203675 -1.200825
193 -15.309725 -3.087335 -1.208865 -1.202435
194 -15.309615 -3.082415 -1.216105 -1.204685
195 -15.309475 -3.076095 -1.225375 -1.207555
196 -15.309305 -3.068385 -1.236645 -1.211005
197 -15.309105 -3.059285 -1.249895 -1.215025
198 -15.308875 -3.048815 -1.265065 -1.219595
199 -15.308625 -3.036965 -1.282125 -1.224655
200 -15.308355 -3.023775 -1.301025 -1.230195
201 -15.308055 -3.009225 -1.321705 -1.236155
202 -15.307745 -2.993355 -1.344105 -1.242505
203 -15.307405 -2.976165 -1.368165 -1.249195
204 -15.307065 -2.957685 -1.393815 -1.256165
205 -15.306705 -2.937915 -1.420985 -1.263385
206 -15.306335 -2.916885 -1.449615 -1.270785
207 -15.305955 -2.894625 -1.479605 -1.278325
208 -15.305575 -2.871135 -1.510885 -1.285935
209 -15.305195 -2.846465 -1.543385 -1.293575
210 -15.304815 -2.820635 -1.577005 -1.301185
211 -15.304435 -2.793655 -1.611665 -1.308705
212 -15.304065 -2.765585 -1.647295 -1.316085
213 -15.303705 -2.736435 -1.683785 -1.323275
214 -15.303355 -2.706245 -1.721065 -1.330215
215 -15.303025 -2.675055 -1.759045 -1.336865
216 -15.302705 -2.642895 -1.797635 -1.343175
217 -15.302405 -2.609815 -1.836745 -1.349095
218 -15.302125 -2.575855 -1.876305 -1.354595
219 -15.301875 -2.541065 -1.916215 -1.359615
220 -15.301645 -2.505475 -1.956405 -1.364135
221 -15.301445 -2.469155 -1.996785 -1.368125
222 -15.301275 -2.432145 -2.037275 -1.371545
223 -15.301125 -2.394505 -2.077805 -1.374375
224 -15.301015 -2.356285 -2.118285 -1.376605
225 -15.300935 -2.317535 -2.158655 -1.378205
226 -15.300885 -2.278345 -2.198835 -1.379165
227 -15.300865 -2.238755 -2.238755 -1.379495
228 -15.300985 -2.264685 -2.213165 -1.378375
229 -15.301325 -2.289915 -2.189115 -1.374915
230 -15.301875 -2.314425 -2.166855 -1.369005
231 -15.302595 -2.338175 -2.146595 -1.360575
232 -15.303485 -2.361145 -2.128455 -1.349615
233 -15.304505 -2.383315 -2.112535 -1.336195
234 -15.305645 -2.404665 -2.098835 -1.320445
235 -15.306875 -2.425165 -2.087285 -1.302565
236 -15.308185 -2.444795 -2.077795 -1.282815
237 -15.309565 -2.463545 -2.070185 -1.261525
238 -15.310975 -2.481385 -2.064275 -1.239025
239 -15.312405 -2.498295 -2.059865 -1.215665
240 -15.313845 -2.514275 -2.056725 -1.191805
241 -15.315265 -2.529285 -2.054665 -1.167805
242 -15.316665 -2.543335 -2.053495 -1.143985
243 -15.318015 -2.556395 -2.053025 -1.120685
244 -15.319315 -2.568455 -2.053115 -1.098185
245 -15.320545 -2.579505 -2.053605 -1.076745
246 -15.321695 -2.589535 -2.054375 -1.056635
247 -15.322745 -2.598545 -2.055325 -1.038055
248 -15.323705 -2.606505 -2.056365 -1.021205
249 -15.324545 -2.613425 -2.057405 -1.006255
250 -15.325275 -2.619285 -2.058385 -0.993355
251 -15.325885 -2.624085 -2.059265 -0.982635
252 -15.326355 -2.627835 -2.059985 -0.974195
253 -15.326695 -2.630505 -2.060525 -0.968115
254 -15.326905 -2.632115 -2.060855 -0.964435
255 -15.326975 -2.632645 -2.060965 -0.963205
