1 -75.9666 -42.7206 -42.7206 -42.7126 1.4604 1.4604 1.9934 3.4864 14.9834
2 -75.9666 -42.7206 -42.7206 -42.7126 1.4294 1.4514 2.0264 3.4974 14.9704
3 -75.9666 -42.7206 -42.7206 -42.7126 1.3544 1.4274 2.1094 3.5284 14.9314
4 -75.9666 -42.7206 -42.7206 -42.7126 1.2574 1.3884 2.2194 3.5804 14.8744
5 -75.9666 -42.7216 -42.7206 -42.7116 1.1514 1.3364 2.3454 3.6484 14.8034
6 -75.9666 -42.7216 -42.7206 -42.7116 1.0414 1.2744 2.4784 3.7324 14.7254
7 -75.9666 -42.7216 -42.7206 -42.7116 0.9304 1.2034 2.6184 3.8294 14.6424
8 -75.9666 -42.7216 -42.7206 -42.7116 0.8194 1.1274 2.7634 3.9374 14.5564
9 -75.9666 -42.7216 -42.7196 -42.7116 0.7104 1.0454 2.9124 4.0554 14.4684
10 -75.9666 -42.7226 -42.7196 -42.7116 0.6034 0.9614 3.0654 4.1804 14.3814
11 -75.9666 -42.7226 -42.7196 -42.7106 0.4974 0.8744 3.2214 4.3134 14.2944
12 -75.9666 -42.7226 -42.7196 -42.7106 0.3944 0.7854 3.3804 4.4524 14.2074
13 -75.9666 -42.7226 -42.7186 -42.7106 0.2934 0.6964 3.5424 4.5964 14.1224
14 -75.9666 -42.7236 -42.7186 -42.7106 0.1944 0.6074 3.7074 4.7454 14.0384
15 -75.9666 -42.7236 -42.7176 -42.7096 0.0984 0.5194 3.8754 4.8984 13.9564
16 -75.9666 -42.7236 -42.7176 -42.7096 0.0044 0.4314 4.0454 5.0564 13.8764
17 -75.9666 -42.7246 -42.7176 -42.7096 -0.0876 0.3444 4.2194 5.2174 13.7974
18 -75.9666 -42.7246 -42.7166 -42.7096 -0.1766 0.2584 4.3954 5.3814 13.7204
19 -75.9666 -42.7246 -42.7166 -42.7096 -0.2626 0.1744 4.5744 5.5484 13.6454
20 -75.9666 -42.7256 -42.7156 -42.7086 -0.3466 0.0924 4.7564 5.7194 13.5724
21 -75.9666 -42.7256 -42.7156 -42.7086 -0.4276 0.0114 4.9404 5.8924 13.5024
22 -75.9666 -42.7256 -42.7146 -42.7086 -0.5066 -0.0666 5.1284 6.0684 13.4334
23 -75.9666 -42.7256 -42.7146 -42.7086 -0.5826 -0.1436 5.3174 6.2464 13.3664
24 -75.9666 -42.7266 -42.7146 -42.7076 -0.6566 -0.2186 5.5104 6.4274 13.3024
25 -75.9666 -42.7266 -42.7136 -42.7076 -0.7276 -0.2906 5.7054 6.6104 13.2404
26 -75.9666 -42.7266 -42.7136 -42.7076 -0.7956 -0.3606 5.9024 6.7954 13.1794
27 -75.9676 -42.7276 -42.7126 -42.7076 -0.8616 -0.4286 6.1034 6.9824 13.1214
28 -75.9676 -42.7276 -42.7126 -42.7076 -0.9256 -0.4936 6.3054 7.1714 13.0654
29 -75.9676 -42.7276 -42.7116 -42.7066 -0.9866 -0.5566 6.5114 7.3614 13.0114
30 -75.9676 -42.7276 -42.7116 -42.7066 -1.0446 -0.6176 6.7184 7.5534 12.9594
31 -75.9676 -42.7286 -42.7106 -42.7066 -1.0996 -0.6756 6.9294 7.7474 12.9104
32 -75.9676 -42.7286 -42.7106 -42.7066 -1.1526 -0.7306 7.1414 7.9424 12.8624
33 -75.9676 -42.7286 -42.7096 -42.7066 -1.2026 -0.7836 7.3564 8.1374 12.8164
34 -75.9676 -42.7286 -42.7096 -42.7066 -1.2506 -0.8336 7.5734 8.3344 12.7724
35 -75.9676 -42.7296 -42.7086 -42.7066 -1.2966 -0.8816 7.7934 8.5324 12.7314
36 -75.9676 -42.7296 -42.7086 -42.7056 -1.3386 -0.9266 8.0144 8.7304 12.6914
37 -75.9676 -42.7296 -42.7086 -42.7056 -1.3786 -0.9696 8.2384 8.9274 12.6534
38 -75.9676 -42.7296 -42.7076 -42.7056 -1.4166 -1.0096 8.4634 9.1254 12.6164
39 -75.9676 -42.7296 -42.7076 -42.7056 -1.4516 -1.0466 8.6904 9.3224 12.5824
40 -75.9676 -42.7306 -42.7066 -42.7056 -1.4836 -1.0806 8.9184 9.5184 12.5484
41 -75.9676 -42.7306 -42.7066 -42.7056 -1.5136 -1.1126 9.1484 9.7134 12.5024
42 -75.9676 -42.7306 -42.7066 -42.7056 -1.5406 -1.1416 9.3784 9.9054 12.4584
43 -75.9676 -42.7306 -42.7066 -42.7056 -1.5646 -1.1676 9.6094 10.0934 12.4144
44 -75.9676 -42.7306 -42.7056 -42.7056 -1.5866 -1.1916 9.8394 10.2784 12.3694
45 -75.9676 -42.7306 -42.7056 -42.7056 -1.6066 -1.2116 10.0684 10.4564 12.3234
46 -75.9676 -42.7306 -42.7056 -42.7046 -1.6226 -1.2296 10.2934 10.6274 12.2754
47 -75.9676 -42.7306 -42.7056 -42.7046 -1.6376 -1.2456 10.5144 10.7884 12.2254
48 -75.9676 -42.7316 -42.7056 -42.7046 -1.6486 -1.2576 10.7264 10.9364 12.1744
49 -75.9676 -42.7316 -42.7046 -42.7046 -1.6576 -1.2676 10.9234 11.0674 12.1234
50 -75.9676 -42.7316 -42.7046 -42.7046 -1.6646 -1.2746 11.0944 11.1724 12.0774
51 -75.9676 -42.7316 -42.7046 -42.7046 -1.6686 -1.2786 11.2204 11.2434 12.0424
52 -75.9676 -42.7316 -42.7046 -42.7046 -1.6696 -1.2796 11.2684 12.0294 12.0294
53 -75.9676 -42.7316 -42.7046 -42.7046 -1.7286 -1.2186 11.2664 11.2664 12.0334
54 -75.9676 -42.7316 -42.7046 -42.7046 -1.8526 -1.0876 11.2604 11.2604 12.0464
55 -75.9676 -42.7306 -42.7046 -42.7046 -1.9946 -0.9336 11.2514 11.2514 12.0674
56 -75.9676 -42.7306 -42.7046 -42.7046 -2.1426 -0.7696 11.2394 11.2394 12.0954
57 -75.9676 -42.7306 -42.7046 -42.7046 -2.2906 -0.5996 11.2244 11.2244 12.1304
58 -75.9676 -42.7306 -42.7046 -42.7046 -2.4386 -0.4266 11.2084 11.2084 12.1704
59 -75.9676 -42.7306 -42.7046 -42.7046 -2.5856 -0.2496 11.1924 11.1924 12.2174
60 -75.9676 -42.7296 -42.7046 -42.7046 -2.7306 -0.0696 11.1744 11.1744 12.2684
61 -75.9676 -42.7296 -42.7046 -42.7046 -2.8726 0.1134 11.1574 11.1574 12.3234
62 -75.9676 -42.7296 -42.7046 -42.7046 -3.0136 0.2984 11.1414 11.1414 12.3834
63 -75.9676 -42.7286 -42.7046 -42.7046 -3.1526 0.4864 11.1254 11.1254 12.4464
64 -75.9676 -42.7286 -42.7046 -42.7046 -3.2886 0.6764 11.1104 11.1104 12.5124
65 -75.9676 -42.7286 -42.7046 -42.7046 -3.4226 0.8684 11.0974 11.0974 12.5824
66 -75.9676 -42.7276 -42.7046 -42.7046 -3.5546 1.0634 11.0844 11.0844 12.6564
67 -75.9676 -42.7276 -42.7046 -42.7046 -3.6836 1.2604 11.0744 11.0744 12.7324
68 -75.9676 -42.7266 -42.7046 -42.7046 -3.8106 1.4594 11.0644 11.0644 12.8114
69 -75.9676 -42.7266 -42.7046 -42.7046 -3.9346 1.6614 11.0574 11.0574 12.8924
70 -75.9676 -42.7256 -42.7046 -42.7046 -4.0566 1.8654 11.0514 11.0514 12.9774
71 -75.9686 -42.7246 -42.7036 -42.7036 -4.1766 2.0714 11.0474 11.0474 13.0644
72 -75.9686 -42.7246 -42.7036 -42.7036 -4.2936 2.2794 11.0454 11.0454 13.1544
73 -75.9686 -42.7236 -42.7036 -42.7036 -4.4076 2.4894 11.0454 11.0454 13.2464
74 -75.9686 -42.7226 -42.7036 -42.7036 -4.5196 2.7024 11.0464 11.0464 13.3214
75 -75.9686 -42.7226 -42.7036 -42.7036 -4.6296 2.9164 11.0504 11.0504 13.3264
76 -75.9686 -42.7216 -42.7036 -42.7036 -4.7366 3.1334 11.0564 11.0564 13.3334
77 -75.9686 -42.7206 -42.7036 -42.7036 -4.8416 3.3524 11.0634 11.0634 13.3424
78 -75.9686 -42.7206 -42.7036 -42.7036 -4.9436 3.5734 11.0724 11.0724 13.3534
79 -75.9686 -42.7196 -42.7036 -42.7036 -5.0426 3.7964 11.0844 11.0844 13.3664
80 -75.9686 -42.7186 -42.7026 -42.7026 -5.1396 4.0204 11.0974 11.0974 13.3804
81 -75.9686 -42.7176 -42.7026 -42.7026 -5.2346 4.2474 11.1134 11.1134 13.3974
82 -75.9686 -42.7176 -42.7026 -42.7026 -5.3256 4.4764 11.1304 11.1304 13.4154
83 -75.9686 -42.7166 -42.7026 -42.7026 -5.4156 4.7074 11.1494 11.1494 13.4354
84 -75.9686 -42.7156 -42.7026 -42.7026 -5.5016 4.9404 11.1714 11.1714 13.4574
85 -75.9686 -42.7146 -42.7026 -42.7026 -5.5856 5.1754 11.1944 11.1944 13.4814
86 -75.9686 -42.7146 -42.7026 -42.7026 -5.6676 5.4124 11.2194 11.2194 13.5064
87 -75.9696 -42.7136 -42.7026 -42.7026 -5.7466 5.6504 11.2464 11.2464 13.5334
88 -75.9696 -42.7126 -42.7026 -42.7026 -5.8226 5.8904 11.2754 11.2754 13.5624
89 -75.9696 -42.7116 -42.7026 -42.7026 -5.8966 6.1334 11.3064 11.3064 13.5924
90 -75.9696 -42.7116 -42.7016 -42.7016 -5.9676 6.3764 11.3394 11.3394 13.6234
91 -75.9696 -42.7106 -42.7016 -42.7016 -6.0356 6.6224 11.3734 11.3734 13.6564
92 -75.9696 -42.7096 -42.7016 -42.7016 -6.1016 6.8694 11.4094 11.4094 13.6904
93 -75.9696 -42.7096 -42.7016 -42.7016 -6.1646 7.1184 11.4474 11.4474 13.7254
94 -75.9696 -42.7086 -42.7016 -42.7016 -6.2256 7.3684 11.4874 11.4874 13.7614
95 -75.9696 -42.7076 -42.7016 -42.7016 -6.2836 7.6204 11.5284 11.5284 13.7984
96 -75.9696 -42.7076 -42.7016 -42.7016 -6.3386 7.8734 11.5714 11.5714 13.8364
97 -75.9696 -42.7066 -42.7016 -42.7016 -6.3906 8.1274 11.6154 11.6154 13.8744
98 -75.9696 -42.7056 -42.7016 -42.7016 -6.4406 8.3824 11.6614 11.6614 13.9124
99 -75.9696 -42.7056 -42.7016 -42.7016 -6.4876 8.6394 11.7084 11.7084 13.9504
100 -75.9696 -42.7046 -42.7006 -42.7006 -6.5326 8.8964 11.7564 11.7564 13.9884
101 -75.9696 -42.7046 -42.7006 -42.7006 -6.5746 9.1544 11.8044 11.8044 14.0264
102 -75.9696 -42.7036 -42.7006 -42.7006 -6.6136 9.4124 11.8544 11.8544 14.0634
103 -75.9696 -42.7036 -42.7006 -42.7006 -6.6496 9.6714 11.9044 11.9044 14.0994
104 -75.9696 -42.7026 -42.7006 -42.7006 -6.6836 9.9294 11.9544 11.9544 14.1344
105 -75.9706 -42.7026 -42.7006 -42.7006 -6.7146 10.1874 12.0034 12.0034 14.1674
106 -75.9706 -42.7026 -42.7006 -42.7006 -6.7436 10.4434 12.0534 12.0534 14.1984
107 -75.9706 -42.7016 -42.7006 -42.7006 -6.7696 10.6974 12.1014 12.1014 14.2274
108 -75.9706 -42.7016 -42.7006 -42.7006 -6.7926 10.9484 12.1474 12.1474 14.2534
109 -75.9706 -42.7016 -42.7006 -42.7006 -6.8126 11.1944 12.1914 12.1914 14.2754
110 -75.9706 -42.7006 -42.7006 -42.7006 -6.8296 11.4344 12.2324 12.2324 14.2924
111 -75.9706 -42.7006 -42.7006 -42.7006 -6.8446 11.6634 12.2694 12.2694 14.3044
112 -75.9706 -42.7006 -42.7006 -42.7006 -6.8576 11.8764 12.3014 12.3014 14.3064
113 -75.9706 -42.7006 -42.7006 -42.7006 -6.8666 12.0674 12.3274 12.3274 14.2764
114 -75.9706 -42.7006 -42.7006 -42.7006 -6.8736 12.2224 12.3474 12.3474 14.2444
115 -75.9706 -42.7006 -42.7006 -42.7006 -6.8776 12.3264 12.3594 12.3594 14.2264
116 -75.9706 -42.7006 -42.7006 -42.7006 -6.8786 12.3634 12.3634 12.3634 14.2204
117 -75.9706 -42.7006 -42.7006 -42.7006 -6.8776 12.3474 12.3484 12.3484 14.2154
118 -75.9706 -42.7006 -42.7006 -42.7006 -6.8736 12.3004 12.3054 12.3054 14.2004
119 -75.9706 -42.7006 -42.7006 -42.7006 -6.8666 12.2274 12.2394 12.2394 14.1774
120 -75.9706 -42.7006 -42.7006 -42.7006 -6.8576 12.1334 12.1544 12.1544 14.1454
121 -75.9706 -42.7006 -42.7006 -42.7006 -6.8446 12.0224 12.0544 12.0544 14.1044
122 -75.9706 -42.7006 -42.7006 -42.7006 -6.8306 11.8994 11.9444 11.9444 14.0544
123 -75.9706 -42.7006 -42.7006 -42.7006 -6.8126 11.7674 11.8274 11.8274 13.9974
124 -75.9706 -42.7016 -42.7006 -42.7006 -6.7926 11.6304 11.7054 11.7054 13.9324
125 -75.9706 -42.7016 -42.7006 -42.7006 -6.7696 11.4884 11.5794 11.5794 13.8614
126 -75.9706 -42.7016 -42.7006 -42.7006 -6.7436 11.3434 11.4524 11.4524 13.7834
127 -75.9706 -42.7016 -42.7006 -42.7006 -6.7156 11.1974 11.3234 11.3234 13.6994
128 -75.9696 -42.7026 -42.7016 -42.7016 -6.6846 11.0514 11.1944 11.1944 13.6094
129 -75.9696 -42.7026 -42.7016 -42.7016 -6.6506 10.9044 11.0654 11.0654 13.5134
130 -75.9696 -42.7026 -42.7016 -42.7016 -6.6146 10.7584 10.9374 10.9374 13.4124
131 -75.9696 -42.7036 -42.7016 -42.7016 -6.5756 10.6124 10.8094 10.8094 13.3054
132 -75.9696 -42.7036 -42.7016 -42.7016 -6.5336 10.4684 10.6834 10.6834 13.1924
133 -75.9696 -42.7046 -42.7016 -42.7016 -6.4886 10.3254 10.5584 10.5584 13.0724
134 -75.9696 -42.7046 -42.7016 -42.7016 -6.4416 10.1834 10.4344 10.4344 12.9454
135 -75.9696 -42.7046 -42.7026 -42.7026 -6.3926 10.0444 10.3134 10.3134 12.8094
136 -75.9696 -42.7056 -42.7026 -42.7026 -6.3396 9.9064 10.1924 10.1924 12.6624
137 -75.9696 -42.7056 -42.7026 -42.7026 -6.2846 9.7704 10.0744 10.0744 12.5034
138 -75.9696 -42.7066 -42.7026 -42.7026 -6.2266 9.6364 9.9584 9.9584 12.3304
139 -75.9696 -42.7066 -42.7026 -42.7026 -6.1666 9.5044 9.8434 9.8434 12.1424
140 -75.9696 -42.7076 -42.7036 -42.7036 -6.1036 9.3754 9.7314 9.7314 11.9394
141 -75.9696 -42.7076 -42.7036 -42.7036 -6.0376 9.2484 9.6204 9.6204 11.7224
142 -75.9696 -42.7086 -42.7036 -42.7036 -5.9696 9.1234 9.5114 9.5114 11.4944
143 -75.9696 -42.7096 -42.7036 -42.7036 -5.8986 9.0004 9.4054 9.4054 11.2564
144 -75.9696 -42.7096 -42.7036 -42.7036 -5.8256 8.8804 9.3014 9.3014 11.0114
145 -75.9686 -42.7106 -42.7046 -42.7046 -5.7496 8.7624 9.1994 9.1994 10.7604
146 -75.9686 -42.7106 -42.7046 -42.7046 -5.6706 8.6464 9.0994 9.0994 10.5064
147 -75.9686 -42.7116 -42.7046 -42.7046 -5.5896 8.5334 9.0014 9.0014 10.2494
148 -75.9686 -42.7126 -42.7046 -42.7046 -5.5056 8.4234 8.9054 8.9054 9.9914
149 -75.9686 -42.7126 -42.7056 -42.7056 -5.4186 8.3144 8.8124 8.8124 9.7324
150 -75.9686 -42.7136 -42.7056 -42.7056 -5.3296 8.2094 8.7214 8.7214 9.4724
151 -75.9686 -42.7136 -42.7056 -42.7056 -5.2386 8.1064 8.6324 8.6324 9.2124
152 -75.9686 -42.7146 -42.7056 -42.7056 -5.1446 8.0054 8.5454 8.5454 8.9534
153 -75.9686 -42.7156 -42.7066 -42.7066 -5.0476 7.9074 8.4604 8.4604 8.6954
154 -75.9686 -42.7156 -42.7066 -42.7066 -4.9486 7.8114 8.3784 8.3784 8.4374
155 -75.9686 -42.7166 -42.7066 -42.7066 -4.8466 7.7184 8.1814 8.2984 8.2984
156 -75.9686 -42.7166 -42.7066 -42.7066 -4.7426 7.6284 7.9264 8.2204 8.2204
157 -75.9686 -42.7176 -42.7076 -42.7076 -4.6356 7.5404 7.6724 8.1454 8.1454
158 -75.9676 -42.7186 -42.7076 -42.7076 -4.5266 7.4204 7.4554 8.0724 8.0724
159 -75.9676 -42.7186 -42.7076 -42.7076 -4.4146 7.1694 7.3724 8.0014 8.0014
160 -75.9676 -42.7196 -42.7076 -42.7076 -4.3006 6.9204 7.2924 7.9324 7.9324
161 -75.9676 -42.7196 -42.7086 -42.7086 -4.1836 6.6724 7.2154 7.8664 7.8664
162 -75.9676 -42.7206 -42.7086 -42.7086 -4.0646 6.4264 7.1404 7.8014 7.8014
163 -75.9676 -42.7216 -42.7086 -42.7086 -3.9426 6.1824 7.0674 7.7394 7.7394
164 -75.9676 -42.7216 -42.7086 -42.7086 -3.8186 5.9404 6.9984 7.6804 7.6804
165 -75.9676 -42.7226 -42.7086 -42.7086 -3.6926 5.7004 6.9314 7.6224 7.6224
166 -75.9676 -42.7226 -42.7096 -42.7096 -3.5636 5.4624 6.8664 7.5674 7.5674
167 -75.9676 -42.7236 -42.7096 -42.7096 -3.4326 5.2254 6.8044 7.5144 7.5144
168 -75.9676 -42.7236 -42.7096 -42.7096 -3.2986 4.9914 6.7454 7.4634 7.4634
169 -75.9676 -42.7246 -42.7096 -42.7096 -3.1626 4.7594 6.6884 7.4154 7.4154
170 -75.9676 -42.7246 -42.7096 -42.7096 -3.0246 4.5294 6.6344 7.3694 7.3694
171 -75.9676 -42.7256 -42.7106 -42.7106 -2.8846 4.3014 6.5834 7.3254 7.3254
172 -75.9676 -42.7256 -42.7106 -42.7106 -2.7416 4.0754 6.5344 7.2834 7.2834
173 -75.9666 -42.7266 -42.7106 -42.7106 -2.5966 3.8514 6.4884 7.2444 7.2444
174 -75.9666 -42.7266 -42.7106 -42.7106 -2.4496 3.6304 6.4454 7.2074 7.2074
175 -75.9666 -42.7266 -42.7106 -42.7106 -2.3006 3.4114 6.4044 7.1724 7.1724
176 -75.9666 -42.7276 -42.7106 -42.7106 -2.1496 3.1954 6.3654 7.1394 7.1394
177 -75.9666 -42.7276 -42.7116 -42.7116 -1.9966 2.9814 6.3304 7.1094 7.1094
178 -75.9666 -42.7276 -42.7116 -42.7116 -1.8416 2.7704 6.2974 7.0804 7.0804
179 -75.9666 -42.7286 -42.7116 -42.7116 -1.6856 2.5624 6.2674 7.0554 7.0554
180 -75.9666 -42.7286 -42.7116 -42.7116 -1.5276 2.3574 6.2394 7.0314 7.0314
181 -75.9666 -42.7286 -42.7116 -42.7116 -1.3686 2.1554 6.2144 7.0104 7.0104
182 -75.9666 -42.7286 -42.7116 -42.7116 -1.2086 1.9574 6.1914 6.9914 6.9914
183 -75.9666 -42.7286 -42.7116 -42.7116 -1.0486 1.7634 6.1724 6.9744 6.9744
184 -75.9666 -42.7296 -42.7116 -42.7116 -0.8896 1.5754 6.1544 6.9594 6.9594
185 -75.9666 -42.7296 -42.7116 -42.7116 -0.7336 1.3934 6.1404 6.9474 6.9474
186 -75.9666 -42.7296 -42.7116 -42.7116 -0.5816 1.2224 6.1284 6.9374 6.9374
187 -75.9666 -42.7296 -42.7116 -42.7116 -0.4406 1.0654 6.1194 6.9294 6.9294
188 -75.9666 -42.7296 -42.7116 -42.7116 -0.3186 0.9314 6.1124 6.9234 6.9234
189 -75.9666 -42.7296 -42.7116 -42.7116 -0.2306 0.8364 6.1084 6.9204 6.9204
190 -75.9666 -42.7296 -42.7116 -42.7116 -0.1976 0.8014 6.1074 6.9194 6.9194
191 -75.9666 -42.7296 -42.7116 -42.7116 -0.1956 0.8024 6.0694 6.9084 6.9594
192 -75.9666 -42.7296 -42.7126 -42.7116 -0.1926 0.8064 5.9724 6.8764 7.0644
193 -75.9666 -42.7296 -42.7126 -42.7116 -0.1866 0.8124 5.8424 6.8244 7.2064
194 -75.9666 -42.7296 -42.7126 -42.7116 -0.1776 0.8214 5.6974 6.7554 7.3694
195 -75.9666 -42.7296 -42.7126 -42.7116 -0.1666 0.8324 5.5454 6.6714 7.5444
196 -75.9666 -42.7296 -42.7126 -42.7116 -0.1536 0.8464 5.3894 6.5764 7.7274
197 -75.9666 -42.7296 -42.7126 -42.7116 -0.1386 0.8624 5.2334 6.4714 7.9164
198 -75.9666 -42.7296 -42.7126 -42.7126 -0.1196 0.8814 5.0774 6.3594 8.1104
199 -75.9666 -42.7286 -42.7126 -42.7126 -0.0996 0.9024 4.9214 6.2414 8.3084
200 -75.9666 -42.7286 -42.7126 -42.7126 -0.0766 0.9254 4.7674 6.1194 8.5104
201 -75.9666 -42.7286 -42.7126 -42.7126 -0.0516 0.9514 4.6154 5.9944 8.7154
202 -75.9666 -42.7286 -42.7136 -42.7126 -0.0236 0.9794 4.4654 5.8684 8.9244
203 -75.9666 -42.7286 -42.7136 -42.7126 0.0064 1.0104 4.3164 5.7404 9.1354
204 -75.9666 -42.7286 -42.7136 -42.7126 0.0394 1.0434 4.1704 5.6114 9.3494
205 -75.9666 -42.7276 -42.7136 -42.7126 0.0744 1.0784 4.0264 5.4834 9.5664
206 -75.9666 -42.7276 -42.7136 -42.7126 0.1114 1.1154 3.8844 5.3554 9.7864
207 -75.9666 -42.7276 -42.7146 -42.7126 0.1514 1.1544 3.7454 5.2284 10.0084
208 -75.9666 -42.7276 -42.7146 -42.7126 0.1944 1.1964 3.6074 5.1024 10.2334
209 -75.9666 -42.7266 -42.7146 -42.7126 0.2384 1.2394 3.4734 4.9784 10.4614
210 -75.9666 -42.7266 -42.7146 -42.7126 0.2864 1.2844 3.3404 4.8554 10.6914
211 -75.9666 -42.7266 -42.7156 -42.7126 0.3354 1.3314 3.2104 4.7354 10.9244
212 -75.9666 -42.7266 -42.7156 -42.7126 0.3874 1.3794 3.0824 4.6174 11.1604
213 -75.9666 -42.7256 -42.7156 -42.7126 0.4414 1.4294 2.9574 4.5014 11.3984
214 -75.9666 -42.7256 -42.7166 -42.7126 0.4984 1.4804 2.8344 4.3894 11.6384
215 -75.9666 -42.7256 -42.7166 -42.7126 0.5584 1.5324 2.7144 4.2804 11.8814
216 -75.9666 -42.7246 -42.7166 -42.7126 0.6194 1.5844 2.5964 4.1754 12.1264
217 -75.9666 -42.7246 -42.7176 -42.7126 0.6844 1.6364 2.4804 4.0754 12.3744
218 -75.9666 -42.7246 -42.7176 -42.7126 0.7504 1.6894 2.3674 3.9794 12.6254
219 -75.9666 -42.7236 -42.7176 -42.7126 0.8194 1.7404 2.2574 3.8884 12.8774
220 -75.9666 -42.7236 -42.7186 -42.7126 0.8914 1.7894 2.1494 3.8044 13.1324
221 -75.9666 -42.7226 -42.7186 -42.7126 0.9654 1.8364 2.0434 3.7274 13.3904
222 -75.9666 -42.7226 -42.7186 -42.7126 1.0414 1.8794 1.9394 3.6584 13.6504
223 -75.9666 -42.7226 -42.7196 -42.7126 1.1204 1.8394 1.9174 3.5994 13.9124
224 -75.9666 -42.7216 -42.7196 -42.7126 1.2014 1.7404 1.9494 3.5514 14.1764
225 -75.9666 -42.7216 -42.7206 -42.7126 1.2854 1.6444 1.9734 3.5154 14.4434
226 -75.9666 -42.7216 -42.7206 -42.7126 1.3714 1.5514 1.9884 3.4934 14.7124
227 -75.9666 -42.7206 -42.7206 -42.7126 1.4604 1.4604 1.9934 3.4864 14.9834
228 -75.9666 -42.7216 -42.7206 -42.7126 1.4014 1.5024 2.0054 3.4944 14.7954
229 -75.9666 -42.7216 -42.7206 -42.7126 1.3454 1.5124 2.0374 3.5204 14.5934
230 -75.9666 -42.7216 -42.7206 -42.7126 1.2914 1.5004 2.0784 3.5674 14.3784
231 -75.9666 -42.7216 -42.7196 -42.7126 1.2394 1.4744 2.1184 3.6344 14.1544
232 -75.9666 -42.7216 -42.7196 -42.7116 1.1894 1.4414 2.1494 3.7234 13.9224
233 -75.9666 -42.7226 -42.7196 -42.7116 1.1424 1.4054 2.1714 3.8314 13.6844
234 -75.9666 -42.7226 -42.7196 -42.7116 1.0964 1.3674 2.1834 3.9574 13.4414
235 -75.9666 -42.7226 -42.7196 -42.7116 1.0534 1.3294 2.1864 4.0984 13.1964
236 -75.9666 -42.7226 -42.7196 -42.7116 1.0124 1.2924 2.1824 4.2514 12.9484
237 -75.9666 -42.7226 -42.7186 -42.7116 0.9724 1.2564 2.1734 4.4154 12.6994
238 -75.9666 -42.7236 -42.7186 -42.7116 0.9354 1.2214 2.1604 4.5874 12.4484
239 -75.9666 -42.7236 -42.7186 -42.7116 0.9004 1.1884 2.1454 4.7654 12.1984
240 -75.9666 -42.7236 -42.7186 -42.7116 0.8684 1.1564 2.1294 4.9504 11.9474
241 -75.9666 -42.7236 -42.7186 -42.7106 0.8374 1.1274 2.1114 5.1404 11.6974
242 -75.9666 -42.7236 -42.7186 -42.7106 0.8084 1.0994 2.0934 5.3344 11.4484
243 -75.9666 -42.7236 -42.7186 -42.7106 0.7824 1.0734 2.0764 5.5324 11.2004
244 -75.9666 -42.7236 -42.7186 -42.7106 0.7584 1.0494 2.0594 5.7324 10.9534
245 -75.9666 -42.7246 -42.7186 -42.7106 0.7364 1.0274 2.0434 5.9354 10.7084
246 -75.9666 -42.7246 -42.7186 -42.7106 0.7164 1.0084 2.0284 6.1414 10.4664
247 -75.9666 -42.7246 -42.7186 -42.7106 0.6974 0.9904 2.0144 6.3474 10.2254
248 -75.9666 -42.7246 -42.7186 -42.7106 0.6824 0.9744 2.0014 6.5554 9.9894
249 -75.9666 -42.7246 -42.7186 -42.7096 0.6684 0.9604 1.9904 6.7614 9.7574
250 -75.9666 -42.7246 -42.7186 -42.7096 0.6564 0.9494 1.9814 6.9664 9.5314
251 -75.9666 -42.7246 -42.7186 -42.7096 0.6474 0.9394 1.9734 7.1664 9.3144
252 -75.9666 -42.7246 -42.7186 -42.7096 0.6394 0.9324 1.9674 7.3554 9.1114
253 -75.9666 -42.7246 -42.7186 -42.7096 0.6344 0.9274 1.9624 7.5234 8.9334
254 -75.9666 -42.7246 -42.7186 -42.7096 0.6314 0.9244 1.9604 7.6484 8.8024
255 -75.9666 -42.7246 -42.7186 -42.7096 0.6304 0.9224 1.9594 7.6974 8.7524
