1 -74.2067 -37.7687 -37.7687 -37.7687 -9.5667 -1.1967 -1.1967 -1.1967 2.2543 2.2543 14.2743
2 -74.2067 -37.7687 -37.7687 -37.7687 -9.5627 -1.1977 -1.1977 -1.1947 2.2473 2.2563 14.2813
3 -74.2057 -37.7717 -37.7697 -37.7697 -9.5497 -1.1987 -1.1987 -1.1897 2.2273 2.2623 14.3033
4 -74.2057 -37.7757 -37.7717 -37.7717 -9.5287 -1.2017 -1.2017 -1.1797 2.1933 2.2733 14.3403
5 -74.2047 -37.7817 -37.7737 -37.7737 -9.4997 -1.2047 -1.2047 -1.1667 2.1473 2.2893 14.3883
6 -74.2037 -37.7887 -37.7777 -37.7777 -9.4627 -1.2087 -1.2087 -1.1497 2.0883 2.3093 14.4523
7 -74.2027 -37.7967 -37.7817 -37.7817 -9.4167 -1.2137 -1.2137 -1.1287 2.0183 2.3333 14.5303
8 -74.2017 -37.8067 -37.7857 -37.7857 -9.3627 -1.2187 -1.2187 -1.1047 1.9363 2.3613 14.6213
9 -74.1997 -37.8187 -37.7917 -37.7917 -9.3017 -1.2247 -1.2247 -1.0767 1.8433 2.3933 14.7223
10 -74.1977 -37.8317 -37.7977 -37.7977 -9.2317 -1.2307 -1.2307 -1.0447 1.7413 2.4293 14.8343
11 -74.1957 -37.8457 -37.8037 -37.8037 -9.1547 -1.2367 -1.2367 -1.0087 1.6293 2.4683 14.9563
12 -74.1937 -37.8607 -37.8117 -37.8117 -9.0707 -1.2427 -1.2427 -0.9697 1.5093 2.5113 15.0873
13 -74.1917 -37.8767 -37.8197 -37.8197 -8.9787 -1.2477 -1.2477 -0.9267 1.3813 2.5583 15.2253
14 -74.1887 -37.8947 -37.8277 -37.8277 -8.8797 -1.2527 -1.2527 -0.8797 1.2473 2.6073 15.3713
15 -74.1857 -37.9137 -37.8377 -37.8377 -8.7737 -1.2557 -1.2557 -0.8297 1.1063 2.6593 15.5243
16 -74.1827 -37.9327 -37.8467 -37.8467 -8.6617 -1.2587 -1.2587 -0.7757 0.9603 2.7133 15.6823
17 -74.1797 -37.9527 -37.8577 -37.8577 -8.5427 -1.2597 -1.2597 -0.7177 0.8093 2.7693 15.8443
18 -74.1767 -37.9737 -37.8687 -37.8687 -8.4177 -1.2597 -1.2597 -0.6577 0.6543 2.8273 16.0113
19 -74.1737 -37.9957 -37.8807 -37.8807 -8.2877 -1.2567 -1.2567 -0.5927 0.4953 2.8863 16.1803
20 -74.1697 -38.0177 -37.8927 -37.8927 -8.1517 -1.2527 -1.2527 -0.5247 0.3343 2.9453 16.3533
21 -74.1667 -38.0407 -37.9057 -37.9057 -8.0107 -1.2457 -1.2457 -0.4537 0.1703 3.0053 16.5273
22 -74.1627 -38.0637 -37.9187 -37.9187 -7.8647 -1.2367 -1.2367 -0.3787 0.0043 3.0643 16.7033
23 -74.1587 -38.0877 -37.9327 -37.9327 -7.7147 -1.2247 -1.2247 -0.3007 -0.1627 3.1213 16.8803
24 -74.1547 -38.1107 -37.9467 -37.9467 -7.5607 -1.2097 -1.2097 -0.3317 -0.2197 3.1773 16.9293
25 -74.1507 -38.1347 -37.9617 -37.9617 -7.4037 -1.1927 -1.1927 -0.4997 -0.1357 3.2303 16.5863
26 -74.1467 -38.1587 -37.9767 -37.9767 -7.2427 -1.1707 -1.1707 -0.6697 -0.0477 3.2813 16.2633
27 -74.1417 -38.1827 -37.9917 -37.9917 -7.0797 -1.1457 -1.1457 -0.8387 0.0433 3.3273 15.9603
28 -74.1377 -38.2057 -38.0077 -38.0077 -6.9147 -1.1177 -1.1177 -1.0067 0.1373 3.3683 15.6803
29 -74.1327 -38.2297 -38.0237 -38.0237 -6.7487 -1.1747 -1.0857 -1.0857 0.2333 3.4053 15.4233
30 -74.1287 -38.2527 -38.0397 -38.0397 -6.5817 -1.3417 -1.0487 -1.0487 0.3333 3.4353 15.1903
31 -74.1237 -38.2757 -38.0567 -38.0567 -6.4137 -1.5077 -1.0087 -1.0087 0.4353 3.4603 14.9833
32 -74.1197 -38.2977 -38.0737 -38.0737 -6.2477 -1.6717 -0.9637 -0.9637 0.5413 3.4783 14.8023
33 -74.1147 -38.3197 -38.0917 -38.0917 -6.0827 -1.8347 -0.9147 -0.9147 0.6483 3.4903 14.6473
34 -74.1097 -38.3407 -38.1087 -38.1087 -5.9197 -1.9947 -0.8607 -0.8607 0.7593 3.4953 14.5203
35 -74.1057 -38.3617 -38.1267 -38.1267 -5.7597 -2.1537 -0.8027 -0.8027 0.8723 3.4953 14.4213
36 -74.1007 -38.3817 -38.1437 -38.1437 -5.6047 -2.3107 -0.7397 -0.7397 0.9873 3.4903 14.3493
37 -74.0957 -38.4017 -38.1627 -38.1627 -5.4537 -2.4647 -0.6717 -0.6717 1.1043 3.4803 14.3043
38 -74.0917 -38.4197 -38.1807 -38.1807 -5.3097 -2.6157 -0.5997 -0.5997 1.2243 3.4683 14.2873
39 -74.0867 -38.4377 -38.1987 -38.1987 -5.1727 -2.7647 -0.5217 -0.5217 1.3453 3.4563 14.2953
40 -74.0817 -38.4557 -38.2167 -38.2167 -5.0437 -2.9107 -0.4397 -0.4397 1.4683 3.4433 14.3293
41 -74.0777 -38.4717 -38.2347 -38.2347 -4.9237 -3.0547 -0.3517 -0.3517 1.5933 3.4343 14.3863
42 -74.0727 -38.4877 -38.2527 -38.2527 -4.8157 -3.1947 -0.2597 -0.2597 1.7203 3.4283 14.4663
43 -74.0687 -38.5017 -38.2707 -38.2707 -4.7187 -3.3317 -0.1617 -0.1617 1.8483 3.4303 14.5683
44 -74.0637 -38.5157 -38.2887 -38.2887 -4.6337 -3.4657 -0.0587 -0.0587 1.9773 3.4403 14.6893
45 -74.0597 -38.5297 -38.3067 -38.3067 -4.5627 -3.5957 0.0493 0.0493 2.1073 3.4603 14.8283
46 -74.0557 -38.5417 -38.3237 -38.3237 -4.5047 -3.7237 0.1633 0.1633 2.2383 3.4923 14.9843
47 -74.0507 -38.5527 -38.3417 -38.3417 -4.4617 -3.8467 0.2813 0.2813 2.3693 3.5373 15.1543
48 -74.0467 -38.5637 -38.3587 -38.3587 -4.4327 -3.9677 0.4053 0.4053 2.5013 3.5973 15.3373
49 -74.0427 -38.5737 -38.3757 -38.3757 -4.4177 -4.0837 0.5343 0.5343 2.6343 3.6713 15.5313
50 -74.0387 -38.5827 -38.3927 -38.3927 -4.4157 -4.1967 0.6683 0.6683 2.7663 3.7603 15.7143
51 -74.0357 -38.5907 -38.4087 -38.4087 -4.4277 -4.3067 0.8073 0.8073 2.8973 3.8653 15.3613
52 -74.0317 -38.5977 -38.4247 -38.4247 -4.4507 -4.4117 0.9513 0.9513 3.0293 3.9843 15.0073
53 -74.0277 -38.6047 -38.4397 -38.4397 -4.5137 -4.4847 1.1013 1.1013 3.1593 4.1183 14.6553
54 -74.0247 -38.6107 -38.4557 -38.4557 -4.6117 -4.5287 1.2553 1.2553 3.2883 4.2643 14.3033
55 -74.0207 -38.6157 -38.4697 -38.4697 -4.7057 -4.5807 1.4143 1.4143 3.4163 4.4243 13.9523
56 -74.0177 -38.6207 -38.4847 -38.4847 -4.7957 -4.6397 1.5783 1.5783 3.5413 4.5953 13.6043
57 -74.0147 -38.6247 -38.4987 -38.4987 -4.8827 -4.7047 1.7473 1.7473 3.6653 4.7763 13.2583
58 -74.0117 -38.6287 -38.5117 -38.5117 -4.9647 -4.7737 1.9213 1.9213 3.7863 4.9673 12.9153
59 -74.0087 -38.6317 -38.5247 -38.5247 -5.0427 -4.8457 2.0993 2.0993 3.9053 5.1653 12.5753
60 -74.0057 -38.6337 -38.5367 -38.5367 -5.1167 -4.9197 2.2813 2.2813 4.0203 5.3693 12.2383
61 -74.0037 -38.6357 -38.5487 -38.5487 -5.1867 -4.9947 2.4673 2.4673 4.1313 5.5793 11.9063
62 -74.0007 -38.6377 -38.5597 -38.5597 -5.2527 -5.0697 2.6573 2.6573 4.2393 5.7933 11.5783
63 -73.9987 -38.6397 -38.5697 -38.5697 -5.3137 -5.1437 2.8503 2.8503 4.3423 6.0093 11.2553
64 -73.9967 -38.6407 -38.5797 -38.5797 -5.3717 -5.2157 3.0463 3.0463 4.4403 6.2253 10.9383
65 -73.9947 -38.6417 -38.5887 -38.5887 -5.4247 -5.2857 3.2453 3.2453 4.5333 6.4413 10.6263
66 -73.9927 -38.6417 -38.5977 -38.5977 -5.4737 -5.3517 3.4453 3.4453 4.6203 6.6543 10.3223
67 -73.9907 -38.6427 -38.6057 -38.6057 -5.5187 -5.4137 3.6463 3.6463 4.7013 6.8613 10.0263
68 -73.9897 -38.6427 -38.6127 -38.6127 -5.5597 -5.4717 3.8473 3.8473 4.7763 7.0623 9.7383
69 -73.9877 -38.6427 -38.6187 -38.6187 -5.5957 -5.5247 4.0463 4.0463 4.8443 7.2533 9.4623
70 -73.9867 -38.6427 -38.6247 -38.6247 -5.6277 -5.5717 4.2413 4.2413 4.9053 7.4333 9.1993
71 -73.9857 -38.6427 -38.6297 -38.6297 -5.6557 -5.6137 4.4293 4.4293 4.9593 7.5973 8.9513
72 -73.9847 -38.6437 -38.6337 -38.6337 -5.6797 -5.6497 4.6063 4.6063 5.0053 7.7433 8.7233
73 -73.9837 -38.6437 -38.6377 -38.6377 -5.6987 -5.6797 4.7683 4.7683 5.0423 7.8683 8.5203
74 -73.9837 -38.6437 -38.6397 -38.6397 -5.7137 -5.7027 4.9083 4.9083 5.0723 7.9693 8.3483
75 -73.9827 -38.6437 -38.6417 -38.6417 -5.7247 -5.7197 5.0163 5.0163 5.0943 8.0433 8.2163
76 -73.9827 -38.6437 -38.6427 -38.6427 -5.7317 -5.7297 5.0863 5.0863 5.1063 8.0893 8.1333
77 -73.9827 -38.6437 -38.6437 -38.6437 -5.7337 -5.7337 5.1113 5.1113 5.1113 8.1043 8.1043
78 -73.9827 -38.6437 -38.6427 -38.6427 -5.7307 -5.7307 5.0823 5.0873 5.1113 8.1043 8.1183
79 -73.9827 -38.6447 -38.6417 -38.6407 -5.7237 -5.7217 4.9983 5.0163 5.1143 8.1023 8.1583
80 -73.9837 -38.6467 -38.6397 -38.6377 -5.7117 -5.7057 4.8683 4.9043 5.1173 8.1003 8.2193
81 -73.9837 -38.6487 -38.6377 -38.6317 -5.6947 -5.6847 4.7013 4.7563 5.1233 8.0973 8.2983
82 -73.9847 -38.6517 -38.6337 -38.6257 -5.6737 -5.6577 4.5073 4.5803 5.1293 8.0933 8.3873
83 -73.9857 -38.6547 -38.6297 -38.6177 -5.6467 -5.6237 4.2933 4.3803 5.1383 8.0873 8.4833
84 -73.9867 -38.6587 -38.6247 -38.6097 -5.6167 -5.5847 4.0643 4.1633 5.1473 8.0803 8.5813
85 -73.9877 -38.6637 -38.6197 -38.5987 -5.5817 -5.5397 3.8263 3.9323 5.1583 8.0723 8.6803
86 -73.9887 -38.6687 -38.6127 -38.5877 -5.5427 -5.4887 3.5813 3.6933 5.1713 8.0613 8.7763
87 -73.9907 -38.6747 -38.6057 -38.5757 -5.5007 -5.4307 3.3313 3.4463 5.1853 8.0493 8.8703
88 -73.9917 -38.6807 -38.5987 -38.5617 -5.4547 -5.3677 3.0793 3.1963 5.2003 8.0343 8.9613
89 -73.9937 -38.6877 -38.5897 -38.5467 -5.4057 -5.2997 2.8253 2.9443 5.2163 8.0163 9.0473
90 -73.9957 -38.6947 -38.5817 -38.5307 -5.3537 -5.2247 2.5713 2.6933 5.2343 7.9953 9.1303
91 -73.9977 -38.7027 -38.5717 -38.5137 -5.2987 -5.1447 2.3183 2.4443 5.2523 7.9713 9.2093
92 -73.9997 -38.7107 -38.5617 -38.4947 -5.2437 -5.0587 2.0663 2.1983 5.2723 7.9423 9.2853
93 -74.0017 -38.7197 -38.5517 -38.4757 -5.1867 -4.9677 1.8173 1.9583 5.2933 7.9103 9.3583
94 -74.0037 -38.7287 -38.5407 -38.4557 -5.1287 -4.8707 1.5703 1.7253 5.3153 7.8723 9.4283
95 -74.0067 -38.7377 -38.5297 -38.4347 -5.0717 -4.7687 1.3263 1.5003 5.3383 7.8303 9.4953
96 -74.0087 -38.7477 -38.5177 -38.4137 -5.0167 -4.6617 1.0853 1.2853 5.3623 7.7823 9.5613
97 -74.0117 -38.7577 -38.5057 -38.3917 -4.9637 -4.5487 0.8483 1.0823 5.3873 7.7283 9.6243
98 -74.0137 -38.7677 -38.4927 -38.3687 -4.9137 -4.4307 0.6163 0.8923 5.4123 7.6683 9.6853
99 -74.0167 -38.7787 -38.4807 -38.3447 -4.8697 -4.3087 0.3883 0.7163 5.4383 7.6013 9.7453
100 -74.0197 -38.7887 -38.4667 -38.3207 -4.8307 -4.1807 0.1653 0.5563 5.4653 7.5273 9.8043
101 -74.0217 -38.7997 -38.4537 -38.2967 -4.7997 -4.0487 -0.0537 0.4153 5.4923 7.4463 9.8613
102 -74.0247 -38.8107 -38.4407 -38.2717 -4.7767 -3.9117 -0.2667 0.2923 5.5203 7.3583 9.9173
103 -74.0277 -38.8207 -38.4267 -38.2467 -4.7647 -3.7697 -0.4737 0.1903 5.5473 7.2623 9.9723
104 -74.0307 -38.8317 -38.4137 -38.2217 -4.7627 -3.6237 -0.6757 0.1103 5.5763 7.1583 10.0263
105 -74.0337 -38.8427 -38.3997 -38.1967 -4.7727 -3.4737 -0.8717 0.0513 5.6043 7.0473 10.0783
106 -74.0357 -38.8537 -38.3867 -38.1717 -4.7937 -3.3187 -1.0627 0.0163 5.6323 6.9283 10.1303
107 -74.0387 -38.8637 -38.3727 -38.1457 -4.8267 -3.1607 -1.2467 0.0023 5.6603 6.8013 10.1813
108 -74.0417 -38.8747 -38.3597 -38.1217 -4.8697 -2.9977 -1.4237 0.0113 5.6893 6.6673 10.2303
109 -74.0437 -38.8847 -38.3457 -38.0967 -4.9237 -2.8317 -1.5947 0.0393 5.7163 6.5263 10.2793
110 -74.0467 -38.8947 -38.3327 -38.0717 -4.9857 -2.6627 -1.7597 0.0873 5.7443 6.3783 10.3263
111 -74.0497 -38.9047 -38.3197 -38.0477 -5.0547 -2.4897 -1.9177 0.1523 5.7713 6.2233 10.3723
112 -74.0517 -38.9147 -38.3077 -38.0247 -5.1297 -2.3137 -2.0677 0.2333 5.7983 6.0633 10.4163
113 -74.0537 -38.9237 -38.2957 -38.0017 -5.2097 -2.2117 -2.1347 0.3273 5.8243 5.8963 10.4603
114 -74.0567 -38.9327 -38.2837 -37.9797 -5.2917 -2.3487 -1.9537 0.4333 5.7243 5.8493 10.5013
115 -74.0587 -38.9417 -38.2727 -37.9587 -5.3747 -2.4787 -1.7707 0.5483 5.5483 5.8733 10.5413
116 -74.0607 -38.9497 -38.2617 -37.9377 -5.4577 -2.6007 -1.5847 0.6723 5.3683 5.8973 10.5803
117 -74.0627 -38.9577 -38.2507 -37.9187 -5.5397 -2.7147 -1.3987 0.8013 5.1843 5.9193 10.6173
118 -74.0647 -38.9657 -38.2417 -37.8997 -5.6197 -2.8227 -1.2107 0.9343 4.9983 5.9403 10.6523
119 -74.0667 -38.9727 -38.2317 -37.8827 -5.6977 -2.9217 -1.0227 1.0703 4.8103 5.9603 10.6853
120 -74.0687 -38.9787 -38.2237 -37.8657 -5.7707 -3.0137 -0.8337 1.2053 4.6223 5.9793 10.7163
121 -74.0707 -38.9857 -38.2157 -37.8507 -5.8397 -3.0977 -0.6477 1.3393 4.4333 5.9973 10.7463
122 -74.0717 -38.9907 -38.2077 -37.8367 -5.9037 -3.1747 -0.4627 1.4693 4.2473 6.0133 10.7733
123 -74.0727 -38.9957 -38.2007 -37.8237 -5.9617 -3.2427 -0.2817 1.5933 4.0633 6.0273 10.7983
124 -74.0737 -38.9997 -38.1947 -37.8127 -6.0137 -3.3027 -0.1057 1.7103 3.8853 6.0403 10.8223
125 -74.0747 -39.0037 -38.1897 -37.8027 -6.0597 -3.3557 0.0623 1.8163 3.7143 6.0523 10.8443
126 -74.0757 -39.0077 -38.1857 -37.7947 -6.0997 -3.4007 0.2193 1.9103 3.5553 6.0613 10.8643
127 -74.0767 -39.0097 -38.1817 -37.7877 -6.1317 -3.4367 0.3603 1.9913 3.4123 6.0693 10.8833
128 -74.0777 -39.0117 -38.1787 -37.7827 -6.1577 -3.4647 0.4813 2.0553 3.2893 6.0753 10.9003
129 -74.0777 -39.0137 -38.1767 -37.7787 -6.1757 -3.4857 0.5743 2.1033 3.1943 6.0803 10.9143
130 -74.0777 -39.0147 -38.1757 -37.7757 -6.1867 -3.4977 0.6343 2.1323 3.1343 6.0833 10.9253
131 -74.0777 -39.0157 -38.1757 -37.7757 -6.1907 -3.5017 0.6553 2.1413 3.1133 6.0843 10.9293
132 -74.0777 -39.0137 -38.1747 -37.7757 -6.1897 -3.4997 0.6403 2.1453 3.1113 6.0713 10.9413
133 -74.0787 -39.0107 -38.1737 -37.7757 -6.1887 -3.4957 0.5973 2.1553 3.1063 6.0343 10.9773
134 -74.0787 -39.0057 -38.1727 -37.7757 -6.1867 -3.4877 0.5293 2.1703 3.0973 5.9733 11.0383
135 -74.0797 -38.9997 -38.1697 -37.7757 -6.1837 -3.4767 0.4393 2.1863 3.0843 5.8893 11.1213
136 -74.0807 -38.9907 -38.1667 -37.7747 -6.1807 -3.4637 0.3293 2.2033 3.0693 5.7853 11.2263
137 -74.0817 -38.9797 -38.1637 -37.7747 -6.1777 -3.4467 0.2063 2.2163 3.0503 5.6613 11.3533
138 -74.0837 -38.9677 -38.1587 -37.7747 -6.1757 -3.4267 0.0703 2.2263 3.0283 5.5203 11.4993
139 -74.0847 -38.9537 -38.1547 -37.7747 -6.1737 -3.4037 -0.0737 2.2313 3.0053 5.3643 11.6643
140 -74.0867 -38.9377 -38.1487 -37.7747 -6.1727 -3.3787 -0.2227 2.2303 2.9783 5.1953 11.7883
141 -74.0887 -38.9197 -38.1427 -37.7747 -6.1737 -3.3497 -0.3757 2.2233 2.9503 5.0153 11.8993
142 -74.0907 -38.8997 -38.1367 -37.7747 -6.1787 -3.3187 -0.5297 2.2103 2.9203 4.8253 12.0203
143 -74.0937 -38.8787 -38.1287 -37.7747 -6.1857 -3.2847 -0.6817 2.1923 2.8893 4.6283 12.1493
144 -74.0957 -38.8557 -38.1217 -37.7747 -6.1977 -3.2477 -0.8307 2.1693 2.8573 4.4253 12.2873
145 -74.0987 -38.8317 -38.1137 -37.7747 -6.2147 -3.2077 -0.9747 2.1413 2.8243 4.2173 12.4323
146 -74.1017 -38.8057 -38.1047 -37.7737 -6.2367 -3.1657 -1.1117 2.1093 2.7913 4.0063 12.5843
147 -74.1037 -38.7787 -38.0957 -37.7737 -6.2667 -3.1207 -1.2397 2.0743 2.7573 3.7923 12.7413
148 -74.1077 -38.7507 -38.0857 -37.7737 -6.3047 -3.0737 -1.3577 2.0353 2.7243 3.5773 12.9043
149 -74.1107 -38.7207 -38.0767 -37.7737 -6.3507 -3.0247 -1.4637 1.9953 2.6913 3.3623 13.0713
150 -74.1137 -38.6897 -38.0657 -37.7737 -6.4057 -2.9727 -1.5567 1.9523 2.6583 3.1473 13.2403
151 -74.1167 -38.6587 -38.0557 -37.7737 -6.4707 -2.9197 -1.6377 1.9093 2.6263 2.9343 13.4123
152 -74.1207 -38.6257 -38.0447 -37.7727 -6.5447 -2.8637 -1.7037 1.8663 2.5953 2.7223 13.5843
153 -74.1237 -38.5917 -38.0337 -37.7727 -6.6287 -2.8057 -1.7557 1.8223 2.5133 2.5653 13.7553
154 -74.1277 -38.5577 -38.0217 -37.7727 -6.7207 -2.7467 -1.7947 1.7803 2.3063 2.5363 13.9233
155 -74.1317 -38.5227 -38.0107 -37.7727 -6.8217 -2.6857 -1.8207 1.7393 2.1033 2.5093 14.0873
156 -74.1347 -38.4877 -37.9987 -37.7727 -6.9307 -2.6227 -1.8337 1.6993 1.9043 2.4833 14.2443
157 -74.1387 -38.4517 -37.9877 -37.7717 -7.0457 -2.5597 -1.8347 1.6633 1.7093 2.4583 14.3923
158 -74.1427 -38.4157 -37.9757 -37.7717 -7.1667 -2.4947 -1.8267 1.5183 1.6293 2.4353 14.5303
159 -74.1467 -38.3797 -37.9637 -37.7717 -7.2927 -2.4287 -1.8087 1.3333 1.6003 2.4133 14.6543
160 -74.1497 -38.3427 -37.9517 -37.7717 -7.4217 -2.3627 -1.7837 1.1523 1.5753 2.3933 14.7633
161 -74.1537 -38.3067 -37.9397 -37.7717 -7.5527 -2.2957 -1.7527 0.9773 1.5543 2.3753 14.8553
162 -74.1577 -38.2707 -37.9287 -37.7707 -7.6847 -2.2277 -1.7167 0.8073 1.5393 2.3583 14.9283
163 -74.1607 -38.2357 -37.9167 -37.7707 -7.8177 -2.1607 -1.6767 0.6433 1.5303 2.3423 14.9833
164 -74.1647 -38.2007 -37.9057 -37.7707 -7.9497 -2.0927 -1.6347 0.4863 1.5273 2.3283 15.0183
165 -74.1677 -38.1657 -37.8947 -37.7707 -8.0797 -2.0257 -1.5917 0.3343 1.5303 2.3163 15.0343
166 -74.1717 -38.1317 -37.8837 -37.7707 -8.2087 -1.9597 -1.5487 0.1893 1.5413 2.3053 15.0333
167 -74.1747 -38.0987 -37.8727 -37.7707 -8.3337 -1.8947 -1.5057 0.0513 1.5583 2.2953 15.0173
168 -74.1777 -38.0667 -37.8627 -37.7697 -8.4557 -1.8307 -1.4657 -0.0807 1.5823 2.2873 14.9883
169 -74.1807 -38.0357 -37.8527 -37.7697 -8.5727 -1.7677 -1.4277 -0.2057 1.6133 2.2803 14.9483
170 -74.1837 -38.0057 -37.8437 -37.7697 -8.6857 -1.7067 -1.3927 -0.3237 1.6493 2.2743 14.9003
171 -74.1867 -37.9777 -37.8347 -37.7697 -8.7927 -1.6487 -1.3607 -0.4347 1.6923 2.2693 14.8463
172 -74.1887 -37.9507 -37.8257 -37.7697 -8.8947 -1.5917 -1.3317 -0.5387 1.7393 2.2653 14.7873
173 -74.1917 -37.9247 -37.8177 -37.7697 -8.9897 -1.5377 -1.3067 -0.6347 1.7893 2.2613 14.7273
174 -74.1937 -37.9007 -37.8097 -37.7697 -9.0787 -1.4877 -1.2847 -0.7237 1.8433 2.2593 14.6663
175 -74.1957 -37.8787 -37.8027 -37.7697 -9.1617 -1.4397 -1.2657 -0.8057 1.8983 2.2573 14.6073
176 -74.1977 -37.8587 -37.7967 -37.7687 -9.2367 -1.3957 -1.2497 -0.8797 1.9533 2.2563 14.5503
177 -74.1997 -37.8407 -37.7907 -37.7687 -9.3047 -1.3557 -1.2367 -0.9457 2.0073 2.2553 14.4963
178 -74.2017 -37.8237 -37.7857 -37.7687 -9.3657 -1.3197 -1.2267 -1.0047 2.0583 2.2543 14.4473
179 -74.2027 -37.8097 -37.7817 -37.7687 -9.4187 -1.2877 -1.2177 -1.0557 2.1063 2.2543 14.4033
180 -74.2037 -37.7967 -37.7777 -37.7687 -9.4637 -1.2607 -1.2107 -1.0987 2.1483 2.2533 14.3643
181 -74.2047 -37.7867 -37.7737 -37.7687 -9.5007 -1.2377 -1.2057 -1.1337 2.1853 2.2533 14.3323
182 -74.2057 -37.7787 -37.7717 -37.7687 -9.5297 -1.2197 -1.2017 -1.1617 2.2143 2.2533 14.3073
183 -74.2057 -37.7727 -37.7697 -37.7687 -9.5497 -1.2077 -1.1987 -1.1817 2.2363 2.2533 14.2883
184 -74.2067 -37.7697 -37.7687 -37.7687 -9.5627 -1.1997 -1.1977 -1.1927 2.2493 2.2543 14.2773
185 -74.2067 -37.7687 -37.7687 -37.7687 -9.5667 -1.1967 -1.1967 -1.1967 2.2543 2.2543 14.2743
186 -74.2067 -37.7697 -37.7687 -37.7687 -9.5627 -1.1987 -1.1987 -1.1927 2.2523 2.2523 14.2763
187 -74.2057 -37.7727 -37.7687 -37.7687 -9.5517 -1.2037 -1.2037 -1.1807 2.2463 2.2463 14.2833
188 -74.2057 -37.7787 -37.7697 -37.7697 -9.5337 -1.2117 -1.2117 -1.1597 2.2363 2.2363 14.2943
189 -74.2047 -37.7867 -37.7707 -37.7707 -9.5077 -1.2237 -1.2237 -1.1307 2.2233 2.2233 14.3093
190 -74.2037 -37.7967 -37.7717 -37.7717 -9.4747 -1.2397 -1.2397 -1.0937 2.2073 2.2073 14.3303
191 -74.2027 -37.8087 -37.7727 -37.7727 -9.4347 -1.2587 -1.2587 -1.0477 2.1883 2.1883 14.3543
192 -74.2017 -37.8227 -37.7737 -37.7737 -9.3867 -1.2807 -1.2807 -0.9937 2.1673 2.1673 14.3833
193 -74.2007 -37.8387 -37.7757 -37.7757 -9.3327 -1.3067 -1.3067 -0.9317 2.1453 2.1453 14.4173
194 -74.1987 -37.8567 -37.7777 -37.7777 -9.2717 -1.3367 -1.3367 -0.8617 2.1213 2.1213 14.4553
195 -74.1967 -37.8767 -37.7797 -37.7797 -9.2047 -1.3707 -1.3707 -0.7827 2.0983 2.0983 14.4983
196 -74.1957 -37.8977 -37.7817 -37.7817 -9.1307 -1.4077 -1.4077 -0.6957 2.0753 2.0753 14.5453
197 -74.1927 -37.9207 -37.7847 -37.7847 -9.0497 -1.4487 -1.4487 -0.5997 2.0533 2.0533 14.5973
198 -74.1907 -37.9457 -37.7877 -37.7877 -8.9637 -1.4937 -1.4937 -0.4957 2.0323 2.0323 14.6533
199 -74.1887 -37.9707 -37.7907 -37.7907 -8.8717 -1.5427 -1.5427 -0.3837 2.0143 2.0143 14.7133
200 -74.1857 -37.9987 -37.7937 -37.7937 -8.7737 -1.5937 -1.5937 -0.2627 1.9973 1.9973 14.7783
201 -74.1837 -38.0267 -37.7977 -37.7977 -8.6707 -1.6487 -1.6487 -0.1347 1.9843 1.9843 14.8483
202 -74.1807 -38.0557 -37.8017 -37.8017 -8.5627 -1.7067 -1.7067 0.0033 1.9733 1.9733 14.9223
203 -74.1777 -38.0857 -37.8057 -37.8057 -8.4497 -1.7677 -1.7677 0.1483 1.9663 1.9663 15.0003
204 -74.1747 -38.1167 -37.8107 -37.8107 -8.3317 -1.8307 -1.8307 0.3013 1.9623 1.9623 15.0833
205 -74.1717 -38.1477 -37.8157 -37.8157 -8.2097 -1.8957 -1.8957 0.4633 1.9623 1.9623 15.1713
206 -74.1687 -38.1797 -37.8207 -37.8207 -8.0837 -1.9627 -1.9627 0.6333 1.9653 1.9653 15.2633
207 -74.1657 -38.2117 -37.8257 -37.8257 -7.9537 -2.0307 -2.0307 0.8103 1.9713 1.9713 15.3593
208 -74.1627 -38.2437 -37.8317 -37.8317 -7.8197 -2.0997 -2.0997 0.9963 1.9813 1.9813 15.4603
209 -74.1587 -38.2757 -37.8377 -37.8377 -7.6817 -2.1697 -2.1697 1.1893 1.9943 1.9943 15.5653
210 -74.1557 -38.3077 -37.8437 -37.8437 -7.5417 -2.2397 -2.2397 1.3893 2.0113 2.0113 15.6753
211 -74.1527 -38.3397 -37.8507 -37.8507 -7.3987 -2.3097 -2.3097 1.5973 2.0303 2.0303 15.7893
212 -74.1487 -38.3717 -37.8577 -37.8577 -7.2527 -2.3797 -2.3797 1.8123 2.0523 2.0523 15.9083
213 -74.1457 -38.4017 -37.8647 -37.8647 -7.1037 -2.4487 -2.4487 2.0343 2.0773 2.0773 16.0313
214 -74.1417 -38.4327 -37.8727 -37.8727 -6.9527 -2.5157 -2.5157 2.1043 2.1043 2.2633 16.1593
215 -74.1387 -38.4617 -37.8807 -37.8807 -6.7997 -2.5827 -2.5827 2.1333 2.1333 2.4983 16.2913
216 -74.1357 -38.4907 -37.8887 -37.8887 -6.6457 -2.6467 -2.6467 2.1653 2.1653 2.7403 16.2223
217 -74.1317 -38.5177 -37.8967 -37.8967 -6.4897 -2.7097 -2.7097 2.1983 2.1983 2.9873 16.1123
218 -74.1287 -38.5447 -37.9057 -37.9057 -6.3317 -2.7707 -2.7707 2.2333 2.2333 3.2393 15.9943
219 -74.1257 -38.5697 -37.9157 -37.9157 -6.1737 -2.8287 -2.8287 2.2703 2.2703 3.4973 15.8723
220 -74.1217 -38.5937 -37.9247 -37.9247 -6.0137 -2.8847 -2.8847 2.3083 2.3083 3.7593 15.7463
221 -74.1187 -38.6167 -37.9347 -37.9347 -5.8537 -2.9377 -2.9377 2.3463 2.3463 4.0263 15.6183
222 -74.1157 -38.6377 -37.9447 -37.9447 -5.6927 -2.9877 -2.9877 2.3863 2.3863 4.2963 15.4883
223 -74.1127 -38.6577 -37.9557 -37.9557 -5.5317 -3.0347 -3.0347 2.4263 2.4263 4.5703 15.2323
224 -74.1097 -38.6757 -37.9667 -37.9667 -5.3717 -3.0787 -3.0787 2.4673 2.4673 4.8463 14.7793
225 -74.1067 -38.6927 -37.9777 -37.9777 -5.2107 -3.1197 -3.1197 2.5083 2.5083 5.1243 14.3313
226 -74.1037 -38.7077 -37.9897 -37.9897 -5.0517 -3.1577 -3.1577 2.5503 2.5503 5.4043 13.8893
227 -74.1017 -38.7207 -38.0017 -38.0017 -4.8927 -3.1917 -3.1917 2.5913 2.5913 5.6853 13.4533
228 -74.0987 -38.7317 -38.0137 -38.0137 -4.7347 -3.2227 -3.2227 2.6323 2.6323 5.9663 13.0233
229 -74.0957 -38.7417 -38.0257 -38.0257 -4.5797 -3.2497 -3.2497 2.6733 2.6733 6.2473 12.6023
230 -74.0937 -38.7487 -38.0387 -38.0387 -4.4257 -3.2737 -3.2737 2.7133 2.7133 6.5273 12.1883
231 -74.0917 -38.7547 -38.0517 -38.0517 -4.2737 -3.2937 -3.2937 2.7523 2.7523 6.8053 11.7843
232 -74.0897 -38.7577 -38.0647 -38.0647 -4.1257 -3.3107 -3.3107 2.7913 2.7913 7.0803 11.3903
233 -74.0877 -38.7597 -38.0777 -38.0777 -3.9807 -3.3237 -3.3237 2.8293 2.8293 7.3513 11.0073
234 -74.0857 -38.7597 -38.0917 -38.0917 -3.8397 -3.3337 -3.3337 2.8663 2.8663 7.6173 10.6363
235 -74.0837 -38.7587 -38.1057 -38.1057 -3.7037 -3.3407 -3.3407 2.9023 2.9023 7.8773 10.2793
236 -74.0817 -38.7537 -38.1197 -38.1197 -3.5717 -3.3437 -3.3437 2.9363 2.9363 8.1263 9.9413
237 -74.0807 -38.7487 -38.1337 -38.1337 -3.4467 -3.3437 -3.3437 2.9693 2.9693 8.3583 9.6283
238 -74.0787 -38.7417 -38.1477 -38.1477 -3.3397 -3.3397 -3.3277 3.0013 3.0013 8.5483 9.3663
239 -74.0777 -38.7327 -38.1627 -38.1627 -3.3337 -3.3337 -3.2167 3.0313 3.0313 8.6123 9.2383
240 -74.0767 -38.7217 -38.1767 -38.1767 -3.3247 -3.3247 -3.1127 3.0603 3.0603 8.4763 9.3203
241 -74.0757 -38.7087 -38.1917 -38.1917 -3.3117 -3.3117 -3.0187 3.0873 3.0873 8.2533 9.4993
242 -74.0747 -38.6947 -38.2067 -38.2067 -3.2967 -3.2967 -2.9337 3.1123 3.1123 8.0173 9.7033
243 -74.0737 -38.6787 -38.2217 -38.2217 -3.2787 -3.2787 -2.8597 3.1363 3.1363 7.7873 9.9103
244 -74.0727 -38.6617 -38.2367 -38.2367 -3.2587 -3.2587 -2.7967 3.1583 3.1583 7.5733 10.1163
245 -74.0717 -38.6427 -38.2517 -38.2517 -3.2367 -3.2367 -2.7457 3.1783 3.1783 7.3753 10.3183
246 -74.0717 -38.6227 -38.2667 -38.2667 -3.2117 -3.2117 -2.7067 3.1963 3.1963 7.1963 10.5143
247 -74.0707 -38.6017 -38.2817 -38.2817 -3.1847 -3.1847 -2.6817 3.2133 3.2133 7.0373 10.7063
248 -74.0707 -38.5787 -38.2967 -38.2967 -3.1567 -3.1567 -2.6687 3.2283 3.2283 6.8983 10.8923
249 -74.0707 -38.5547 -38.3107 -38.3107 -3.1257 -3.1257 -2.6697 3.2413 3.2413 6.7803 11.0743
250 -74.0707 -38.5307 -38.3257 -38.3257 -3.0947 -3.0947 -2.6827 3.2523 3.2523 6.6823 11.2523
251 -74.0697 -38.5057 -38.3407 -38.3407 -3.0617 -3.0617 -2.7087 3.2613 3.2613 6.6043 11.4263
252 -74.0697 -38.4797 -38.3547 -38.3547 -3.0277 -3.0277 -2.7467 3.2683 3.2683 6.5453 11.5973
253 -74.0697 -38.4527 -38.3697 -38.3697 -2.9927 -2.9927 -2.7957 3.2733 3.2733 6.5053 11.7663
254 -74.0697 -38.4257 -38.3837 -38.3837 -2.9577 -2.9577 -2.8537 3.2763 3.2763 6.4813 11.9333
255 -74.0697 -38.3977 -38.3977 -38.3977 -2.9217 -2.9217 -2.9217 3.2773 3.2773 6.4743 12.0993
