1 -15.892651 0.892559 0.892899 0.893249 13.667419 13.669539 13.674449 19.598799 19.605039
2 -15.891431 0.888529 0.890789 0.890839 13.672879 13.676479 13.681449 19.584249 19.611209
3 -15.887801 0.875649 0.884459 0.884479 13.679689 13.702239 13.706689 19.537319 19.633029
4 -15.881751 0.854249 0.873989 0.874009 13.689959 13.744779 13.749049 19.460059 19.668589
5 -15.873281 0.824559 0.859459 0.859489 13.704229 13.803129 13.807279 19.354369 19.716089
6 -15.862431 0.786859 0.841019 0.841049 13.722609 13.876129 13.880169 19.222589 19.773199
7 -15.849191 0.741469 0.818809 0.818839 13.745159 13.962419 13.966339 19.067429 19.836949
8 -15.833601 0.688779 0.792999 0.793029 13.771959 14.060509 14.064299 18.891819 19.903819
9 -15.815671 0.629229 0.763769 0.763809 13.803079 14.168799 14.172449 18.698819 19.969689
10 -15.795441 0.563289 0.731309 0.731349 13.838609 14.285669 14.289199 18.491419 20.030009
11 -15.772931 0.491449 0.695789 0.695829 13.878649 14.409579 14.412969 18.272459 20.079869
12 -15.748181 0.414219 0.657379 0.657429 13.923329 14.539049 14.542299 18.044589 20.114159
13 -15.721241 0.332119 0.616269 0.616309 13.972769 14.672709 14.675829 17.810169 20.127769
14 -15.692131 0.245699 0.572609 0.572649 14.027109 14.809359 14.812349 17.571299 20.115849
15 -15.660921 0.155459 0.526539 0.526579 14.086509 14.947949 14.950809 17.329739 20.074019
16 -15.627631 0.061919 0.478209 0.478249 14.151149 15.087589 15.090319 17.087019 19.998709
17 -15.592341 -0.034431 0.427749 0.427789 14.221199 15.227569 15.230169 16.844379 19.887399
18 -15.555091 -0.133091 0.375299 0.375339 14.296879 15.367299 15.369769 16.602839 19.738869
19 -15.515921 -0.233621 0.320969 0.321009 14.378389 15.506369 15.508709 16.363229 19.553309
20 -15.474911 -0.335551 0.264879 0.264919 14.465979 15.644469 15.646679 16.126189 19.332449
21 -15.432111 -0.438491 0.207149 0.207189 14.559889 15.781399 15.783479 15.892249 19.079459
22 -15.387571 -0.542021 0.147889 0.147919 14.660379 15.661709 15.917139 15.919049 18.798759
23 -15.341351 -0.645781 0.087219 0.087239 14.767729 15.434969 16.051599 16.053379 18.495779
24 -15.293511 -0.749401 0.025229 0.025259 14.882229 15.212189 16.184889 16.186519 18.176609
25 -15.244131 -0.852561 -0.037941 -0.037921 14.993539 15.004189 16.317109 16.318599 17.847559
26 -15.193251 -0.954931 -0.102211 -0.102181 14.779119 15.133929 16.448459 16.449809 17.514819
27 -15.140951 -1.056231 -0.167441 -0.167421 14.568999 15.271769 16.579129 16.580349 17.184089
28 -15.087301 -1.156161 -0.233531 -0.233521 14.363239 15.418039 16.709369 16.710459 16.860389
29 -15.032371 -1.254461 -0.300381 -0.300371 14.161839 15.573089 16.547729 16.839449 16.840409
30 -14.976241 -1.350891 -0.367861 -0.367851 13.964819 15.737259 16.249199 16.969649 16.970489
31 -14.919011 -1.445181 -0.435871 -0.435871 13.772169 15.910899 15.966839 17.100259 17.100999
32 -14.860761 -1.537121 -0.504301 -0.504291 13.583899 15.701709 16.094329 17.231589 17.232239
33 -14.801601 -1.626491 -0.573021 -0.573021 13.399979 15.454039 16.287899 17.363959 17.364549
34 -14.741611 -1.713091 -0.641941 -0.641941 13.220389 15.223319 16.491909 17.497709 17.498249
35 -14.680931 -1.796711 -0.710941 -0.710941 13.045119 15.008489 16.706639 17.633159 17.633669
36 -14.619651 -1.877191 -0.779921 -0.779911 12.874129 14.808049 16.932389 17.770669 17.771159
37 -14.557901 -1.954361 -0.848761 -0.848751 12.707409 14.620219 17.169359 17.910589 17.911079
38 -14.495811 -2.028061 -0.917351 -0.917341 12.544949 14.443089 17.417739 18.053269 18.053779
39 -14.433511 -2.098161 -0.985591 -0.985581 12.386719 14.274679 17.677659 18.199079 18.199629
40 -14.371121 -2.164551 -1.053391 -1.053371 12.232699 14.113049 17.949229 18.348429 18.349029
41 -14.308771 -2.227111 -1.120621 -1.120611 12.082869 13.956409 18.232429 18.501709 18.502369
42 -14.246611 -2.285751 -1.187201 -1.187181 11.937229 13.803119 18.527179 18.659329 18.660079
43 -14.184761 -2.340421 -1.253031 -1.253011 11.795749 13.651699 18.821609 18.822529 18.833569
44 -14.123361 -2.391051 -1.318001 -1.317991 11.658409 13.500959 18.989389 18.990359 19.150769
45 -14.062541 -2.437611 -1.382041 -1.382021 11.525219 13.349879 19.162809 19.163909 19.478949
46 -14.002441 -2.480071 -1.445031 -1.445011 11.396159 13.197729 19.342489 19.343749 19.817489
47 -13.943181 -2.518441 -1.506891 -1.506871 11.271209 13.043929 19.529009 19.530439 20.165839
48 -13.884881 -2.552741 -1.567551 -1.567531 11.150379 12.888159 19.722959 19.724589 20.523309
49 -13.827681 -2.583001 -1.626901 -1.626881 11.033649 12.730279 19.924979 19.926809 20.889049
50 -13.771681 -2.609271 -1.684881 -1.684851 10.921019 12.570289 20.135759 20.137819 21.262179
51 -13.717001 -2.631641 -1.741391 -1.741371 10.812479 12.408379 20.356029 20.358319 21.641619
52 -13.663741 -2.650191 -1.796361 -1.796341 10.708029 12.244829 20.586559 20.589099 22.026189
53 -13.612011 -2.665041 -1.849721 -1.849701 10.607669 12.080059 20.828149 20.830959 22.414599
54 -13.561901 -2.676331 -1.901401 -1.901381 10.511399 11.914559 21.081679 21.084769 22.805459
55 -13.513501 -2.684221 -1.951321 -1.951301 10.419199 11.748889 21.348009 21.351389 23.197279
56 -13.466881 -2.688871 -1.999431 -1.999401 10.331089 11.583689 21.628019 21.631699 23.588459
57 -13.422121 -2.690491 -2.045641 -2.045621 10.247069 11.419619 21.922569 21.926569 23.977329
58 -13.379291 -2.689301 -2.089911 -2.089891 10.167129 11.257369 22.232499 22.236829 24.362209
59 -13.338441 -2.685531 -2.132181 -2.132161 10.091269 11.097669 22.558519 22.563199 24.741299
60 -13.299631 -2.679441 -2.172401 -2.172371 10.019489 10.941249 22.901179 22.906219 25.112789
61 -13.262911 -2.671301 -2.210511 -2.210481 9.951799 10.788839 23.260819 23.266249 25.474919
62 -13.228301 -2.661401 -2.246461 -2.246441 9.888199 10.641189 23.637409 23.643239 25.825849
63 -13.195851 -2.650051 -2.280221 -2.280201 9.828689 10.498999 24.030429 24.036699 26.163809
64 -13.165581 -2.637551 -2.311751 -2.311731 9.773269 10.362999 24.438749 24.445489 26.487029
65 -13.137511 -2.624241 -2.341021 -2.341001 9.721949 10.233879 24.860469 24.867699 26.793849
66 -13.111661 -2.610431 -2.367991 -2.367971 9.674719 10.112289 25.292669 25.300419 27.082629
67 -13.088041 -2.596451 -2.392641 -2.392631 9.631589 9.998899 25.731229 25.739539 27.351829
68 -13.066671 -2.582631 -2.414971 -2.414951 9.592559 9.894289 26.170779 26.179659 27.600009
69 -13.047541 -2.569281 -2.434941 -2.434931 9.557629 9.799039 26.604439 26.613889 27.825829
70 -13.030661 -2.556691 -2.452571 -2.452551 9.526809 9.713669 27.023879 27.033909 28.028059
71 -13.016031 -2.545161 -2.467831 -2.467811 9.500089 9.638669 27.419479 27.430059 28.205599
72 -13.003661 -2.534921 -2.480731 -2.480721 9.477479 9.574449 27.780639 27.791749 28.357509
73 -12.993541 -2.526221 -2.491281 -2.491271 9.458979 9.521389 28.096269 28.107839 28.482929
74 -12.985671 -2.519251 -2.499481 -2.499471 9.444589 9.479789 28.355509 28.367469 28.581209
75 -12.980051 -2.514151 -2.505331 -2.505321 9.434299 9.449899 28.548629 28.560889 28.651809
76 -12.976681 -2.511051 -2.508841 -2.508831 9.428129 9.431899 28.667799 28.680189 28.694509
77 -12.975551 -2.510061 -2.510011 -2.509961 9.425779 9.426179 28.706659 28.709849 28.720899
78 -12.976671 -2.512081 -2.508851 -2.507811 9.428879 9.431069 28.660519 28.668389 28.714549
79 -12.980001 -2.518281 -2.505381 -2.501231 9.437929 9.445979 28.498549 28.549989 28.716859
80 -12.985531 -2.528561 -2.499591 -2.490271 9.452969 9.470779 28.235569 28.357219 28.721589
81 -12.993241 -2.542861 -2.491491 -2.474961 9.473959 9.505399 27.882619 28.096629 28.728319
82 -13.003081 -2.561081 -2.481091 -2.455331 9.500849 9.549719 27.453149 27.776569 28.736999
83 -13.015011 -2.583091 -2.468401 -2.431431 9.533549 9.603609 26.962069 27.406519 28.747609
84 -13.028961 -2.608761 -2.453421 -2.403311 9.571959 9.666919 26.424569 26.996379 28.760129
85 -13.044861 -2.637911 -2.436181 -2.371031 9.615959 9.739449 25.855179 26.555989 28.774569
86 -13.062631 -2.670361 -2.416701 -2.334671 9.665409 9.820999 25.267069 26.094599 28.790899
87 -13.082201 -2.705921 -2.395001 -2.294321 9.720149 9.911369 24.671509 25.620519 28.809119
88 -13.103451 -2.744381 -2.371121 -2.250071 9.779989 10.010309 24.077839 25.140979 28.829199
89 -13.126291 -2.785511 -2.345111 -2.202051 9.844719 10.117589 23.493379 24.662049 28.851119
90 -13.150621 -2.829091 -2.316991 -2.150371 9.914089 10.232969 22.923579 24.188639 28.874859
91 -13.176321 -2.874881 -2.286841 -2.095161 9.987829 10.356209 22.372349 23.724639 28.900389
92 -13.203271 -2.922661 -2.254711 -2.036581 10.065639 10.487049 21.842169 23.272969 28.927679
93 -13.231371 -2.972171 -2.220671 -1.974751 10.147169 10.625269 21.334509 22.835819 28.956679
94 -13.260471 -3.023201 -2.184791 -1.909861 10.232049 10.770639 20.849969 22.414729 28.987339
95 -13.290471 -3.075501 -2.147151 -1.842071 10.319849 10.922949 20.388519 22.010709 29.019619
96 -13.321241 -3.128841 -2.107851 -1.771541 10.410099 11.081999 19.949679 21.624429 29.053439
97 -13.352651 -3.183001 -2.066981 -1.698471 10.502299 11.247629 19.532669 21.256249 29.088749
98 -13.384591 -3.237771 -2.024631 -1.623041 10.595859 11.419699 19.136509 20.906359 29.125469
99 -13.416941 -3.292921 -1.980921 -1.545441 10.690159 11.598089 18.760139 20.574829 29.163499
100 -13.449571 -3.348251 -1.935951 -1.465891 10.784539 11.782759 18.402429 20.261669 29.202759
101 -13.482371 -3.403561 -1.889861 -1.384571 10.878239 11.973679 18.062279 19.966869 29.243149
102 -13.515221 -3.458661 -1.842771 -1.301721 10.970479 12.170879 17.738639 19.690429 29.284539
103 -13.548011 -3.513361 -1.794811 -1.217551 11.060419 12.374489 17.430489 19.432369 29.326829
104 -13.580631 -3.567481 -1.746131 -1.132301 11.147159 12.584689 17.136929 19.192759 29.369879
105 -13.612991 -3.620841 -1.696871 -1.046191 11.229789 12.801739 16.857119 18.971709 29.413559
106 -13.644971 -3.673281 -1.647191 -0.959471 11.307369 13.026039 16.590319 18.769319 29.457709
107 -13.676481 -3.724641 -1.597241 -0.872401 11.378989 13.258089 16.335869 18.585749 29.502179
108 -13.707431 -3.774771 -1.547211 -0.785241 11.443779 13.498539 16.093239 18.421109 29.546819
109 -13.737721 -3.823501 -1.497251 -0.698261 11.500919 13.748229 15.861919 18.275429 29.591439
110 -13.767281 -3.870711 -1.447551 -0.611731 11.549749 14.008149 15.641519 18.148689 29.635889
111 -13.796011 -3.916241 -1.398301 -0.525971 11.589739 14.279549 15.431719 18.040689 29.679969
112 -13.823841 -3.959961 -1.349681 -0.441261 11.620569 14.563939 15.232249 17.951069 29.723499
113 -13.850711 -4.001741 -1.301891 -0.357911 11.642149 14.863089 15.042919 17.879239 29.766299
114 -13.876531 -4.041451 -1.255131 -0.276251 11.654629 14.863569 15.179099 17.824419 29.808169
115 -13.901241 -4.078971 -1.209601 -0.196611 11.658409 14.694129 15.514399 17.785549 29.848929
116 -13.924791 -4.114181 -1.165501 -0.119321 11.654119 14.534529 15.871759 17.761379 29.888379
117 -13.947111 -4.146981 -1.123031 -0.044731 11.642599 14.384739 16.254249 17.750459 29.926329
118 -13.968151 -4.177251 -1.082401 0.026809 11.624839 14.244789 16.665149 17.751179 29.962609
119 -13.987861 -4.204901 -1.043821 0.094949 11.601969 14.114729 17.107769 17.761819 29.997029
120 -14.006181 -4.229881 -1.007461 0.159329 11.575189 13.994599 17.585149 17.780599 30.029419
121 -14.023091 -4.252121 -0.973531 0.219599 11.545709 13.884479 17.805649 18.099539 30.059599
122 -14.038531 -4.271601 -0.942211 0.275419 11.514749 13.784449 17.835249 18.651509 30.087429
123 -14.052471 -4.288341 -0.913671 0.326449 11.483499 13.694619 17.867559 19.238899 30.112749
124 -14.064871 -4.302391 -0.888071 0.372349 11.453049 13.615079 17.900899 19.855249 30.135429
125 -14.075691 -4.313881 -0.865571 0.412839 11.424429 13.545919 17.933629 20.488079 30.155349
126 -14.084911 -4.322981 -0.846291 0.447629 11.398549 13.487219 17.964249 21.117119 30.172389
127 -14.092501 -4.329901 -0.830351 0.476469 11.376239 13.439079 17.991389 21.713479 30.186469
128 -14.098421 -4.334891 -0.817851 0.499129 11.358149 13.401559 18.013849 22.240599 30.197499
129 -14.102671 -4.338231 -0.808861 0.515449 11.344839 13.374719 18.030639 22.657769 30.205419
130 -14.105231 -4.340121 -0.803451 0.525299 11.336689 13.358599 18.041029 22.926709 30.210199
131 -14.106081 -4.340731 -0.801641 0.528589 11.333949 13.353219 18.044539 23.019749 30.211789
132 -14.108071 -4.336761 -0.800651 0.528869 11.337659 13.354139 18.042459 23.012749 30.186339
133 -14.114011 -4.324861 -0.797681 0.529699 11.348799 13.356879 18.036249 22.991909 30.110349
134 -14.123871 -4.305071 -0.792731 0.531079 11.367339 13.361439 18.025969 22.957669 29.984789
135 -14.137571 -4.277471 -0.785801 0.533019 11.393259 13.367779 18.011719 22.910739 29.811329
136 -14.155021 -4.242161 -0.776891 0.535499 11.426499 13.375879 17.993659 22.852049 29.592149
137 -14.176101 -4.199281 -0.765991 0.538529 11.467029 13.385689 17.971939 22.782719 29.329949
138 -14.200661 -4.148991 -0.753121 0.542089 11.514769 13.397159 17.946799 22.704009 29.027879
139 -14.228541 -4.091471 -0.738271 0.546179 11.569659 13.410209 17.918479 22.617219 28.689369
140 -14.259571 -4.026901 -0.721451 0.550789 11.631589 13.424789 17.887239 22.523689 28.318059
141 -14.293531 -3.955531 -0.702651 0.555909 11.700469 13.440789 17.853369 22.424739 27.917809
142 -14.330241 -3.877571 -0.681901 0.561529 11.776199 13.458129 17.817199 22.321609 27.492449
143 -14.369471 -3.793291 -0.659191 0.567639 11.858639 13.476709 17.779029 22.215469 27.045759
144 -14.410991 -3.702951 -0.634551 0.574209 11.947659 13.496409 17.739209 22.107389 26.581529
145 -14.454591 -3.606811 -0.607991 0.581229 12.043089 13.517109 17.698089 21.998279 26.103299
146 -14.500031 -3.505161 -0.579541 0.588679 12.144769 13.538679 17.656019 21.888969 25.614409
147 -14.547071 -3.398291 -0.549221 0.596529 12.252469 13.560969 17.613349 21.780149 25.118059
148 -14.595511 -3.286491 -0.517071 0.604769 12.365969 13.583839 17.570459 21.672409 24.617129
149 -14.645111 -3.170051 -0.483121 0.613379 12.484999 13.607119 17.527719 21.566219 24.114269
150 -14.695651 -3.049291 -0.447431 0.622309 12.609239 13.630649 17.485519 21.461959 23.611829
151 -14.746911 -2.924511 -0.410041 0.631559 12.738299 13.654259 17.444279 21.359939 23.112029
152 -14.798701 -2.796031 -0.371021 0.641079 12.871719 13.677749 17.404439 21.260389 22.616719
153 -14.850811 -2.664141 -0.330441 0.650849 13.008949 13.700949 17.366479 21.163479 22.127559
154 -14.903041 -2.529191 -0.288371 0.660839 13.149319 13.723659 17.330969 21.069329 21.646069
155 -14.955221 -2.391501 -0.244891 0.671009 13.292019 13.745679 17.298539 20.978029 21.173489
156 -15.007171 -2.251381 -0.200101 0.681339 13.436069 13.766809 17.269939 20.710879 20.889639
157 -15.058721 -2.109201 -0.154111 0.691779 13.580249 13.786839 17.246059 20.259269 20.804169
158 -15.109701 -1.965301 -0.107031 0.702309 13.723119 13.805569 17.227959 19.819419 20.721639
159 -15.159981 -1.820021 -0.058981 0.712889 13.822799 13.862979 17.216919 19.392009 20.642049
160 -15.209411 -1.673751 -0.010101 0.723489 13.838349 13.997759 17.214409 18.977659 20.565389
161 -15.257851 -1.526871 0.039459 0.734069 13.851999 14.125169 17.222119 18.576859 20.491639
162 -15.305171 -1.379761 0.089559 0.744589 13.863599 14.242689 17.241869 18.189999 20.420789
163 -15.351271 -1.232861 0.140009 0.755019 13.872979 14.347639 17.275499 17.817499 20.352819
164 -15.396011 -1.086581 0.190639 0.765329 13.879989 14.437489 17.324659 17.459649 20.287709
165 -15.439321 -0.941351 0.241269 0.775469 13.884529 14.510049 17.116649 17.390629 20.225459
166 -15.481071 -0.797671 0.291679 0.785409 13.886499 14.563749 16.788859 17.473849 20.166059
167 -15.521191 -0.656011 0.341649 0.795109 13.885859 14.597779 16.476429 17.574039 20.109509
168 -15.559581 -0.516871 0.390979 0.804539 13.882579 14.612189 16.179539 17.690009 20.055799
169 -15.596171 -0.380781 0.439409 0.813669 13.876719 14.607779 15.898419 17.819779 20.004959
170 -15.630891 -0.248291 0.486719 0.822449 13.868349 14.585909 15.633209 17.960819 19.956989
171 -15.663671 -0.119961 0.532639 0.830859 13.857629 14.548319 15.384059 18.110259 19.911899
172 -15.694451 0.003619 0.576919 0.838849 13.844759 14.496989 15.151179 18.265089 19.869739
173 -15.723171 0.121839 0.619299 0.846409 13.830029 14.434029 14.934689 18.422269 19.830509
174 -15.749771 0.234079 0.659519 0.853479 13.813759 14.361669 14.734769 18.578889 19.794259
175 -15.774221 0.339699 0.697319 0.860059 13.796359 14.282209 14.551549 18.732169 19.761009
176 -15.796461 0.438049 0.732449 0.866099 13.778279 14.198099 14.385229 18.879459 19.730789
177 -15.816471 0.528459 0.764649 0.871589 13.760039 14.111919 14.235929 19.018309 19.703639
178 -15.834201 0.610289 0.793689 0.876489 13.742159 14.026359 14.103799 19.146489 19.679589
179 -15.849631 0.682869 0.819339 0.880779 13.725199 13.944229 13.989009 19.261939 19.658679
180 -15.862731 0.745569 0.841419 0.884449 13.709699 13.868359 13.891699 19.362849 19.640929
181 -15.873471 0.797809 0.859749 0.887479 13.696179 13.801429 13.812099 19.447639 19.626379
182 -15.881851 0.839039 0.874159 0.889849 13.685099 13.745659 13.750709 19.514969 19.615059
183 -15.887841 0.868839 0.884539 0.891549 13.676799 13.703169 13.707759 19.563749 19.607029
184 -15.891441 0.886849 0.890789 0.892599 13.671269 13.677029 13.682309 19.592759 19.602769
185 -15.892651 0.892559 0.892899 0.893249 13.667419 13.669539 13.674449 19.598799 19.605039
186 -15.891571 0.887219 0.891729 0.892199 13.672299 13.677999 13.678249 19.595109 19.601329
187 -15.888361 0.869569 0.889259 0.889719 13.683029 13.688539 13.708019 19.584129 19.590259
188 -15.883011 0.840379 0.885149 0.885599 13.700309 13.705679 13.757359 19.566059 19.572059
189 -15.875531 0.799979 0.879419 0.879849 13.723629 13.728839 13.825529 19.541249 19.547059
190 -15.865931 0.748819 0.872089 0.872499 13.752239 13.757259 13.911599 19.510169 19.515749
191 -15.854231 0.687429 0.863189 0.863579 13.785229 13.790019 14.014409 19.473379 19.478679
192 -15.840451 0.616449 0.852729 0.853089 13.821619 13.826159 14.132609 19.431509 19.436499
193 -15.824611 0.536559 0.840729 0.841069 13.860399 13.864679 14.264649 19.385249 19.389899
194 -15.806721 0.448479 0.827209 0.827519 13.900589 13.904589 14.408809 19.335329 19.339609
195 -15.786831 0.352979 0.812179 0.812469 13.941249 13.944959 14.563229 19.282489 19.286389
196 -15.764971 0.250799 0.795649 0.795899 13.981519 13.984939 14.725959 19.227479 19.230979
197 -15.741161 0.142699 0.777609 0.777829 14.020659 14.023789 14.894979 19.171009 19.174099
198 -15.715461 0.029449 0.758049 0.758249 14.058019 14.060879 15.068199 19.113799 19.116479
199 -15.687901 -0.088261 0.736969 0.737149 14.093089 14.095669 15.243549 19.056509 19.058759
200 -15.658531 -0.209721 0.714339 0.714509 14.125439 14.127769 15.419019 18.999769 19.001599
201 -15.627401 -0.334271 0.690149 0.690309 14.154789 14.156869 15.592639 18.944159 18.945579
202 -15.594561 -0.461291 0.664379 0.664529 14.180929 14.182789 15.762589 18.890239 18.891229
203 -15.560091 -0.590171 0.637009 0.637149 14.203749 14.205399 15.927229 18.838469 18.839079
204 -15.524021 -0.720381 0.608009 0.608149 14.223239 14.224709 16.085089 18.789249 18.789599
205 -15.486451 -0.851361 0.577359 0.577499 14.239449 14.240759 16.234909 18.742839 18.743339
206 -15.447431 -0.982641 0.545039 0.545189 14.252499 14.253669 16.375709 18.699679 18.700549
207 -15.407041 -1.113761 0.511039 0.511189 14.262569 14.263629 16.506769 18.660159 18.661449
208 -15.365361 -1.244271 0.475349 0.475489 14.269879 14.270859 16.627569 18.624559 18.626269
209 -15.322471 -1.373771 0.437939 0.438089 14.274719 14.275629 16.737879 18.593099 18.595239
210 -15.278461 -1.501881 0.398809 0.398959 14.277369 14.278239 16.837689 18.565959 18.568539
211 -15.233431 -1.628231 0.357979 0.358119 14.278169 14.279009 16.927169 18.543299 18.546329
212 -15.187461 -1.752461 0.315419 0.315559 14.277449 14.278299 17.006669 18.525259 18.528729
213 -15.140671 -1.874281 0.271159 0.271289 14.275589 14.276439 17.076639 18.511929 18.515859
214 -15.093151 -1.993341 0.225209 0.225329 14.272929 14.273799 17.137649 18.503419 18.507799
215 -15.045021 -2.109361 0.177589 0.177699 14.269819 14.270719 17.190309 18.499809 18.504629
216 -14.996401 -2.222061 0.128319 0.128429 14.266629 14.267549 17.235269 18.501159 18.506439
217 -14.947381 -2.331171 0.077439 0.077539 14.263669 14.264629 17.273149 18.507549 18.513279
218 -14.898121 -2.436421 0.024999 0.025079 14.261269 14.262259 17.304559 18.519059 18.525249
219 -14.848721 -2.537561 -0.028971 -0.028911 14.259719 14.260759 17.330079 18.535759 18.542389
220 -14.799311 -2.634361 -0.084431 -0.084371 14.259289 14.260379 17.350209 18.557729 18.564799
221 -14.750031 -2.726581 -0.141291 -0.141241 14.260239 14.261369 17.365399 18.585049 18.592549
222 -14.701021 -2.813991 -0.199511 -0.199471 14.262789 14.263959 17.376029 18.617789 18.625729
223 -14.652391 -2.896381 -0.259021 -0.258981 14.267129 14.268349 17.382429 18.656069 18.664419
224 -14.604311 -2.973551 -0.319741 -0.319701 14.273429 14.274699 17.384829 18.699929 18.708689
225 -14.556891 -3.045301 -0.381591 -0.381551 14.281829 14.283149 17.383439 18.749479 18.758619
226 -14.510281 -3.111451 -0.444501 -0.444451 14.292449 14.293809 17.378379 18.804769 18.814269
227 -14.464611 -3.171821 -0.508371 -0.508321 14.305379 14.306789 17.369749 18.865859 18.875709
228 -14.420011 -3.226241 -0.573121 -0.573071 14.320689 14.322149 17.357589 18.932769 18.942929
229 -14.376601 -3.274571 -0.638641 -0.638591 14.338429 14.339929 17.341919 19.005489 19.015939
230 -14.334511 -3.316661 -0.704861 -0.704821 14.358619 14.360149 17.322709 19.083999 19.094709
231 -14.293861 -3.352391 -0.771671 -0.771621 14.381269 14.382829 17.299909 19.168189 19.179119
232 -14.254751 -3.381651 -0.838971 -0.838931 14.406359 14.407949 17.273469 19.257929 19.269059
233 -14.217281 -3.404341 -0.906661 -0.906631 14.433869 14.435489 17.243309 19.353039 19.364319
234 -14.181551 -3.420391 -0.974651 -0.974631 14.463769 14.465399 17.209329 19.453229 19.464619
235 -14.147621 -3.429741 -1.042831 -1.042821 14.495989 14.497639 17.171439 19.558169 19.569629
236 -14.115571 -3.432341 -1.111121 -1.111111 14.530479 14.532139 17.129529 19.667449 19.678919
237 -14.085451 -3.428191 -1.179401 -1.179381 14.567169 14.568819 17.083509 19.780539 19.791979
238 -14.057311 -3.417281 -1.247591 -1.247551 14.605969 14.607619 17.033279 19.896859 19.908209
239 -14.031171 -3.399641 -1.315571 -1.315531 14.646809 14.648449 16.978739 20.015699 20.026919
240 -14.007051 -3.375301 -1.383271 -1.383211 14.689599 14.691219 16.919799 20.136299 20.147319
241 -13.984941 -3.344351 -1.450581 -1.450511 14.734249 14.735829 16.856399 20.257759 20.268519
242 -13.964841 -3.306871 -1.517421 -1.517331 14.780659 14.782209 16.788449 20.379099 20.389559
243 -13.946711 -3.262961 -1.583691 -1.583581 14.828749 14.830249 16.715909 20.499289 20.509369
244 -13.930521 -3.212781 -1.649301 -1.649181 14.878409 14.879869 16.638759 20.617159 20.626799
245 -13.916211 -3.156481 -1.714181 -1.714051 14.929579 14.930979 16.556979 20.731499 20.740629
246 -13.903731 -3.094231 -1.778251 -1.778111 14.982159 14.983489 16.470579 20.841049 20.849609
247 -13.892981 -3.026241 -1.841421 -1.841261 15.036049 15.037319 16.379629 20.944459 20.952389
248 -13.883901 -2.952731 -1.903621 -1.903451 15.091199 15.092379 16.284189 21.040379 21.047619
249 -13.876381 -2.873941 -1.964781 -1.964611 15.147499 15.148609 16.184359 21.127459 21.133939
250 -13.870331 -2.790131 -2.024831 -2.024661 15.204889 15.205919 16.080299 21.204339 21.210009
251 -13.865641 -2.701601 -2.083721 -2.083541 15.263279 15.264219 15.972199 21.269699 21.274509
252 -13.862201 -2.608631 -2.141371 -2.141191 15.322579 15.323429 15.860279 21.322329 21.326229
253 -13.859891 -2.511551 -2.197741 -2.197561 15.382679 15.383449 15.744799 21.361109 21.364059
254 -13.858591 -2.410701 -2.252761 -2.252581 15.443459 15.444149 15.626089 21.385059 21.387039
255 -13.858181 -2.306481 -2.306351 -2.306221 15.504469 15.504739 15.505399 21.393449 21.394429
