1 -4.0284 -3.4314 -3.4314 -2.1674 -1.4244 6.1036 6.1036 8.1956 8.5756 28.0616
2 -4.0274 -3.4324 -3.4304 -2.1674 -1.4254 6.0796 6.0906 8.2216 8.5946 27.9976
3 -4.0244 -3.4374 -3.4284 -2.1674 -1.4284 6.0126 6.0546 8.2976 8.6506 27.8426
4 -4.0204 -3.4444 -3.4244 -2.1674 -1.4334 5.9096 5.9966 8.4136 8.7396 27.6486
5 -4.0144 -3.4554 -3.4194 -2.1674 -1.4404 5.7806 5.9226 8.5626 8.8576 27.4376
6 -4.0074 -3.4694 -3.4134 -2.1684 -1.4494 5.6316 5.8366 8.7356 9.0016 27.2216
7 -3.9984 -3.4854 -3.4054 -2.1684 -1.4594 5.4706 5.7406 8.9276 9.1666 27.0026
8 -3.9874 -3.5054 -3.3964 -2.1704 -1.4714 5.3016 5.6406 9.1326 9.3486 26.7846
9 -3.9744 -3.5274 -3.3864 -2.1724 -1.4834 5.1256 5.5376 9.3496 9.5466 26.5686
10 -3.9604 -3.5514 -3.3744 -2.1754 -1.4974 4.9466 5.4326 9.5756 9.7566 26.3546
11 -3.9454 -3.5784 -3.3614 -2.1804 -1.5114 4.7656 5.3286 9.8086 9.9786 26.1436
12 -3.9274 -3.6084 -3.3474 -2.1864 -1.5254 4.5846 5.2266 10.0486 10.2106 25.9356
13 -3.9084 -3.6394 -3.3314 -2.1944 -1.5394 4.4016 5.1266 10.2936 10.4516 25.7306
14 -3.8884 -3.6724 -3.3144 -2.2034 -1.5524 4.2206 5.0306 10.5446 10.7006 25.5306
15 -3.8664 -3.7084 -3.2964 -2.2164 -1.5654 4.0396 4.9366 10.7996 10.9576 25.3326
16 -3.8424 -3.7454 -3.2774 -2.2304 -1.5774 3.8596 4.8466 11.0596 11.2216 25.1396
17 -3.8174 -3.7844 -3.2574 -2.2464 -1.5874 3.6806 4.7616 11.3236 11.4916 24.9506
18 -3.8244 -3.7914 -3.2354 -2.2654 -1.5964 3.5036 4.6796 11.5916 11.7676 24.7656
19 -3.8664 -3.7634 -3.2124 -2.2874 -1.6044 3.3286 4.6016 11.8636 12.0496 24.5846
20 -3.9094 -3.7334 -3.1884 -2.3104 -1.6104 3.1546 4.5276 12.1386 12.3376 24.4086
21 -3.9534 -3.7024 -3.1634 -2.3354 -1.6154 2.9826 4.4586 12.4176 12.6296 24.2366
22 -3.9984 -3.6714 -3.1374 -2.3624 -1.6184 2.8136 4.3926 12.7006 12.9276 24.0686
23 -4.0444 -3.6384 -3.1094 -2.3904 -1.6204 2.6456 4.3306 12.9866 13.2296 23.9056
24 -4.0904 -3.6044 -3.0814 -2.4194 -1.6214 2.4796 4.2726 13.2756 13.5356 23.7476
25 -4.1374 -3.5694 -3.0504 -2.4494 -1.6214 2.3166 4.2176 13.5676 13.8456 23.5936
26 -4.1844 -3.5344 -3.0194 -2.4794 -1.6214 2.1546 4.1666 13.8636 14.1606 23.4446
27 -4.2314 -3.4984 -2.9854 -2.5094 -1.6204 1.9956 4.1186 14.1626 14.4786 23.3006
28 -4.2784 -3.4624 -2.9504 -2.5404 -1.6184 1.8386 4.0746 14.4646 14.7996 23.1616
29 -4.3244 -3.4264 -2.9134 -2.5704 -1.6154 1.6846 4.0326 14.7696 15.1246 23.0266
30 -4.3704 -3.3914 -2.8744 -2.6004 -1.6134 1.5316 3.9936 15.0776 15.4526 22.8976
31 -4.4164 -3.3554 -2.8334 -2.6304 -1.6104 1.3816 3.9576 15.3876 15.7826 22.7746
32 -4.4614 -3.3214 -2.7904 -2.6584 -1.6074 1.2336 3.9246 15.7016 16.1156 22.6556
33 -4.5044 -3.2874 -2.7444 -2.6864 -1.6044 1.0886 3.8936 16.0176 16.4506 22.5426
34 -4.5474 -3.2544 -2.7134 -2.6954 -1.6014 0.9456 3.8656 16.3366 16.7866 22.4346
35 -4.5884 -3.2234 -2.7394 -2.6434 -1.5984 0.8046 3.8386 16.6576 17.1246 22.3326
36 -4.6284 -3.1934 -2.7634 -2.5894 -1.5954 0.6666 3.8146 16.9806 17.4636 22.2356
37 -4.6664 -3.1654 -2.7874 -2.5324 -1.5924 0.5306 3.7926 17.3056 17.8026 22.1456
38 -4.7034 -3.1394 -2.8094 -2.4724 -1.5894 0.3976 3.7716 17.6316 18.1416 22.0606
39 -4.7374 -3.1154 -2.8294 -2.4104 -1.5864 0.2666 3.7536 17.9596 18.4796 21.9806
40 -4.7704 -3.0924 -2.8494 -2.3444 -1.5834 0.1386 3.7366 18.2866 18.8166 21.9076
41 -4.8004 -3.0714 -2.8674 -2.2764 -1.5814 0.0126 3.7216 18.6146 19.1496 21.8416
42 -4.8284 -3.0524 -2.8834 -2.2064 -1.5784 -0.1094 3.7076 18.9406 19.4786 21.7816
43 -4.8544 -3.0354 -2.8984 -2.1344 -1.5764 -0.2294 3.6956 19.2636 19.8026 21.7276
44 -4.8774 -3.0204 -2.9114 -2.0604 -1.5744 -0.3454 3.6856 19.5826 20.1176 21.6826
45 -4.8984 -3.0064 -2.9234 -1.9844 -1.5724 -0.4574 3.6756 19.8926 20.4216 21.6446
46 -4.9164 -2.9954 -2.9344 -1.9084 -1.5714 -0.5664 3.6686 20.1886 20.7116 21.6176
47 -4.9314 -2.9854 -2.9434 -1.8314 -1.5704 -0.6694 3.6616 20.4656 20.9816 21.6016
48 -4.9444 -2.9774 -2.9504 -1.7574 -1.5694 -0.7654 3.6556 20.7096 21.2256 21.6036
49 -4.9544 -2.9704 -2.9554 -1.6874 -1.5684 -0.8524 3.6516 20.9056 21.4336 21.6256
50 -4.9614 -2.9664 -2.9594 -1.6264 -1.5674 -0.9254 3.6486 21.0406 21.5956 21.6696
51 -4.9654 -2.9634 -2.9624 -1.5834 -1.5674 -0.9764 3.6476 21.1126 21.6996 21.7156
52 -4.9674 -2.9624 -2.9624 -1.5674 -1.5674 -0.9954 3.6466 21.1346 21.7356 21.7356
53 -4.9684 -2.9624 -2.9624 -1.5674 -1.5674 -1.0074 3.6646 21.1356 21.7366 21.7366
54 -4.9724 -2.9614 -2.9614 -1.5694 -1.5694 -1.0424 3.7166 21.1416 21.7376 21.7376
55 -4.9794 -2.9604 -2.9604 -1.5734 -1.5734 -1.1004 3.8016 21.1496 21.7396 21.7396
56 -4.9894 -2.9584 -2.9584 -1.5784 -1.5784 -1.1774 3.9176 21.1616 21.7416 21.7416
57 -5.0024 -2.9554 -2.9554 -1.5844 -1.5844 -1.2694 4.0616 21.1756 21.7456 21.7456
58 -5.0184 -2.9524 -2.9524 -1.5914 -1.5914 -1.3754 4.2296 21.1946 21.7496 21.7496
59 -5.0384 -2.9484 -2.9484 -1.5994 -1.5994 -1.4904 4.4186 21.2156 21.7556 21.7556
60 -5.0614 -2.9444 -2.9444 -1.6124 -1.6094 -1.6094 4.6276 21.2406 21.7616 21.7616
61 -5.0894 -2.9394 -2.9394 -1.7374 -1.6204 -1.6204 4.8526 21.2676 21.7696 21.7696
62 -5.1214 -2.9344 -2.9344 -1.8644 -1.6324 -1.6324 5.0916 21.2986 21.7786 21.7786
63 -5.1594 -2.9294 -2.9294 -1.9914 -1.6464 -1.6464 5.3446 21.3316 21.7896 21.7896
64 -5.2024 -2.9234 -2.9234 -2.1144 -1.6604 -1.6604 5.6076 21.3686 21.8006 21.8006
65 -5.2514 -2.9164 -2.9164 -2.2344 -1.6754 -1.6754 5.8816 21.4076 21.8146 21.8146
66 -5.3064 -2.9094 -2.9094 -2.3484 -1.6914 -1.6914 6.1646 21.4496 21.8296 21.8296
67 -5.3684 -2.9024 -2.9024 -2.4564 -1.7084 -1.7084 6.4556 21.4936 21.8466 21.8466
68 -5.4374 -2.8954 -2.8954 -2.5564 -1.7264 -1.7264 6.7546 21.5406 21.8656 21.8656
69 -5.5134 -2.8874 -2.8874 -2.6484 -1.7444 -1.7444 7.0596 21.5896 21.8856 21.8856
70 -5.5954 -2.8794 -2.8794 -2.7324 -1.7644 -1.7644 7.3726 21.6416 21.9086 21.9086
71 -5.6844 -2.8714 -2.8714 -2.8074 -1.7834 -1.7834 7.6906 21.6946 21.9326 21.9326
72 -5.7794 -2.8744 -2.8624 -2.8624 -1.8034 -1.8034 8.0146 21.7496 21.9596 21.9596
73 -5.8794 -2.9334 -2.8544 -2.8544 -1.8244 -1.8244 8.3436 21.8056 21.9886 21.9886
74 -5.9854 -2.9844 -2.8454 -2.8454 -1.8454 -1.8454 8.6776 21.8646 22.0196 22.0196
75 -6.0944 -3.0274 -2.8374 -2.8374 -1.8664 -1.8664 9.0176 21.9236 22.0536 22.0536
76 -6.2074 -3.0644 -2.8294 -2.8294 -1.8874 -1.8874 9.3606 21.9836 22.0896 22.0896
77 -6.3234 -3.0954 -2.8214 -2.8214 -1.9084 -1.9084 9.7086 22.0456 22.1276 22.1276
78 -6.4414 -3.1204 -2.8134 -2.8134 -1.9294 -1.9294 10.0616 22.1076 22.1686 22.1686
79 -6.5614 -3.1394 -2.8054 -2.8054 -1.9494 -1.9494 10.4176 22.1696 22.2116 22.2116
80 -6.6814 -3.1554 -2.7984 -2.7984 -1.9694 -1.9694 10.7786 22.2316 22.2566 22.2566
81 -6.8024 -3.1664 -2.7914 -2.7914 -1.9884 -1.9884 11.1426 22.2936 22.3056 22.3056
82 -6.9224 -3.1744 -2.7854 -2.7854 -2.0074 -2.0074 11.5096 22.3556 22.3556 22.3556
83 -7.0424 -3.1784 -2.7804 -2.7804 -2.0264 -2.0264 11.8816 22.4086 22.4086 22.4176
84 -7.1604 -3.1804 -2.7764 -2.7764 -2.0434 -2.0434 12.2556 22.4646 22.4646 22.4776
85 -7.2774 -3.1804 -2.7724 -2.7724 -2.0594 -2.0594 12.6336 22.5226 22.5226 22.5376
86 -7.3934 -3.1774 -2.7694 -2.7694 -2.0744 -2.0744 13.0146 22.5836 22.5836 22.5956
87 -7.5064 -3.1724 -2.7684 -2.7684 -2.0884 -2.0884 13.3996 22.6476 22.6476 22.6526
88 -7.6174 -3.1664 -2.7674 -2.7674 -2.1014 -2.1014 13.7866 22.7076 22.7136 22.7136
89 -7.7254 -3.1594 -2.7684 -2.7684 -2.1124 -2.1124 14.1766 22.7606 22.7826 22.7826
90 -7.8314 -3.1504 -2.7704 -2.7704 -2.1224 -2.1224 14.5686 22.8116 22.8536 22.8536
91 -7.9334 -3.1404 -2.7734 -2.7734 -2.1314 -2.1314 14.9646 22.8606 22.9276 22.9276
92 -8.0334 -3.1294 -2.7764 -2.7764 -2.1384 -2.1384 15.3616 22.9076 23.0036 23.0036
93 -8.1294 -3.1184 -2.7814 -2.7814 -2.1444 -2.1444 15.7616 22.9516 23.0826 23.0826
94 -8.2224 -3.1074 -2.7874 -2.7874 -2.1484 -2.1484 16.1636 22.9936 23.1636 23.1636
95 -8.3114 -3.0954 -2.7944 -2.7944 -2.1524 -2.1524 16.5676 23.0336 23.2476 23.2476
96 -8.3964 -3.0834 -2.8014 -2.8014 -2.1544 -2.1544 16.9726 23.0706 23.3336 23.3336
97 -8.4784 -3.0714 -2.8094 -2.8094 -2.1554 -2.1554 17.3796 23.1066 23.4226 23.4226
98 -8.5564 -3.0594 -2.8184 -2.8184 -2.1564 -2.1564 17.7866 23.1406 23.5126 23.5126
99 -8.6314 -3.0474 -2.8274 -2.8274 -2.1564 -2.1564 18.1946 23.1736 23.6056 23.6056
100 -8.7014 -3.0354 -2.8354 -2.8354 -2.1544 -2.1544 18.6026 23.2056 23.7006 23.7006
101 -8.7674 -3.0244 -2.8444 -2.8444 -2.1534 -2.1534 19.0096 23.2366 23.7966 23.7966
102 -8.8304 -3.0124 -2.8534 -2.8534 -2.1514 -2.1514 19.4136 23.2686 23.8936 23.8936
103 -8.8884 -3.0024 -2.8624 -2.8624 -2.1494 -2.1494 19.8156 23.3026 23.9926 23.9926
104 -8.9424 -2.9924 -2.8714 -2.8714 -2.1474 -2.1474 20.2116 23.3396 24.0916 24.0916
105 -8.9924 -2.9814 -2.8794 -2.8794 -2.1444 -2.1444 20.5996 23.3826 24.1916 24.1916
106 -9.0374 -2.9724 -2.8874 -2.8874 -2.1424 -2.1424 20.9746 23.4346 24.2906 24.2906
107 -9.0794 -2.9644 -2.8944 -2.8944 -2.1394 -2.1394 21.3316 23.5016 24.3886 24.3886
108 -9.1164 -2.9574 -2.9014 -2.9014 -2.1374 -2.1374 21.6616 23.5896 24.4836 24.4836
109 -9.1484 -2.9504 -2.9074 -2.9074 -2.1354 -2.1354 21.9536 23.7076 24.5756 24.5756
110 -9.1774 -2.9444 -2.9124 -2.9124 -2.1334 -2.1334 22.1976 23.8646 24.6626 24.6626
111 -9.2014 -2.9394 -2.9164 -2.9164 -2.1314 -2.1314 22.3866 24.0606 24.7426 24.7426
112 -9.2214 -2.9354 -2.9204 -2.9204 -2.1294 -2.1294 22.5226 24.2876 24.8136 24.8136
113 -9.2364 -2.9314 -2.9234 -2.9234 -2.1284 -2.1284 22.6146 24.5236 24.8726 24.8726
114 -9.2474 -2.9294 -2.9254 -2.9254 -2.1274 -2.1274 22.6726 24.7396 24.9166 24.9166
115 -9.2544 -2.9274 -2.9274 -2.9274 -2.1274 -2.1274 22.7046 24.8956 24.9446 24.9446
116 -9.2564 -2.9274 -2.9274 -2.9274 -2.1264 -2.1264 22.7146 24.9546 24.9546 24.9546
117 -9.2544 -2.9284 -2.9264 -2.9264 -2.1274 -2.1264 22.7046 24.9206 24.9206 24.9446
118 -9.2474 -2.9304 -2.9254 -2.9254 -2.1294 -2.1264 22.6756 24.8236 24.8236 24.9156
119 -9.2364 -2.9334 -2.9224 -2.9224 -2.1324 -2.1244 22.6276 24.6766 24.6766 24.8676
120 -9.2214 -2.9374 -2.9194 -2.9194 -2.1364 -2.1234 22.5626 24.4936 24.4936 24.8026
121 -9.2014 -2.9434 -2.9144 -2.9144 -2.1414 -2.1214 22.4826 24.2866 24.2866 24.7216
122 -9.1774 -2.9504 -2.9084 -2.9084 -2.1484 -2.1184 22.3906 24.0626 24.0626 24.6256
123 -9.1494 -2.9594 -2.9024 -2.9024 -2.1554 -2.1154 22.2876 23.8276 23.8276 24.5166
124 -9.1164 -2.9684 -2.8944 -2.8944 -2.1644 -2.1114 22.1756 23.5856 23.5856 24.3976
125 -9.0794 -2.9794 -2.8854 -2.8854 -2.1734 -2.1074 22.0566 23.3386 23.3386 24.2686
126 -9.0384 -2.9914 -2.8764 -2.8764 -2.1844 -2.1034 21.9326 23.0886 23.0886 24.1316
127 -8.9924 -3.0044 -2.8654 -2.8654 -2.1964 -2.0984 21.8056 22.8376 22.8376 23.9886
128 -8.9424 -3.0184 -2.8534 -2.8534 -2.2084 -2.0934 21.6746 22.5856 22.5856 23.8396
129 -8.8884 -3.0344 -2.8414 -2.8414 -2.2224 -2.0874 21.5426 22.3326 22.3326 23.6866
130 -8.8304 -3.0504 -2.8274 -2.8274 -2.2374 -2.0814 21.4096 22.0796 22.0796 23.5296
131 -8.7684 -3.0684 -2.8124 -2.8124 -2.2524 -2.0754 21.2756 21.8286 21.8286 23.3686
132 -8.7024 -3.0864 -2.7974 -2.7974 -2.2674 -2.0684 21.1416 21.5776 21.5776 23.2066
133 -8.6314 -3.1064 -2.7804 -2.7804 -2.2844 -2.0614 21.0096 21.3286 21.3286 23.0416
134 -8.5574 -3.1264 -2.7634 -2.7634 -2.3014 -2.0534 20.8776 21.0816 21.0816 22.8746
135 -8.4784 -3.1474 -2.7444 -2.7444 -2.3194 -2.0454 20.7476 20.8356 20.8356 22.7046
136 -8.3964 -3.1704 -2.7254 -2.7254 -2.3384 -2.0374 20.5916 20.5916 20.6196 22.5336
137 -8.3104 -3.1934 -2.7054 -2.7054 -2.3574 -2.0284 20.3496 20.3496 20.4926 22.3596
138 -8.2204 -3.2174 -2.6834 -2.6834 -2.3754 -2.0194 20.1106 20.1106 20.3686 22.1816
139 -8.1274 -3.2414 -2.6624 -2.6624 -2.3954 -2.0104 19.8736 19.8736 20.2466 22.0006
140 -8.0304 -3.2664 -2.6394 -2.6394 -2.4144 -2.0004 19.6386 19.6386 20.1266 21.8136
141 -7.9304 -3.2924 -2.6154 -2.6154 -2.4334 -1.9914 19.4056 19.4056 20.0096 21.6186
142 -7.8264 -3.3184 -2.5914 -2.5914 -2.4524 -1.9814 19.1766 19.1766 19.8946 21.4156
143 -7.7194 -3.3454 -2.5664 -2.5664 -2.4704 -1.9704 18.9496 18.9496 19.7826 21.2016
144 -7.6104 -3.3724 -2.5404 -2.5404 -2.4894 -1.9604 18.7246 18.7246 19.6736 20.9736
145 -7.4974 -3.4004 -2.5144 -2.5144 -2.5064 -1.9494 18.5036 18.5036 19.5666 20.7296
146 -7.3824 -3.4284 -2.5224 -2.4874 -2.4874 -1.9394 18.2846 18.2846 19.4626 20.4686
147 -7.2644 -3.4564 -2.5374 -2.4594 -2.4594 -1.9284 18.0696 18.0696 19.3616 20.1876
148 -7.1444 -3.4854 -2.5504 -2.4304 -2.4304 -1.9174 17.8576 17.8576 19.2636 19.8886
149 -7.0224 -3.5134 -2.5614 -2.4014 -2.4014 -1.9064 17.6486 17.6486 19.1676 19.5716
150 -6.8994 -3.5424 -2.5714 -2.3724 -2.3724 -1.8944 17.4426 17.4426 19.0746 19.2386
151 -6.7754 -3.5714 -2.5774 -2.3414 -2.3414 -1.8834 17.2406 17.2406 18.8916 18.9846
152 -6.6494 -3.6004 -2.5814 -2.3114 -2.3114 -1.8724 17.0416 17.0416 18.5336 18.8976
153 -6.5244 -3.6294 -2.5814 -2.2804 -2.2804 -1.8604 16.8456 16.8456 18.1666 18.8126
154 -6.3984 -3.6584 -2.5774 -2.2494 -2.2494 -1.8494 16.6536 16.6536 17.7926 18.7306
155 -6.2734 -3.6874 -2.5694 -2.2174 -2.2174 -1.8374 16.4656 16.4656 17.4136 18.6516
156 -6.1504 -3.7164 -2.5554 -2.1864 -2.1864 -1.8264 16.2816 16.2816 17.0306 18.5746
157 -6.0294 -3.7454 -2.5364 -2.1544 -2.1544 -1.8154 16.1006 16.1006 16.6456 18.5006
158 -5.9104 -3.7734 -2.5094 -2.1214 -2.1214 -1.8034 15.9246 15.9246 16.2596 18.4286
159 -5.7954 -3.8014 -2.4764 -2.0894 -2.0894 -1.7924 15.7516 15.7516 15.8726 18.3596
160 -5.6854 -3.8284 -2.4344 -2.0574 -2.0574 -1.7814 15.4866 15.5836 15.5836 18.2936
161 -5.5794 -3.8554 -2.3834 -2.0244 -2.0244 -1.7704 15.1016 15.4196 15.4196 18.2296
162 -5.4804 -3.8834 -2.3224 -1.9924 -1.9924 -1.7604 14.7176 15.2596 15.2596 18.1676
163 -5.3884 -3.9094 -2.2524 -1.9604 -1.9604 -1.7494 14.3366 15.1036 15.1036 18.1086
164 -5.3024 -3.9354 -2.1704 -1.9284 -1.9284 -1.7384 13.9576 14.9526 14.9526 18.0526
165 -5.2244 -3.9604 -2.0774 -1.8974 -1.8974 -1.7284 13.5816 14.8066 14.8066 17.9986
166 -5.1534 -3.9844 -1.9734 -1.8664 -1.8664 -1.7184 13.2076 14.6646 14.6646 17.9466
167 -5.0914 -4.0084 -1.8594 -1.8354 -1.8354 -1.7094 12.8386 14.5276 14.5276 17.8976
168 -5.0354 -4.0314 -1.8054 -1.8054 -1.7334 -1.6994 12.4726 14.3956 14.3956 17.8516
169 -4.9874 -4.0534 -1.7754 -1.7754 -1.6904 -1.5974 12.1116 14.2686 14.2686 17.8066
170 -4.9454 -4.0744 -1.7464 -1.7464 -1.6814 -1.4524 11.7546 14.1466 14.1466 17.7646
171 -4.9104 -4.0954 -1.7184 -1.7184 -1.6734 -1.2994 11.4026 14.0306 14.0306 17.7236
172 -4.8794 -4.1154 -1.6914 -1.6914 -1.6644 -1.1374 11.0566 13.9186 13.9186 17.6866
173 -4.8544 -4.1334 -1.6654 -1.6654 -1.6564 -0.9694 10.7156 13.8126 13.8126 17.6506
174 -4.8334 -4.1514 -1.6494 -1.6394 -1.6394 -0.7944 10.3816 13.7116 13.7116 17.6166
175 -4.8164 -4.1684 -1.6424 -1.6154 -1.6154 -0.6154 10.0546 13.6166 13.6166 17.5856
176 -4.8024 -4.1844 -1.6354 -1.5924 -1.5924 -0.4334 9.7356 13.5276 13.5276 17.5566
177 -4.7914 -4.1994 -1.6294 -1.5704 -1.5704 -0.2484 9.4246 13.4436 13.4436 17.5296
178 -4.7824 -4.2134 -1.6234 -1.5494 -1.5494 -0.0624 9.1226 13.3666 13.3666 17.5046
179 -4.7754 -4.2264 -1.6174 -1.5304 -1.5304 0.1226 8.8326 13.2946 13.2946 17.4816
180 -4.7704 -4.2384 -1.6124 -1.5124 -1.5124 0.3056 8.5546 13.2286 13.2286 17.4606
181 -4.7664 -4.2494 -1.6084 -1.4964 -1.4964 0.4856 8.2896 13.1686 13.1686 17.4416
182 -4.7634 -4.2594 -1.6044 -1.4814 -1.4814 0.6586 8.0406 13.1146 13.1146 17.4246
183 -4.7614 -4.2674 -1.6004 -1.4684 -1.4684 0.8226 7.8096 13.0666 13.0666 17.4096
184 -4.7594 -4.2754 -1.5974 -1.4574 -1.4574 0.9756 7.5996 13.0256 13.0256 17.3966
185 -4.7584 -4.2814 -1.5944 -1.4474 -1.4474 1.1136 7.4126 12.9906 12.9906 17.3856
186 -4.7584 -4.2874 -1.5924 -1.4394 -1.4394 1.2336 7.2536 12.9616 12.9616 17.3766
187 -4.7584 -4.2914 -1.5904 -1.4334 -1.4334 1.3316 7.1246 12.9396 12.9396 17.3706
188 -4.7584 -4.2944 -1.5894 -1.4284 -1.4284 1.4046 7.0296 12.9236 12.9236 17.3656
189 -4.7574 -4.2954 -1.5884 -1.4254 -1.4254 1.4496 6.9716 12.9136 12.9136 17.3626
190 -4.7574 -4.2954 -1.5874 -1.4244 -1.4244 1.4646 6.9516 12.9106 12.9106 17.3616
191 -4.7564 -4.2954 -1.5884 -1.4294 -1.4254 1.4706 6.9526 12.8936 12.8996 17.3806
192 -4.7534 -4.2934 -1.5914 -1.4414 -1.4254 1.4896 6.9556 12.8436 12.8696 17.4386
193 -4.7484 -4.2904 -1.5954 -1.4624 -1.4254 1.5196 6.9596 12.7646 12.8186 17.5326
194 -4.7414 -4.2864 -1.6004 -1.4904 -1.4254 1.5616 6.9646 12.6576 12.7506 17.6586
195 -4.7324 -4.2814 -1.6074 -1.5254 -1.4254 1.6136 6.9726 12.5276 12.6646 17.8136
196 -4.7204 -4.2744 -1.6154 -1.5664 -1.4254 1.6766 6.9816 12.3786 12.5646 17.9946
197 -4.7074 -4.2664 -1.6254 -1.6124 -1.4254 1.7476 6.9916 12.2146 12.4516 18.1956
198 -4.6924 -4.2574 -1.6634 -1.6364 -1.4254 1.8286 7.0046 12.0376 12.3276 18.4146
199 -4.6754 -4.2464 -1.7184 -1.6494 -1.4254 1.9166 7.0186 11.8506 12.1946 18.6496
200 -4.6574 -4.2344 -1.7764 -1.6634 -1.4254 2.0116 7.0346 11.6556 12.0536 18.8976
201 -4.6374 -4.2214 -1.8374 -1.6784 -1.4254 2.1136 7.0516 11.4556 11.9076 19.1566
202 -4.6154 -4.2074 -1.9004 -1.6954 -1.4244 2.2216 7.0716 11.2496 11.7566 19.4266
203 -4.5914 -4.1924 -1.9654 -1.7124 -1.4244 2.3356 7.0936 11.0416 11.6026 19.7056
204 -4.5664 -4.1754 -2.0314 -1.7314 -1.4244 2.4546 7.1166 10.8306 11.4466 19.9926
205 -4.5404 -4.1584 -2.0984 -1.7524 -1.4244 2.5776 7.1426 10.6176 11.2886 20.2866
206 -4.5134 -4.1384 -2.1654 -1.7734 -1.4244 2.7056 7.1696 10.4036 11.1306 20.5886
207 -4.4844 -4.1184 -2.2334 -1.7954 -1.4244 2.8376 7.1996 10.1896 10.9736 20.8956
208 -4.4554 -4.0964 -2.3004 -1.8184 -1.4244 2.9726 7.2316 9.9746 10.8166 21.2096
209 -4.4254 -4.0734 -2.3684 -1.8414 -1.4244 3.1126 7.2656 9.7596 10.6616 21.5286
210 -4.3954 -4.0494 -2.4354 -1.8654 -1.4244 3.2556 7.3016 9.5456 10.5086 21.8526
211 -4.3644 -4.0244 -2.5024 -1.8904 -1.4244 3.4016 7.3406 9.3316 10.3576 22.1826
212 -4.3334 -3.9974 -2.5684 -1.9154 -1.4244 3.5506 7.3816 9.1186 10.2096 22.5166
213 -4.3024 -3.9694 -2.6334 -1.9404 -1.4244 3.7026 7.4256 8.9076 10.0646 22.8566
214 -4.2724 -3.9394 -2.6974 -1.9644 -1.4244 3.8576 7.4716 8.6966 9.9226 23.2006
215 -4.2424 -3.9084 -2.7614 -1.9894 -1.4244 4.0156 7.5206 8.4876 9.7846 23.5486
216 -4.2134 -3.8764 -2.8234 -2.0134 -1.4244 4.1766 7.5716 8.2796 9.6496 23.9016
217 -4.1844 -3.8424 -2.8854 -2.0364 -1.4244 4.3396 7.6266 8.0726 9.5186 24.2586
218 -4.1584 -3.8074 -2.9454 -2.0584 -1.4244 4.5056 7.6826 7.8676 9.3916 24.6206
219 -4.1334 -3.7714 -3.0044 -2.0794 -1.4244 4.6736 7.6646 7.7426 9.2696 24.9866
220 -4.1104 -3.7334 -3.0624 -2.0984 -1.4244 4.8446 7.4626 7.8046 9.1516 25.3566
221 -4.0894 -3.6944 -3.1184 -2.1154 -1.4244 5.0176 7.2626 7.8686 9.0386 25.7316
222 -4.0714 -3.6534 -3.1744 -2.1314 -1.4244 5.1926 7.0646 7.9346 8.9316 26.1096
223 -4.0564 -3.6124 -3.2284 -2.1444 -1.4244 5.3706 6.8686 8.0016 8.8306 26.4916
224 -4.0444 -3.5684 -3.2804 -2.1544 -1.4244 5.5506 6.6746 8.0676 8.7376 26.8786
225 -4.0354 -3.5244 -3.3324 -2.1614 -1.4244 5.7326 6.4816 8.1286 8.6576 27.2686
226 -4.0304 -3.4784 -3.3824 -2.1664 -1.4244 5.9166 6.2916 8.1766 8.5986 27.6636
227 -4.0284 -3.4314 -3.4314 -2.1674 -1.4244 6.1036 6.1036 8.1956 8.5756 28.0616
228 -4.0284 -3.4624 -3.3994 -2.1674 -1.4244 5.9816 6.2106 8.1956 8.5966 27.7726
229 -4.0294 -3.4944 -3.3664 -2.1654 -1.4264 5.8626 6.2856 8.1866 8.6686 27.4506
230 -4.0324 -3.5264 -3.3334 -2.1624 -1.4284 5.7476 6.3286 8.1656 8.7926 27.1076
231 -4.0344 -3.5574 -3.2994 -2.1574 -1.4314 5.6366 6.3456 8.1366 8.9596 26.7496
232 -4.0384 -3.5894 -3.2654 -2.1524 -1.4354 5.5296 6.3426 8.1026 9.1606 26.3806
233 -4.0424 -3.6194 -3.2304 -2.1464 -1.4394 5.4256 6.3236 8.0676 9.3866 26.0046
234 -4.0474 -3.6494 -3.1964 -2.1384 -1.4454 5.3256 6.2926 8.0316 9.6326 25.6236
235 -4.0524 -3.6784 -3.1614 -2.1314 -1.4514 5.2306 6.2556 7.9976 9.8936 25.2376
236 -4.0594 -3.7064 -3.1274 -2.1234 -1.4594 5.1386 6.2126 7.9646 10.1656 24.8496
237 -4.0654 -3.7334 -3.0924 -2.1144 -1.4664 5.0516 6.1666 7.9326 10.4466 24.4606
238 -4.0724 -3.7584 -3.0574 -2.1054 -1.4754 4.9676 6.1196 7.9026 10.7346 24.0726
239 -4.0804 -3.7834 -3.0234 -2.0954 -1.4844 4.8886 6.0726 7.8746 11.0276 23.6846
240 -4.0884 -3.8054 -2.9904 -2.0864 -1.4944 4.8146 6.0256 7.8486 11.3256 23.2986
241 -4.0964 -3.8264 -2.9574 -2.0764 -1.5044 4.7436 5.9796 7.8236 11.6266 22.9156
242 -4.1054 -3.8454 -2.9254 -2.0674 -1.5154 4.6786 5.9356 7.8006 11.9296 22.5366
243 -4.1144 -3.8634 -2.8944 -2.0574 -1.5264 4.6166 5.8946 7.7796 12.2336 22.1626
244 -4.1234 -3.8794 -2.8644 -2.0494 -1.5374 4.5606 5.8546 7.7606 12.5376 21.7946
245 -4.1324 -3.8934 -2.8364 -2.0404 -1.5484 4.5086 5.8176 7.7436 12.8386 21.4336
246 -4.1404 -3.9054 -2.8094 -2.0324 -1.5584 4.4616 5.7846 7.7276 13.1376 21.0816
247 -4.1484 -3.9164 -2.7844 -2.0254 -1.5694 4.4186 5.7536 7.7136 13.4296 20.7416
248 -4.1564 -3.9264 -2.7614 -2.0194 -1.5794 4.3816 5.7266 7.7016 13.7136 20.4156
249 -4.1634 -3.9344 -2.7414 -2.0134 -1.5884 4.3486 5.7026 7.6906 13.9846 20.1076
250 -4.1694 -3.9404 -2.7234 -2.0084 -1.5964 4.3216 5.6816 7.6826 14.2376 19.8236
251 -4.1744 -3.9454 -2.7084 -2.0034 -1.6034 4.2986 5.6646 7.6746 14.4656 19.5696
252 -4.1784 -3.9494 -2.6964 -2.0004 -1.6094 4.2806 5.6516 7.6696 14.6606 19.3546
253 -4.1814 -3.9524 -2.6874 -1.9984 -1.6134 4.2686 5.6426 7.6656 14.8126 19.1896
254 -4.1834 -3.9544 -2.6824 -1.9964 -1.6154 4.2606 5.6366 7.6626 14.9086 19.0846
255 -4.1834 -3.9544 -2.6814 -1.9964 -1.6164 4.2586 5.6346 7.6616 14.9416 19.0486
