1 -9.1981 -8.9881 -8.9881 -8.5301 -8.1641 1.8659 2.0719 2.0719 3.7379 17.3599
2 -9.1981 -8.9881 -8.9871 -8.5301 -8.1641 1.7859 2.0559 2.1549 3.7549 17.1959
3 -9.1981 -8.9901 -8.9851 -8.5301 -8.1661 1.6539 2.0119 2.2989 3.8059 17.0229
4 -9.1971 -8.9921 -8.9821 -8.5301 -8.1681 1.5169 1.9429 2.4559 3.8849 16.8509
5 -9.1961 -8.9951 -8.9781 -8.5311 -8.1721 1.3809 1.8549 2.6189 3.9859 16.6819
6 -9.1951 -8.9981 -8.9721 -8.5311 -8.1761 1.2469 1.7529 2.7879 4.1059 16.5159
7 -9.1941 -9.0031 -8.9651 -8.5321 -8.1821 1.1169 1.6419 2.9599 4.2389 16.3509
8 -9.1921 -9.0081 -8.9561 -8.5331 -8.1881 0.9909 1.5229 3.1369 4.3829 16.1899
9 -9.1901 -9.0141 -8.9471 -8.5351 -8.1941 0.8689 1.4009 3.3179 4.5349 16.0299
10 -9.1881 -9.0211 -8.9361 -8.5371 -8.2011 0.7499 1.2749 3.5019 4.6939 15.8739
11 -9.1851 -9.0281 -8.9251 -8.5401 -8.2091 0.6349 1.1479 3.6889 4.8589 15.7199
12 -9.1831 -9.0361 -8.9121 -8.5431 -8.2171 0.5239 1.0199 3.8809 5.0279 15.5689
13 -9.1791 -9.0441 -8.8991 -8.5481 -8.2241 0.4169 0.8919 4.0759 5.2019 15.4199
14 -9.1761 -9.0531 -8.8841 -8.5531 -8.2321 0.3129 0.7639 4.2739 5.3789 15.2749
15 -9.1721 -9.0621 -8.8691 -8.5601 -8.2391 0.2139 0.6369 4.4749 5.5589 15.1319
16 -9.1681 -9.0721 -8.8521 -8.5681 -8.2461 0.1179 0.5109 4.6799 5.7419 14.9919
17 -9.1631 -9.0831 -8.8351 -8.5771 -8.2521 0.0259 0.3869 4.8869 5.9279 14.8549
18 -9.1581 -9.0931 -8.8171 -8.5871 -8.2571 -0.0631 0.2639 5.0979 6.1169 14.7209
19 -9.1531 -9.1041 -8.7991 -8.5991 -8.2621 -0.1481 0.1429 5.3119 6.3069 14.5899
20 -9.1481 -9.1161 -8.7801 -8.6121 -8.2661 -0.2291 0.0239 5.5279 6.4999 14.4629
21 -9.1421 -9.1271 -8.7601 -8.6261 -8.2691 -0.3071 -0.0931 5.7479 6.6949 14.3379
22 -9.1391 -9.1371 -8.7401 -8.6411 -8.2721 -0.3821 -0.2081 5.9689 6.8919 14.2169
23 -9.1511 -9.1311 -8.7191 -8.6571 -8.2741 -0.4531 -0.3211 6.1939 7.0909 14.0999
24 -9.1641 -9.1251 -8.6981 -8.6741 -8.2751 -0.5211 -0.4311 6.4209 7.2909 13.9849
25 -9.1761 -9.1181 -8.6921 -8.6761 -8.2761 -0.5861 -0.5391 6.6499 7.4929 13.8739
26 -9.1891 -9.1121 -8.7091 -8.6541 -8.2761 -0.6481 -0.6441 6.8809 7.6969 13.7669
27 -9.2021 -9.1051 -8.7271 -8.6321 -8.2761 -0.7461 -0.7061 7.1139 7.9019 13.6629
28 -9.2151 -9.0991 -8.7451 -8.6101 -8.2751 -0.8451 -0.7621 7.3489 8.1079 13.5629
29 -9.2281 -9.0921 -8.7631 -8.5871 -8.2741 -0.9421 -0.8151 7.5859 8.3149 13.4659
30 -9.2411 -9.0861 -8.7811 -8.5651 -8.2741 -1.0351 -0.8651 7.8239 8.5239 13.3739
31 -9.2541 -9.0791 -8.7991 -8.5431 -8.2721 -1.1251 -0.9121 8.0639 8.7329 13.2849
32 -9.2671 -9.0731 -8.8161 -8.5211 -8.2711 -1.2121 -0.9561 8.3039 8.9429 13.1999
33 -9.2801 -9.0661 -8.8331 -8.4991 -8.2701 -1.2961 -0.9981 8.5449 9.1529 13.1189
34 -9.2931 -9.0601 -8.8491 -8.4781 -8.2681 -1.3761 -1.0371 8.7869 9.3639 13.0419
35 -9.3061 -9.0541 -8.8641 -8.4571 -8.2671 -1.4521 -1.0741 9.0279 9.5739 12.9689
36 -9.3181 -9.0481 -8.8791 -8.4361 -8.2651 -1.5251 -1.1081 9.2689 9.7849 12.8999
37 -9.3301 -9.0421 -8.8931 -8.4161 -8.2641 -1.5941 -1.1401 9.5099 9.9939 12.8359
38 -9.3421 -9.0371 -8.9061 -8.3971 -8.2631 -1.6601 -1.1701 9.7489 10.2019 12.7759
39 -9.3531 -9.0311 -8.9181 -8.3791 -8.2611 -1.7211 -1.1971 9.9849 10.4079 12.7199
40 -9.3641 -9.0261 -8.9301 -8.3611 -8.2601 -1.7781 -1.2221 10.2189 10.6109 12.6699
41 -9.3741 -9.0221 -8.9401 -8.3451 -8.2591 -1.8321 -1.2451 10.4479 10.8109 12.6239
42 -9.3831 -9.0171 -8.9501 -8.3301 -8.2571 -1.8801 -1.2651 10.6719 11.0049 12.5839
43 -9.3921 -9.0131 -8.9591 -8.3151 -8.2561 -1.9251 -1.2841 10.8889 11.1919 12.5499
44 -9.4001 -9.0101 -8.9671 -8.3021 -8.2551 -1.9651 -1.3011 11.0969 11.3699 12.5229
45 -9.4071 -9.0071 -8.9731 -8.2911 -8.2541 -2.0011 -1.3151 11.2939 11.5359 12.5039
46 -9.4141 -9.0041 -8.9791 -8.2811 -8.2541 -2.0321 -1.3281 11.4769 11.6849 12.4929
47 -9.4191 -9.0011 -8.9841 -8.2721 -8.2531 -2.0581 -1.3381 11.6419 11.8119 12.4939
48 -9.4241 -8.9991 -8.9891 -8.2651 -8.2521 -2.0801 -1.3471 11.7859 11.9139 12.5069
49 -9.4271 -8.9981 -8.9921 -8.2591 -8.2521 -2.0961 -1.3541 11.9039 11.9869 12.5299
50 -9.4301 -8.9971 -8.9941 -8.2551 -8.2521 -2.1081 -1.3581 11.9919 12.0329 12.5569
51 -9.4311 -8.9961 -8.9951 -8.2521 -8.2521 -2.1161 -1.3611 12.0469 12.0579 12.5779
52 -9.4321 -8.9961 -8.9961 -8.2511 -8.2511 -2.1181 -1.3621 12.0659 12.0659 12.5859
53 -9.4311 -8.9961 -8.9961 -8.2521 -8.2521 -2.1681 -1.3101 12.0669 12.0669 12.5869
54 -9.4311 -8.9951 -8.9951 -8.2531 -8.2531 -2.2901 -1.1791 12.0709 12.0709 12.5899
55 -9.4291 -8.9951 -8.9951 -8.2551 -8.2551 -2.4461 -1.0101 12.0769 12.0769 12.5949
56 -9.4271 -8.9941 -8.9941 -8.2571 -8.2571 -2.6151 -0.8211 12.0849 12.0849 12.6029
57 -9.4251 -8.9921 -8.9921 -8.2611 -8.2611 -2.7911 -0.6211 12.0949 12.0949 12.6129
58 -9.4221 -8.9911 -8.9911 -8.2651 -8.2651 -2.9681 -0.4131 12.1079 12.1079 12.6249
59 -9.4191 -8.9891 -8.9891 -8.2691 -8.2691 -3.1451 -0.2001 12.1229 12.1229 12.6389
60 -9.4151 -8.9871 -8.9871 -8.2751 -8.2751 -3.3211 0.0169 12.1409 12.1409 12.6549
61 -9.4101 -8.9851 -8.9851 -8.2811 -8.2811 -3.4961 0.2389 12.1599 12.1599 12.6729
62 -9.4051 -8.9831 -8.9831 -8.2881 -8.2881 -3.6681 0.4639 12.1819 12.1819 12.6929
63 -9.4001 -8.9801 -8.9801 -8.2951 -8.2951 -3.8391 0.6919 12.2049 12.2049 12.7139
64 -9.3941 -8.9771 -8.9771 -8.3031 -8.3031 -4.0071 0.9229 12.2309 12.2309 12.7379
65 -9.3871 -8.9741 -8.9741 -8.3111 -8.3111 -4.1721 1.1569 12.2589 12.2589 12.7629
66 -9.3811 -8.9711 -8.9711 -8.3201 -8.3201 -4.3351 1.3939 12.2879 12.2879 12.7899
67 -9.3731 -8.9681 -8.9681 -8.3301 -8.3301 -4.4941 1.6329 12.3199 12.3199 12.8189
68 -9.3661 -8.9641 -8.9641 -8.3401 -8.3401 -4.6511 1.8749 12.3529 12.3529 12.8489
69 -9.3581 -8.9611 -8.9611 -8.3501 -8.3501 -4.8061 2.1199 12.3869 12.3869 12.8799
70 -9.3491 -8.9571 -8.9571 -8.3611 -8.3611 -4.9571 2.3669 12.4239 12.4239 12.9119
71 -9.3411 -8.9531 -8.9531 -8.3721 -8.3721 -5.1051 2.6159 12.4619 12.4619 12.9459
72 -9.3311 -8.9491 -8.9491 -8.3831 -8.3831 -5.2501 2.8679 12.5009 12.5009 12.9799
73 -9.3221 -8.9451 -8.9451 -8.3941 -8.3941 -5.3931 3.1219 12.5409 12.5409 13.0149
74 -9.3121 -8.9421 -8.9421 -8.4061 -8.4061 -5.5321 3.3789 12.5829 12.5829 13.0509
75 -9.3021 -8.9381 -8.9381 -8.4181 -8.4181 -5.6681 3.6369 12.6269 12.6269 13.0869
76 -9.2921 -8.9341 -8.9341 -8.4301 -8.4301 -5.8011 3.8979 12.6709 12.6709 13.1229
77 -9.2821 -8.9301 -8.9301 -8.4421 -8.4421 -5.9311 4.1609 12.7159 12.7159 13.1589
78 -9.2711 -8.9271 -8.9271 -8.4541 -8.4541 -6.0581 4.4259 12.7629 12.7629 13.1949
79 -9.2601 -8.9231 -8.9231 -8.4651 -8.4651 -6.1821 4.6929 12.8099 12.8099 13.2309
80 -9.2491 -8.9201 -8.9201 -8.4771 -8.4771 -6.3021 4.9629 12.8579 12.8579 13.2659
81 -9.2381 -8.9171 -8.9171 -8.4881 -8.4881 -6.4191 5.2339 12.9069 12.9069 13.2999
82 -9.2271 -8.9151 -8.9151 -8.4991 -8.4991 -6.5341 5.5069 12.9569 12.9569 13.3329
83 -9.2161 -8.9131 -8.9131 -8.5101 -8.5101 -6.6441 5.7809 13.0069 13.0069 13.3649
84 -9.2051 -8.9111 -8.9111 -8.5201 -8.5201 -6.7521 6.0579 13.0579 13.0579 13.3959
85 -9.1931 -8.9091 -8.9091 -8.5301 -8.5301 -6.8571 6.3359 13.1089 13.1089 13.4239
86 -9.1821 -8.9081 -8.9081 -8.5391 -8.5391 -6.9581 6.6159 13.1609 13.1609 13.4519
87 -9.1711 -8.9081 -8.9081 -8.5481 -8.5481 -7.0561 6.8969 13.2139 13.2139 13.4769
88 -9.1601 -8.9081 -8.9081 -8.5561 -8.5561 -7.1501 7.1799 13.2659 13.2659 13.4999
89 -9.1491 -8.9091 -8.9091 -8.5631 -8.5631 -7.2421 7.4649 13.3189 13.3189 13.5209
90 -9.1391 -8.9101 -8.9101 -8.5701 -8.5701 -7.3301 7.7499 13.3719 13.3719 13.5399
91 -9.1281 -8.9121 -8.9121 -8.5761 -8.5761 -7.4141 8.0369 13.4259 13.4259 13.5569
92 -9.1181 -8.9141 -8.9141 -8.5811 -8.5811 -7.4951 8.3249 13.4789 13.4789 13.5719
93 -9.1081 -8.9171 -8.9171 -8.5851 -8.5851 -7.5731 8.6129 13.5329 13.5329 13.5839
94 -9.0981 -8.9211 -8.9211 -8.5891 -8.5891 -7.6481 8.9029 13.5859 13.5859 13.5939
95 -9.0891 -8.9251 -8.9251 -8.5921 -8.5921 -7.7191 9.1929 13.6029 13.6389 13.6389
96 -9.0801 -8.9291 -8.9291 -8.5941 -8.5941 -7.7871 9.4829 13.6099 13.6919 13.6919
97 -9.0711 -8.9341 -8.9341 -8.5961 -8.5961 -7.8511 9.7739 13.6149 13.7449 13.7449
98 -9.0631 -8.9381 -8.9381 -8.5971 -8.5971 -7.9121 10.0639 13.6189 13.7969 13.7969
99 -9.0551 -8.9431 -8.9431 -8.5981 -8.5981 -7.9701 10.3539 13.6219 13.8479 13.8479
100 -9.0481 -8.9491 -8.9491 -8.5981 -8.5981 -8.0241 10.6429 13.6239 13.8979 13.8979
101 -9.0421 -8.9541 -8.9541 -8.5981 -8.5981 -8.0741 10.9299 13.6249 13.9479 13.9479
102 -9.0351 -8.9591 -8.9591 -8.5981 -8.5981 -8.1211 11.2149 13.6269 13.9959 13.9959
103 -9.0301 -8.9641 -8.9641 -8.5981 -8.5981 -8.1651 11.4969 13.6289 14.0429 14.0429
104 -9.0251 -8.9691 -8.9691 -8.5971 -8.5971 -8.2051 11.7749 13.6329 14.0879 14.0879
105 -9.0201 -8.9731 -8.9731 -8.5971 -8.5971 -8.2421 12.0449 13.6399 14.1309 14.1309
106 -9.0161 -8.9781 -8.9781 -8.5961 -8.5961 -8.2761 12.3069 13.6499 14.1719 14.1719
107 -9.0131 -8.9821 -8.9821 -8.5951 -8.5951 -8.3061 12.5559 13.6679 14.2099 14.2099
108 -9.0101 -8.9861 -8.9861 -8.5941 -8.5941 -8.3321 12.7839 13.6989 14.2459 14.2459
109 -9.0071 -8.9891 -8.9891 -8.5941 -8.5941 -8.3561 12.9819 13.7489 14.2779 14.2779
110 -9.0061 -8.9921 -8.9921 -8.5931 -8.5931 -8.3761 13.1369 13.8289 14.3069 14.3069
111 -9.0041 -8.9951 -8.9951 -8.5921 -8.5921 -8.3931 13.2439 13.9399 14.3319 14.3319
112 -9.0031 -8.9971 -8.9971 -8.5921 -8.5921 -8.4061 13.3089 14.0679 14.3529 14.3529
113 -9.0021 -8.9991 -8.9991 -8.5911 -8.5911 -8.4171 13.3469 14.1939 14.3699 14.3699
114 -9.0011 -9.0001 -9.0001 -8.5911 -8.5911 -8.4251 13.3689 14.2989 14.3819 14.3819
115 -9.0011 -9.0001 -9.0001 -8.5911 -8.5911 -8.4291 13.3789 14.3679 14.3889 14.3889
116 -9.0011 -9.0011 -9.0011 -8.5911 -8.5911 -8.4311 13.3829 14.3919 14.3919 14.3919
117 -9.0011 -9.0001 -9.0001 -8.5911 -8.5911 -8.4291 13.3799 14.3799 14.3799 14.3859
118 -9.0021 -8.9991 -8.9991 -8.5921 -8.5901 -8.4251 13.3699 14.3459 14.3459 14.3679
119 -9.0031 -8.9981 -8.9981 -8.5931 -8.5891 -8.4171 13.3539 14.2909 14.2909 14.3379
120 -9.0051 -8.9961 -8.9961 -8.5951 -8.5891 -8.4061 13.3319 14.2169 14.2169 14.2969
121 -9.0071 -8.9931 -8.9931 -8.5981 -8.5871 -8.3921 13.3039 14.1259 14.1259 14.2459
122 -9.0101 -8.9891 -8.9891 -8.6021 -8.5861 -8.3751 13.2719 14.0199 14.0199 14.1869
123 -9.0141 -8.9851 -8.9851 -8.6061 -8.5841 -8.3551 13.2339 13.9019 13.9019 14.1189
124 -9.0181 -8.9801 -8.9801 -8.6121 -8.5821 -8.3311 13.1919 13.7739 13.7739 14.0439
125 -9.0221 -8.9751 -8.9751 -8.6181 -8.5801 -8.3031 13.1459 13.6369 13.6369 13.9639
126 -9.0271 -8.9691 -8.9691 -8.6251 -8.5771 -8.2731 13.0969 13.4939 13.4939 13.8779
127 -9.0331 -8.9621 -8.9621 -8.6331 -8.5741 -8.2391 13.0449 13.3459 13.3459 13.7889
128 -9.0391 -8.9551 -8.9551 -8.6411 -8.5711 -8.2021 12.9899 13.1919 13.1919 13.6969
129 -9.0451 -8.9471 -8.9471 -8.6511 -8.5681 -8.1611 12.9339 13.0359 13.0359 13.6019
130 -9.0521 -8.9391 -8.9391 -8.6611 -8.5641 -8.1171 12.8749 12.8769 12.8769 13.5059
131 -9.0591 -8.9301 -8.9301 -8.6721 -8.5601 -8.0701 12.7159 12.7159 12.8159 13.4079
132 -9.0671 -8.9201 -8.9201 -8.6831 -8.5561 -8.0201 12.5539 12.5539 12.7549 13.3099
133 -9.0751 -8.9101 -8.9101 -8.6951 -8.5521 -7.9661 12.3899 12.3899 12.6939 13.2119
134 -9.0841 -8.9001 -8.9001 -8.7081 -8.5471 -7.9091 12.2259 12.2259 12.6329 13.1139
135 -9.0921 -8.8881 -8.8881 -8.7221 -8.5431 -7.8491 12.0619 12.0619 12.5709 13.0159
136 -9.1021 -8.8771 -8.8771 -8.7361 -8.5381 -7.7861 11.8979 11.8979 12.5099 12.9189
137 -9.1111 -8.8651 -8.8651 -8.7511 -8.5331 -7.7191 11.7339 11.7339 12.4479 12.8239
138 -9.1211 -8.8521 -8.8521 -8.7661 -8.5271 -7.6491 11.5709 11.5709 12.3869 12.7289
139 -9.1311 -8.8391 -8.8391 -8.7821 -8.5221 -7.5761 11.4089 11.4089 12.3259 12.6349
140 -9.1421 -8.8251 -8.8251 -8.7981 -8.5161 -7.5001 11.2479 11.2479 12.2659 12.5419
141 -9.1531 -8.8141 -8.8111 -8.8111 -8.5111 -7.4201 11.0879 11.0879 12.2069 12.4509
142 -9.1641 -8.8321 -8.7971 -8.7971 -8.5051 -7.3381 10.9289 10.9289 12.1489 12.3589
143 -9.1751 -8.8491 -8.7821 -8.7821 -8.4991 -7.2521 10.7719 10.7719 12.0909 12.2679
144 -9.1861 -8.8671 -8.7671 -8.7671 -8.4921 -7.1631 10.6159 10.6159 12.0349 12.1749
145 -9.1981 -8.8851 -8.7511 -8.7511 -8.4861 -7.0711 10.4629 10.4629 11.9789 12.0769
146 -9.2101 -8.9041 -8.7351 -8.7351 -8.4801 -6.9761 10.3099 10.3099 11.9249 11.9689
147 -9.2211 -8.9221 -8.7191 -8.7191 -8.4731 -6.8771 10.1599 10.1599 11.8389 11.8719
148 -9.2331 -8.9411 -8.7031 -8.7031 -8.4671 -6.7761 10.0119 10.0119 11.6679 11.8199
149 -9.2461 -8.9611 -8.6861 -8.6861 -8.4601 -6.6711 9.8659 9.8659 11.4439 11.7689
150 -9.2581 -8.9801 -8.6691 -8.6691 -8.4541 -6.5631 9.7229 9.7229 11.1819 11.7189
151 -9.2701 -8.9991 -8.6521 -8.6521 -8.4471 -6.4531 9.5809 9.5809 10.8989 11.6709
152 -9.2821 -9.0191 -8.6341 -8.6341 -8.4401 -6.3391 9.4419 9.4419 10.6069 11.6239
153 -9.2941 -9.0381 -8.6171 -8.6171 -8.4331 -6.2221 9.3059 9.3059 10.3099 11.5779
154 -9.3071 -9.0581 -8.5991 -8.5991 -8.4271 -6.1021 9.1719 9.1719 10.0109 11.5339
155 -9.3191 -9.0781 -8.5811 -8.5811 -8.4201 -5.9791 9.0409 9.0409 9.7119 11.4909
156 -9.3311 -9.0971 -8.5631 -8.5631 -8.4131 -5.8541 8.9119 8.9119 9.4129 11.4489
157 -9.3431 -9.1171 -8.5461 -8.5461 -8.4061 -5.7251 8.7859 8.7859 9.1149 11.4079
158 -9.3551 -9.1361 -8.5281 -8.5281 -8.4001 -5.5931 8.6629 8.6629 8.8179 11.3689
159 -9.3661 -9.1551 -8.5101 -8.5101 -8.3931 -5.4581 8.5229 8.5439 8.5439 11.3309
160 -9.3781 -9.1741 -8.4921 -8.4921 -8.3871 -5.3211 8.2299 8.4269 8.4269 11.2949
161 -9.3901 -9.1931 -8.4751 -8.4751 -8.3801 -5.1801 7.9379 8.3129 8.3129 11.2599
162 -9.4011 -9.2111 -8.4571 -8.4571 -8.3741 -5.0371 7.6479 8.2019 8.2019 11.2199
163 -9.4121 -9.2291 -8.4401 -8.4401 -8.3671 -4.8911 7.3609 8.0939 8.0939 11.1819
164 -9.4231 -9.2471 -8.4231 -8.4231 -8.3611 -4.7421 7.0749 7.9899 7.9899 11.1459
165 -9.4331 -9.2641 -8.4061 -8.4061 -8.3551 -4.5901 6.7919 7.8889 7.8889 11.1119
166 -9.4441 -9.2811 -8.3891 -8.3891 -8.3491 -4.4361 6.5109 7.7919 7.7919 11.0799
167 -9.4541 -9.2981 -8.3731 -8.3731 -8.3441 -4.2791 6.2319 7.6979 7.6979 11.0489
168 -9.4631 -9.3141 -8.3571 -8.3571 -8.3381 -4.1191 5.9559 7.6069 7.6069 11.0209
169 -9.4731 -9.3301 -8.3421 -8.3421 -8.3331 -3.9571 5.6819 7.5199 7.5199 10.9939
170 -9.4821 -9.3451 -8.3271 -8.3271 -8.3271 -3.7921 5.4109 7.4369 7.4369 10.9689
171 -9.4911 -9.3591 -8.3221 -8.3121 -8.3121 -3.6251 5.1419 7.3569 7.3569 10.9459
172 -9.4991 -9.3731 -8.3171 -8.2981 -8.2981 -3.4551 4.8769 7.2809 7.2809 10.9239
173 -9.5071 -9.3871 -8.3131 -8.2851 -8.2851 -3.2831 4.6139 7.2089 7.2089 10.9039
174 -9.5151 -9.3991 -8.3081 -8.2721 -8.2721 -3.1091 4.3539 7.1409 7.1409 10.8849
175 -9.5221 -9.4111 -8.3041 -8.2591 -8.2591 -2.9341 4.0979 7.0759 7.0759 10.8679
176 -9.5291 -9.4231 -8.3001 -8.2481 -8.2481 -2.7561 3.8449 7.0159 7.0159 10.8519
177 -9.5351 -9.4341 -8.2961 -8.2371 -8.2371 -2.5771 3.5949 6.9589 6.9589 10.8369
178 -9.5411 -9.4441 -8.2931 -8.2261 -8.2261 -2.3971 3.3499 6.9069 6.9069 10.8239
179 -9.5471 -9.4531 -8.2901 -8.2171 -8.2171 -2.2161 3.1089 6.8579 6.8579 10.8109
180 -9.5521 -9.4611 -8.2871 -8.2081 -8.2081 -2.0341 2.8719 6.8139 6.8139 10.7999
181 -9.5561 -9.4691 -8.2841 -8.1991 -8.1991 -1.8531 2.6419 6.7739 6.7739 10.7909
182 -9.5601 -9.4761 -8.2811 -8.1921 -8.1921 -1.6741 2.4179 6.7379 6.7379 10.7819
183 -9.5641 -9.4821 -8.2791 -8.1861 -8.1861 -1.4971 2.2019 6.7059 6.7059 10.7739
184 -9.5671 -9.4881 -8.2771 -8.1801 -8.1801 -1.3251 1.9959 6.6779 6.6779 10.7679
185 -9.5701 -9.4921 -8.2761 -8.1751 -8.1751 -1.1601 1.8029 6.6549 6.6549 10.7619
186 -9.5721 -9.4961 -8.2751 -8.1711 -8.1711 -1.0081 1.6269 6.6349 6.6349 10.7579
187 -9.5741 -9.4991 -8.2731 -8.1681 -8.1681 -0.8741 1.4739 6.6199 6.6199 10.7539
188 -9.5751 -9.5011 -8.2731 -8.1661 -8.1661 -0.7661 1.3529 6.6099 6.6099 10.7519
189 -9.5761 -9.5021 -8.2721 -8.1641 -8.1641 -0.6941 1.2739 6.6029 6.6029 10.7499
190 -9.5761 -9.5031 -8.2721 -8.1641 -8.1641 -0.6691 1.2469 6.6009 6.6009 10.7499
191 -9.5761 -9.5021 -8.2731 -8.1651 -8.1641 -0.6671 1.2469 6.5919 6.5929 10.7619
192 -9.5741 -9.5011 -8.2741 -8.1681 -8.1641 -0.6601 1.2489 6.5659 6.5679 10.7969
193 -9.5721 -9.4991 -8.2751 -8.1721 -8.1641 -0.6481 1.2529 6.5229 6.5269 10.8619
194 -9.5691 -9.4961 -8.2781 -8.1791 -8.1641 -0.6321 1.2579 6.4639 6.4719 10.9309
195 -9.5651 -9.4921 -8.2811 -8.1871 -8.1641 -0.6111 1.2639 6.3909 6.4039 11.0169
196 -9.5601 -9.4881 -8.2841 -8.1971 -8.1641 -0.5851 1.2709 6.3059 6.3249 11.1179
197 -9.5541 -9.4821 -8.2891 -8.2081 -8.1641 -0.5541 1.2799 6.2089 6.2369 11.2329
198 -9.5471 -9.4761 -8.2941 -8.2221 -8.1641 -0.5201 1.2899 6.1029 6.1409 11.3599
199 -9.5391 -9.4691 -8.3001 -8.2371 -8.1641 -0.4801 1.3019 5.9889 6.0389 11.4989
200 -9.5301 -9.4611 -8.3061 -8.2531 -8.1641 -0.4371 1.3149 5.8679 5.9329 11.6469
201 -9.5201 -9.4531 -8.3131 -8.2711 -8.1641 -0.3891 1.3289 5.7419 5.8219 11.8039
202 -9.5101 -9.4441 -8.3201 -8.2901 -8.1641 -0.3371 1.3449 5.6099 5.7099 11.9689
203 -9.4981 -9.4341 -8.3281 -8.3101 -8.1641 -0.2801 1.3619 5.4749 5.5959 12.1399
204 -9.4861 -9.4241 -8.3371 -8.3321 -8.1641 -0.2201 1.3799 5.3359 5.4809 12.3179
205 -9.4731 -9.4131 -8.3551 -8.3451 -8.1641 -0.1561 1.3989 5.1949 5.3659 12.5009
206 -9.4591 -9.4021 -8.3791 -8.3551 -8.1641 -0.0871 1.4199 5.0519 5.2519 12.6899
207 -9.4441 -9.3901 -8.4041 -8.3651 -8.1641 -0.0151 1.4409 4.9069 5.1389 12.8829
208 -9.4281 -9.3781 -8.4301 -8.3751 -8.1641 0.0599 1.4639 4.7619 5.0279 13.0799
209 -9.4121 -9.3661 -8.4561 -8.3851 -8.1641 0.1389 1.4879 4.6149 4.9179 13.2809
210 -9.3941 -9.3531 -8.4831 -8.3961 -8.1641 0.2219 1.5119 4.4679 4.8109 13.4859
211 -9.3761 -9.3401 -8.5111 -8.4071 -8.1641 0.3079 1.5379 4.3209 4.7069 13.6939
212 -9.3571 -9.3271 -8.5401 -8.4181 -8.1641 0.3969 1.5639 4.1739 4.6059 13.9049
213 -9.3371 -9.3141 -8.5691 -8.4291 -8.1641 0.4899 1.5909 4.0269 4.5079 14.1189
214 -9.3161 -9.3011 -8.5981 -8.4401 -8.1641 0.5859 1.6179 3.8799 4.4149 14.3369
215 -9.2951 -9.2891 -8.6281 -8.4511 -8.1641 0.6839 1.6459 3.7339 4.3249 14.5569
216 -9.2771 -9.2731 -8.6581 -8.4611 -8.1641 0.7859 1.6729 3.5889 4.2399 14.7799
217 -9.2651 -9.2501 -8.6881 -8.4711 -8.1641 0.8899 1.6999 3.4449 4.1599 15.0049
218 -9.2541 -9.2271 -8.7191 -8.4811 -8.1641 0.9979 1.7259 3.3009 4.0859 15.2329
219 -9.2431 -9.2021 -8.7491 -8.4911 -8.1641 1.1069 1.7509 3.1589 4.0169 15.4629
220 -9.2331 -9.1781 -8.7801 -8.4991 -8.1641 1.2199 1.7749 3.0179 3.9549 15.6959
221 -9.2241 -9.1521 -8.8101 -8.5071 -8.1641 1.3349 1.7969 2.8779 3.8999 15.9299
222 -9.2171 -9.1261 -8.8401 -8.5141 -8.1641 1.4519 1.8169 2.7399 3.8519 16.1679
223 -9.2101 -9.0991 -8.8701 -8.5191 -8.1641 1.5719 1.8339 2.6029 3.8119 16.4069
224 -9.2051 -9.0721 -8.9001 -8.5241 -8.1641 1.6939 1.8469 2.4669 3.7799 16.6479
225 -9.2011 -9.0451 -8.9301 -8.5271 -8.1641 1.8179 1.8569 2.3339 3.7569 16.8919
226 -9.1991 -9.0171 -8.9591 -8.5291 -8.1641 1.8639 1.9439 2.2019 3.7429 17.1369
227 -9.1981 -8.9881 -8.9881 -8.5301 -8.1641 1.8659 2.0719 2.0719 3.7379 17.3599
228 -9.1981 -9.0071 -8.9691 -8.5301 -8.1641 1.8369 1.9879 2.1789 3.7479 17.1499
229 -9.1991 -9.0251 -8.9501 -8.5291 -8.1651 1.7869 1.9059 2.2909 3.7809 16.9099
230 -9.2011 -9.0431 -8.9301 -8.5281 -8.1661 1.7339 1.8279 2.3849 3.8399 16.6609
231 -9.2041 -9.0591 -8.9111 -8.5261 -8.1671 1.6809 1.7509 2.4579 3.9269 16.4049
232 -9.2081 -9.0741 -8.8911 -8.5241 -8.1691 1.6289 1.6779 2.5079 4.0409 16.1439
233 -9.2141 -9.0881 -8.8711 -8.5211 -8.1721 1.5799 1.6069 2.5389 4.1789 15.8789
234 -9.2211 -9.1001 -8.8521 -8.5191 -8.1751 1.5319 1.5389 2.5529 4.3359 15.6119
235 -9.2301 -9.1101 -8.8321 -8.5151 -8.1781 1.4739 1.4859 2.5559 4.5089 15.3429
236 -9.2401 -9.1181 -8.8131 -8.5121 -8.1821 1.4119 1.4419 2.5509 4.6929 15.0739
237 -9.2511 -9.1241 -8.7931 -8.5091 -8.1861 1.3529 1.3999 2.5399 4.8859 14.8039
238 -9.2631 -9.1291 -8.7741 -8.5051 -8.1901 1.2969 1.3599 2.5249 5.0849 14.5359
239 -9.2751 -9.1331 -8.7551 -8.5021 -8.1951 1.2429 1.3229 2.5079 5.2889 14.2679
240 -9.2881 -9.1371 -8.7371 -8.4981 -8.2001 1.1929 1.2879 2.4899 5.4969 14.0029
241 -9.3011 -9.1391 -8.7191 -8.4941 -8.2061 1.1459 1.2549 2.4709 5.7069 13.7399
242 -9.3131 -9.1421 -8.7011 -8.4911 -8.2121 1.1019 1.2239 2.4519 5.9189 13.4799
243 -9.3251 -9.1431 -8.6831 -8.4871 -8.2181 1.0599 1.1949 2.4339 6.1299 13.2239
244 -9.3361 -9.1451 -8.6671 -8.4841 -8.2241 1.0229 1.1689 2.4159 6.3409 12.9729
245 -9.3461 -9.1461 -8.6511 -8.4811 -8.2311 0.9879 1.1439 2.3999 6.5499 12.7269
246 -9.3561 -9.1471 -8.6351 -8.4781 -8.2371 0.9559 1.1219 2.3849 6.7559 12.4889
247 -9.3651 -9.1481 -8.6211 -8.4751 -8.2441 0.9279 1.1029 2.3709 6.9559 12.2589
248 -9.3731 -9.1491 -8.6081 -8.4721 -8.2501 0.9029 1.0849 2.3579 7.1489 12.0399
249 -9.3791 -9.1501 -8.5961 -8.4701 -8.2561 0.8819 1.0699 2.3469 7.3319 11.8339
250 -9.3851 -9.1511 -8.5851 -8.4681 -8.2621 0.8629 1.0579 2.3379 7.5019 11.6459
251 -9.3901 -9.1511 -8.5761 -8.4671 -8.2661 0.8479 1.0469 2.3299 7.6529 11.4789
252 -9.3941 -9.1511 -8.5681 -8.4661 -8.2701 0.8359 1.0389 2.3239 7.7809 11.3389
253 -9.3971 -9.1521 -8.5631 -8.4651 -8.2731 0.8279 1.0329 2.3199 7.8789 11.2329
254 -9.3981 -9.1521 -8.5601 -8.4641 -8.2751 0.8229 1.0299 2.3169 7.9409 11.1659
255 -9.3991 -9.1521 -8.5591 -8.4641 -8.2761 0.8209 1.0279 2.3159 7.9619 11.1429
