1 -5.8334 -5.0494 -5.0494 -3.2444 -1.6304 4.6546 6.2326 6.2326 9.2856 23.5906
2 -5.8324 -5.0514 -5.0474 -3.2434 -1.6324 4.6346 6.2186 6.2596 9.3006 23.5146
3 -5.8294 -5.0594 -5.0434 -3.2414 -1.6394 4.5796 6.1786 6.3376 9.3426 23.3406
4 -5.8234 -5.0714 -5.0374 -3.2394 -1.6514 4.4986 6.1146 6.4576 9.4096 23.1296
5 -5.8154 -5.0894 -5.0274 -3.2364 -1.6674 4.4016 6.0296 6.6096 9.5006 22.9046
6 -5.8054 -5.1114 -5.0154 -3.2324 -1.6864 4.2946 5.9256 6.7856 9.6106 22.6746
7 -5.7934 -5.1384 -5.0014 -3.2294 -1.7104 4.1846 5.8076 6.9796 9.7366 22.4416
8 -5.7794 -5.1684 -4.9834 -3.2264 -1.7364 4.0746 5.6766 7.1886 9.8756 22.2086
9 -5.7634 -5.2034 -4.9634 -3.2244 -1.7654 3.9676 5.5356 7.4086 10.0266 21.9766
10 -5.7454 -5.2414 -4.9414 -3.2234 -1.7974 3.8636 5.3876 7.6396 10.1866 21.7456
11 -5.7254 -5.2834 -4.9164 -3.2254 -1.8294 3.7656 5.2326 7.8776 10.3536 21.5166
12 -5.7034 -5.3284 -4.8874 -3.2304 -1.8624 3.6736 5.0736 8.1236 10.5266 21.2886
13 -5.6804 -5.3754 -4.8574 -3.2384 -1.8944 3.5876 4.9106 8.3756 10.7046 21.0636
14 -5.6554 -5.4254 -4.8234 -3.2514 -1.9264 3.5076 4.7436 8.6336 10.8866 20.8406
15 -5.6284 -5.4784 -4.7874 -3.2684 -1.9554 3.4346 4.5756 8.8956 11.0716 20.6216
16 -5.5994 -5.5324 -4.7484 -3.2894 -1.9834 3.3666 4.4046 9.1626 11.2586 20.4046
17 -5.5894 -5.5694 -4.7074 -3.3164 -2.0074 3.3056 4.2326 9.4336 11.4486 20.1916
18 -5.6474 -5.5384 -4.6624 -3.3484 -2.0274 3.2506 4.0606 9.7086 11.6396 19.9816
19 -5.7064 -5.5064 -4.6154 -3.3854 -2.0444 3.2006 3.8876 9.9866 11.8316 19.7766
20 -5.7674 -5.4724 -4.5654 -3.4264 -2.0584 3.1566 3.7136 10.2666 12.0236 19.5746
21 -5.8284 -5.4384 -4.5124 -3.4724 -2.0684 3.1166 3.5396 10.5496 12.2156 19.3776
22 -5.8914 -5.4034 -4.4564 -3.5214 -2.0744 3.0816 3.3666 10.8336 12.4076 19.1856
23 -5.9544 -5.3674 -4.3984 -3.5734 -2.0784 3.0516 3.1926 11.1196 12.5986 18.9986
24 -6.0174 -5.3314 -4.3374 -3.6274 -2.0804 3.0196 3.0246 11.4076 12.7886 18.8166
25 -6.0814 -5.2944 -4.2734 -3.6834 -2.0794 2.8476 3.0016 11.6966 12.9756 18.6416
26 -6.1454 -5.2574 -4.2064 -3.7404 -2.0764 2.6756 2.9826 11.9856 13.1616 18.4726
27 -6.2084 -5.2204 -4.1364 -3.7974 -2.0724 2.5046 2.9656 12.2746 13.3446 18.3096
28 -6.2714 -5.1824 -4.0644 -3.8554 -2.0674 2.3336 2.9516 12.5646 13.5236 18.1556
29 -6.3344 -5.1454 -3.9894 -3.9124 -2.0604 2.1646 2.9406 12.8536 13.6976 18.0086
30 -6.3964 -5.1094 -3.9674 -3.9114 -2.0544 1.9966 2.9316 13.1416 13.8666 17.8716
31 -6.4564 -5.0724 -4.0224 -3.8304 -2.0464 1.8296 2.9246 13.4286 14.0296 17.7436
32 -6.5164 -5.0374 -4.0754 -3.7474 -2.0394 1.6636 2.9196 13.7136 14.1846 17.6276
33 -6.5744 -5.0014 -4.1264 -3.6614 -2.0314 1.4986 2.9156 13.9976 14.3316 17.5226
34 -6.6304 -4.9674 -4.1764 -3.5724 -2.0234 1.3356 2.9136 14.2776 14.4676 17.4316
35 -6.6854 -4.9344 -4.2234 -3.4824 -2.0154 1.1736 2.9126 14.5546 14.5916 17.3546
36 -6.7384 -4.9024 -4.2684 -3.3884 -2.0084 1.0136 2.9126 14.7016 14.8286 17.2936
37 -6.7884 -4.8714 -4.3104 -3.2934 -2.0004 0.8556 2.9126 14.7976 15.0966 17.2496
38 -6.8364 -4.8414 -4.3504 -3.1954 -1.9934 0.6986 2.9146 14.8776 15.3596 17.2226
39 -6.8814 -4.8134 -4.3884 -3.0954 -1.9874 0.5446 2.9156 14.9406 15.6166 17.2136
40 -6.9244 -4.7874 -4.4224 -2.9934 -1.9814 0.3916 2.9186 14.9876 15.8656 17.2206
41 -6.9644 -4.7624 -4.4554 -2.8904 -1.9754 0.2416 2.9206 15.0206 16.1056 17.2416
42 -7.0014 -4.7394 -4.4844 -2.7854 -1.9694 0.0946 2.9226 15.0416 16.3356 17.2746
43 -7.0354 -4.7184 -4.5104 -2.6804 -1.9644 -0.0494 2.9256 15.0516 16.5536 17.3166
44 -7.0654 -4.6994 -4.5344 -2.5744 -1.9604 -0.1904 2.9286 15.0536 16.7576 17.3646
45 -7.0924 -4.6824 -4.5554 -2.4684 -1.9564 -0.3264 2.9306 15.0496 16.9466 17.4146
46 -7.1164 -4.6674 -4.5744 -2.3644 -1.9534 -0.4574 2.9326 15.0426 17.1166 17.4636
47 -7.1364 -4.6544 -4.5894 -2.2624 -1.9504 -0.5804 2.9346 15.0346 17.2666 17.5096
48 -7.1534 -4.6434 -4.6024 -2.1664 -1.9474 -0.6954 2.9366 15.0256 17.3936 17.5506
49 -7.1664 -4.6354 -4.6124 -2.0804 -1.9454 -0.7954 2.9376 15.0176 17.4946 17.5836
50 -7.1754 -4.6294 -4.6194 -2.0094 -1.9444 -0.8774 2.9386 15.0116 17.5696 17.6086
51 -7.1814 -4.6254 -4.6234 -1.9604 -1.9434 -0.9314 2.9396 15.0076 17.6146 17.6246
52 -7.1834 -4.6244 -4.6244 -1.9434 -1.9434 -0.9504 2.9396 15.0056 17.6296 17.6296
53 -7.1834 -4.6244 -4.6244 -1.9444 -1.9444 -0.9674 2.9606 15.0076 17.6336 17.6336
54 -7.1834 -4.6224 -4.6224 -1.9494 -1.9494 -1.0164 3.0206 15.0136 17.6446 17.6446
55 -7.1834 -4.6204 -4.6204 -1.9564 -1.9564 -1.0944 3.1186 15.0246 17.6626 17.6626
56 -7.1834 -4.6174 -4.6174 -1.9674 -1.9674 -1.1984 3.2496 15.0386 17.6876 17.6876
57 -7.1834 -4.6124 -4.6124 -1.9804 -1.9804 -1.3224 3.4086 15.0566 17.7196 17.7196
58 -7.1844 -4.6074 -4.6074 -1.9964 -1.9964 -1.4634 3.5926 15.0796 17.7596 17.7596
59 -7.1854 -4.6014 -4.6014 -2.0154 -2.0154 -1.6154 3.7956 15.1056 17.8056 17.8056
60 -7.1874 -4.5944 -4.5944 -2.0364 -2.0364 -1.7774 4.0166 15.1356 17.8586 17.8586
61 -7.1894 -4.5864 -4.5864 -2.0604 -2.0604 -1.9444 4.2516 15.1696 17.9176 17.9176
62 -7.1924 -4.5784 -4.5784 -2.1164 -2.0874 -2.0874 4.4986 15.2076 17.9826 17.9826
63 -7.1954 -4.5694 -4.5694 -2.2894 -2.1154 -2.1154 4.7546 15.2496 18.0536 18.0536
64 -7.2004 -4.5584 -4.5584 -2.4624 -2.1464 -2.1464 5.0206 15.2946 18.1306 18.1306
65 -7.2074 -4.5484 -4.5484 -2.6354 -2.1794 -2.1794 5.2936 15.3436 18.2136 18.2136
66 -7.2154 -4.5364 -4.5364 -2.8054 -2.2144 -2.2144 5.5736 15.3956 18.3006 18.3006
67 -7.2254 -4.5244 -4.5244 -2.9714 -2.2504 -2.2504 5.8586 15.4516 18.3916 18.3916
68 -7.2374 -4.5124 -4.5124 -3.1344 -2.2884 -2.2884 6.1496 15.5096 18.4876 18.4876
69 -7.2524 -4.4994 -4.4994 -3.2914 -2.3284 -2.3284 6.4446 15.5716 18.5876 18.5876
70 -7.2704 -4.4854 -4.4854 -3.4434 -2.3684 -2.3684 6.7436 15.6366 18.6896 18.6896
71 -7.2914 -4.4724 -4.4724 -3.5894 -2.4104 -2.4104 7.0456 15.7036 18.7946 18.7946
72 -7.3164 -4.4584 -4.4584 -3.7274 -2.4524 -2.4524 7.3516 15.7726 18.9006 18.9006
73 -7.3444 -4.4444 -4.4444 -3.8584 -2.4954 -2.4954 7.6596 15.8436 19.0086 19.0086
74 -7.3784 -4.4294 -4.4294 -3.9814 -2.5384 -2.5384 7.9706 15.9166 19.1166 19.1166
75 -7.4164 -4.4154 -4.4154 -4.0954 -2.5824 -2.5824 8.2826 15.9906 19.2236 19.2236
76 -7.4584 -4.4024 -4.4024 -4.2014 -2.6254 -2.6254 8.5976 16.0646 19.3286 19.3286
77 -7.5064 -4.3884 -4.3884 -4.2974 -2.6684 -2.6684 8.9136 16.1396 19.4316 19.4316
78 -7.5594 -4.3844 -4.3754 -4.3754 -2.7114 -2.7114 9.2306 16.2136 19.5316 19.5316
79 -7.6164 -4.4634 -4.3634 -4.3634 -2.7534 -2.7534 9.5496 16.2866 19.6256 19.6256
80 -7.6794 -4.5324 -4.3514 -4.3514 -2.7934 -2.7934 9.8676 16.3576 19.7146 19.7146
81 -7.7464 -4.5924 -4.3404 -4.3404 -2.8334 -2.8334 10.1876 16.4266 19.7966 19.7966
82 -7.8164 -4.6444 -4.3304 -4.3304 -2.8714 -2.8714 10.5066 16.4916 19.8706 19.8706
83 -7.8914 -4.6894 -4.3224 -4.3224 -2.9084 -2.9084 10.8266 16.5526 19.9356 19.9356
84 -7.9694 -4.7254 -4.3154 -4.3154 -2.9424 -2.9424 11.1456 16.6076 19.9916 19.9916
85 -8.0494 -4.7554 -4.3094 -4.3094 -2.9754 -2.9754 11.4636 16.6576 20.0376 20.0376
86 -8.1314 -4.7794 -4.3054 -4.3054 -3.0054 -3.0054 11.7816 16.7006 20.0736 20.0736
87 -8.2154 -4.7974 -4.3034 -4.3034 -3.0334 -3.0334 12.0976 16.7366 20.0996 20.0996
88 -8.2994 -4.8104 -4.3034 -4.3034 -3.0584 -3.0584 12.4126 16.7636 20.1156 20.1156
89 -8.3844 -4.8184 -4.3044 -4.3044 -3.0804 -3.0804 12.7256 16.7836 20.1226 20.1226
90 -8.4694 -4.8224 -4.3084 -4.3084 -3.1004 -3.1004 13.0366 16.7946 20.1206 20.1206
91 -8.5534 -4.8234 -4.3144 -4.3144 -3.1174 -3.1174 13.3446 16.7986 20.1116 20.1116
92 -8.6364 -4.8214 -4.3214 -4.3214 -3.1314 -3.1314 13.6496 16.7956 20.0956 20.0956
93 -8.7184 -4.8164 -4.3304 -4.3304 -3.1424 -3.1424 13.9506 16.7856 20.0746 20.0746
94 -8.7984 -4.8094 -4.3414 -4.3414 -3.1514 -3.1514 14.2466 16.7706 20.0476 20.0476
95 -8.8764 -4.7994 -4.3534 -4.3534 -3.1584 -3.1584 14.5376 16.7536 20.0166 20.0166
96 -8.9524 -4.7894 -4.3674 -4.3674 -3.1624 -3.1624 14.8206 16.7356 19.9826 19.9826
97 -9.0254 -4.7774 -4.3814 -4.3814 -3.1654 -3.1654 15.0936 16.7216 19.9466 19.9466
98 -9.0964 -4.7644 -4.3974 -4.3974 -3.1664 -3.1664 15.3486 16.7166 19.9086 19.9086
99 -9.1644 -4.7514 -4.4124 -4.4124 -3.1654 -3.1654 15.5796 16.7306 19.8696 19.8696
100 -9.2284 -4.7374 -4.4294 -4.4294 -3.1644 -3.1644 15.7716 16.7786 19.8296 19.8296
101 -9.2904 -4.7234 -4.4454 -4.4454 -3.1614 -3.1614 15.9086 16.8766 19.7906 19.7906
102 -9.3474 -4.7094 -4.4614 -4.4614 -3.1574 -3.1574 15.9876 17.0276 19.7516 19.7516
103 -9.4024 -4.6954 -4.4764 -4.4764 -3.1534 -3.1534 16.0206 17.2206 19.7136 19.7136
104 -9.4524 -4.6814 -4.4924 -4.4924 -3.1484 -3.1484 16.0236 17.4386 19.6776 19.6776
105 -9.4994 -4.6684 -4.5064 -4.5064 -3.1444 -3.1444 16.0116 17.6686 19.6426 19.6426
106 -9.5424 -4.6564 -4.5204 -4.5204 -3.1394 -3.1394 15.9906 17.9016 19.6096 19.6096
107 -9.5824 -4.6444 -4.5334 -4.5334 -3.1344 -3.1344 15.9656 18.1326 19.5796 19.5796
108 -9.6174 -4.6344 -4.5444 -4.5444 -3.1294 -3.1294 15.9396 18.3576 19.5516 19.5516
109 -9.6484 -4.6244 -4.5554 -4.5554 -3.1254 -3.1254 15.9146 18.5736 19.5266 19.5266
110 -9.6754 -4.6154 -4.5644 -4.5644 -3.1214 -3.1214 15.8906 18.7756 19.5046 19.5046
111 -9.6984 -4.6084 -4.5724 -4.5724 -3.1184 -3.1184 15.8696 18.9596 19.4856 19.4856
112 -9.7174 -4.6024 -4.5794 -4.5794 -3.1154 -3.1154 15.8526 19.1216 19.4706 19.4706
113 -9.7324 -4.5974 -4.5844 -4.5844 -3.1124 -3.1124 15.8376 19.2566 19.4586 19.4586
114 -9.7424 -4.5944 -4.5884 -4.5884 -3.1114 -3.1114 15.8276 19.3576 19.4496 19.4496
115 -9.7494 -4.5924 -4.5904 -4.5904 -3.1104 -3.1104 15.8216 19.4206 19.4446 19.4446
116 -9.7514 -4.5914 -4.5914 -4.5914 -3.1094 -3.1094 15.8186 19.4426 19.4426 19.4426
117 -9.7494 -4.5924 -4.5904 -4.5904 -3.1114 -3.1094 15.8216 19.4306 19.4396 19.4396
118 -9.7434 -4.5954 -4.5874 -4.5874 -3.1144 -3.1084 15.8276 19.3946 19.4306 19.4306
119 -9.7324 -4.6014 -4.5824 -4.5824 -3.1204 -3.1054 15.8376 19.3386 19.4156 19.4156
120 -9.7174 -4.6084 -4.5764 -4.5764 -3.1284 -3.1024 15.8526 19.2626 19.3936 19.3936
121 -9.6984 -4.6184 -4.5674 -4.5674 -3.1384 -3.0984 15.8716 19.1716 19.3666 19.3666
122 -9.6754 -4.6294 -4.5574 -4.5574 -3.1514 -3.0934 15.8946 19.0686 19.3316 19.3316
123 -9.6484 -4.6434 -4.5454 -4.5454 -3.1654 -3.0874 15.9216 18.9566 19.2896 19.2896
124 -9.6174 -4.6594 -4.5314 -4.5314 -3.1824 -3.0804 15.9526 18.8376 19.2416 19.2416
125 -9.5814 -4.6774 -4.5154 -4.5154 -3.2014 -3.0724 15.9866 18.7136 19.1846 19.1846
126 -9.5424 -4.6974 -4.4974 -4.4974 -3.2224 -3.0634 16.0256 18.5876 19.1206 19.1206
127 -9.4994 -4.7184 -4.4774 -4.4774 -3.2454 -3.0534 16.0676 18.4616 19.0486 19.0486
128 -9.4514 -4.7414 -4.4564 -4.4564 -3.2694 -3.0434 16.1126 18.3346 18.9676 18.9676
129 -9.4004 -4.7664 -4.4324 -4.4324 -3.2964 -3.0324 16.1616 18.2096 18.8786 18.8786
130 -9.3454 -4.7934 -4.4074 -4.4074 -3.3244 -3.0194 16.2136 18.0866 18.7806 18.7806
131 -9.2864 -4.8224 -4.3804 -4.3804 -3.3534 -3.0064 16.2686 17.9666 18.6736 18.6736
132 -9.2234 -4.8514 -4.3514 -4.3514 -3.3844 -2.9934 16.3266 17.8506 18.5586 18.5586
133 -9.1564 -4.8834 -4.3214 -4.3214 -3.4164 -2.9784 16.3876 17.7376 18.4346 18.4346
134 -9.0864 -4.9154 -4.2894 -4.2894 -3.4494 -2.9634 16.4506 17.6286 18.3026 18.3026
135 -9.0134 -4.9494 -4.2554 -4.2554 -3.4834 -2.9474 16.5166 17.5246 18.1626 18.1626
136 -8.9364 -4.9844 -4.2194 -4.2194 -3.5184 -2.9304 16.5846 17.4246 18.0146 18.0146
137 -8.8574 -5.0214 -4.1824 -4.1824 -3.5534 -2.9134 16.6546 17.3296 17.8606 17.8606
138 -8.7744 -5.0584 -4.1434 -4.1434 -3.5884 -2.8954 16.7266 17.2396 17.6986 17.6986
139 -8.6884 -5.0964 -4.1024 -4.1024 -3.6244 -2.8764 16.7996 17.1546 17.5316 17.5316
140 -8.5994 -5.1354 -4.0604 -4.0604 -3.6594 -2.8574 16.8746 17.0736 17.3586 17.3586
141 -8.5084 -5.1754 -4.0164 -4.0164 -3.6944 -2.8374 16.9506 16.9986 17.1806 17.1806
142 -8.4154 -5.2164 -3.9714 -3.9714 -3.7284 -2.8174 16.9276 16.9976 16.9976 17.0276
143 -8.3204 -5.2574 -3.9244 -3.9244 -3.7614 -2.7964 16.8116 16.8116 16.8626 17.1056
144 -8.2234 -5.2984 -3.8764 -3.8764 -3.7924 -2.7754 16.6216 16.6216 16.8016 17.1836
145 -8.1244 -5.3404 -3.8264 -3.8264 -3.8214 -2.7534 16.4286 16.4286 16.7456 17.2636
146 -8.0254 -5.3834 -3.8484 -3.7754 -3.7754 -2.7314 16.2336 16.2336 16.6936 17.3426
147 -7.9264 -5.4254 -3.8724 -3.7234 -3.7234 -2.7094 16.0366 16.0366 16.6466 17.4226
148 -7.8264 -5.4684 -3.8924 -3.6694 -3.6694 -2.6864 15.8386 15.8386 16.6026 17.5016
149 -7.7274 -5.5114 -3.9084 -3.6144 -3.6144 -2.6634 15.6396 15.6396 16.5616 17.5816
150 -7.6294 -5.5544 -3.9184 -3.5584 -3.5584 -2.6404 15.4396 15.4396 16.5236 17.6606
151 -7.5334 -5.5974 -3.9244 -3.5014 -3.5014 -2.6164 15.2386 15.2386 16.4836 17.4846
152 -7.4394 -5.6394 -3.9224 -3.4434 -3.4434 -2.5924 15.0386 15.0386 16.4346 17.1166
153 -7.3494 -5.6824 -3.9144 -3.3844 -3.3844 -2.5694 14.8386 14.8386 16.3436 16.7956
154 -7.2634 -5.7244 -3.8974 -3.3244 -3.3244 -2.5454 14.6396 14.6396 16.1286 16.6036
155 -7.1824 -5.7654 -3.8724 -3.2634 -3.2634 -2.5214 14.4416 14.4416 15.8016 16.5306
156 -7.1064 -5.8074 -3.8374 -3.2014 -3.2014 -2.4974 14.2446 14.2446 15.4376 16.4996
157 -7.0374 -5.8474 -3.7914 -3.1394 -3.1394 -2.4734 14.0496 14.0496 15.0646 16.4836
158 -6.9744 -5.8884 -3.7344 -3.0774 -3.0774 -2.4504 13.8566 13.8566 14.6896 16.4766
159 -6.9194 -5.9274 -3.6664 -3.0134 -3.0134 -2.4264 13.6656 13.6656 14.3136 16.4736
160 -6.8714 -5.9664 -3.5864 -2.9504 -2.9504 -2.4034 13.4776 13.4776 13.9396 16.4756
161 -6.8304 -6.0054 -3.4954 -2.8864 -2.8864 -2.3794 13.2926 13.2926 13.5676 16.4806
162 -6.7974 -6.0424 -3.3924 -2.8224 -2.8224 -2.3564 13.1096 13.1096 13.1976 16.4896
163 -6.7704 -6.0794 -3.2784 -2.7594 -2.7594 -2.3344 12.8306 12.9306 12.9306 16.4996
164 -6.7504 -6.1144 -3.1534 -2.6954 -2.6954 -2.3124 12.4666 12.7546 12.7546 16.5136
165 -6.7354 -6.1494 -3.0184 -2.6324 -2.6324 -2.2904 12.1056 12.5836 12.5836 16.5286
166 -6.7264 -6.1834 -2.8734 -2.5694 -2.5694 -2.2684 11.7476 12.4156 12.4156 16.5456
167 -6.7224 -6.2154 -2.7204 -2.5064 -2.5064 -2.2484 11.3926 12.2516 12.2516 16.5646
168 -6.7224 -6.2474 -2.5584 -2.4454 -2.4454 -2.2274 11.0416 12.0926 12.0926 16.5846
169 -6.7254 -6.2774 -2.3904 -2.3844 -2.3844 -2.2074 10.6946 11.9386 11.9386 16.6056
170 -6.7304 -6.3064 -2.3244 -2.3244 -2.2144 -2.1884 10.3516 11.7896 11.7896 16.6276
171 -6.7394 -6.3344 -2.2664 -2.2664 -2.1704 -2.0334 10.0126 11.6456 11.6456 16.6506
172 -6.7494 -6.3614 -2.2094 -2.2094 -2.1524 -1.8464 9.6786 11.5066 11.5066 16.6736
173 -6.7604 -6.3874 -2.1544 -2.1544 -2.1354 -1.6554 9.3496 11.3736 11.3736 16.6966
174 -6.7734 -6.4114 -2.1184 -2.1004 -2.1004 -1.4604 9.0256 11.2466 11.2466 16.7206
175 -6.7864 -6.4344 -2.1034 -2.0484 -2.0484 -1.2624 8.7086 11.1266 11.1266 16.7436
176 -6.7994 -6.4554 -2.0884 -1.9994 -1.9994 -1.0624 8.3966 11.0116 11.0116 16.7666
177 -6.8134 -6.4764 -2.0744 -1.9524 -1.9524 -0.8614 8.0926 10.9046 10.9046 16.7886
178 -6.8264 -6.4944 -2.0614 -1.9074 -1.9074 -0.6594 7.7966 10.8036 10.8036 16.8096
179 -6.8394 -6.5124 -2.0494 -1.8664 -1.8664 -0.4584 7.5096 10.7096 10.7096 16.8296
180 -6.8524 -6.5284 -2.0384 -1.8274 -1.8274 -0.2604 7.2326 10.6236 10.6236 16.8476
181 -6.8644 -6.5424 -2.0284 -1.7914 -1.7914 -0.0654 6.9676 10.5446 10.5446 16.8656
182 -6.8744 -6.5554 -2.0194 -1.7594 -1.7594 0.1226 6.7156 10.4736 10.4736 16.8826
183 -6.8844 -6.5674 -2.0114 -1.7304 -1.7304 0.3026 6.4806 10.4106 10.4106 16.8966
184 -6.8934 -6.5774 -2.0044 -1.7044 -1.7044 0.4716 6.2646 10.3556 10.3556 16.9096
185 -6.9004 -6.5854 -1.9984 -1.6824 -1.6824 0.6246 6.0706 10.3086 10.3086 16.9216
186 -6.9074 -6.5924 -1.9934 -1.6644 -1.6644 0.7596 5.9026 10.2706 10.2706 16.9306
187 -6.9114 -6.5974 -1.9894 -1.6504 -1.6504 0.8706 5.7656 10.2406 10.2406 16.9376
188 -6.9154 -6.6014 -1.9874 -1.6404 -1.6404 0.9546 5.6636 10.2186 10.2186 16.9436
189 -6.9174 -6.6044 -1.9854 -1.6344 -1.6344 1.0066 5.6006 10.2056 10.2056 16.9466
190 -6.9184 -6.6044 -1.9854 -1.6324 -1.6324 1.0246 5.5796 10.2016 10.2016 16.9476
191 -6.9164 -6.6034 -1.9864 -1.6404 -1.6324 1.0346 5.5776 10.1976 10.1986 16.9576
192 -6.9124 -6.6004 -1.9914 -1.6664 -1.6324 1.0636 5.5716 10.1856 10.1896 16.9886
193 -6.9054 -6.5944 -1.9994 -1.7074 -1.6324 1.1116 5.5626 10.1666 10.1756 17.0386
194 -6.8954 -6.5864 -2.0114 -1.7614 -1.6324 1.1766 5.5496 10.1396 10.1556 17.1086
195 -6.8824 -6.5764 -2.0264 -1.8294 -1.6324 1.2576 5.5326 10.1056 10.1316 17.1976
196 -6.8674 -6.5634 -2.0444 -1.9064 -1.6324 1.3506 5.5126 10.0636 10.1026 17.3056
197 -6.8494 -6.5484 -2.0654 -1.9924 -1.6324 1.4546 5.4896 10.0146 10.0696 17.4306
198 -6.8284 -6.5314 -2.0894 -2.0844 -1.6324 1.5696 5.4626 9.9586 10.0346 17.5706
199 -6.8054 -6.5114 -2.1824 -2.1164 -1.6324 1.6916 5.4336 9.8956 9.9966 17.7276
200 -6.7794 -6.4894 -2.2854 -2.1474 -1.6324 1.8216 5.4026 9.8256 9.9576 17.8996
201 -6.7504 -6.4654 -2.3904 -2.1804 -1.6324 1.9566 5.3686 9.7496 9.9166 18.0846
202 -6.7194 -6.4384 -2.4984 -2.2164 -1.6324 2.0976 5.3336 9.6666 9.8756 18.2826
203 -6.6864 -6.4104 -2.6084 -2.2544 -1.6314 2.2426 5.2966 9.5776 9.8346 18.4926
204 -6.6514 -6.3794 -2.7194 -2.2954 -1.6314 2.3926 5.2586 9.4836 9.7936 18.7136
205 -6.6144 -6.3454 -2.8314 -2.3394 -1.6314 2.5446 5.2196 9.3836 9.7526 18.9446
206 -6.5754 -6.3104 -2.9434 -2.3854 -1.6314 2.7006 5.1806 9.2786 9.7126 19.1846
207 -6.5344 -6.2724 -3.0554 -2.4324 -1.6314 2.8586 5.1406 9.1676 9.6746 19.4336
208 -6.4924 -6.2324 -3.1664 -2.4824 -1.6314 3.0186 5.1006 9.0526 9.6376 19.6916
209 -6.4494 -6.1894 -3.2774 -2.5334 -1.6314 3.1806 5.0616 8.9326 9.6016 19.9556
210 -6.4044 -6.1444 -3.3884 -2.5854 -1.6314 3.3456 5.0226 8.8086 9.5686 20.2266
211 -6.3584 -6.0974 -3.4974 -2.6384 -1.6314 3.5106 4.9856 8.6806 9.5356 20.5036
212 -6.3124 -6.0484 -3.6064 -2.6924 -1.6314 3.6776 4.9486 8.5476 9.5056 20.7846
213 -6.2664 -5.9974 -3.7134 -2.7464 -1.6314 3.8456 4.9136 8.4116 9.4776 21.0706
214 -6.2204 -5.9434 -3.8194 -2.8004 -1.6314 4.0146 4.8806 8.2726 9.4506 21.2926
215 -6.1744 -5.8874 -3.9244 -2.8534 -1.6314 4.1846 4.8486 8.1296 9.4266 21.4416
216 -6.1294 -5.8294 -4.0274 -2.9054 -1.6304 4.3546 4.8186 7.9846 9.4036 21.5946
217 -6.0854 -5.7694 -4.1294 -2.9554 -1.6304 4.5256 4.7916 7.8356 9.3836 21.7526
218 -6.0434 -5.7074 -4.2294 -3.0034 -1.6304 4.6966 4.7656 7.6846 9.3646 21.9156
219 -6.0044 -5.6424 -4.3274 -3.0494 -1.6304 4.7426 4.8686 7.5306 9.3486 22.0836
220 -5.9674 -5.5754 -4.4244 -3.0914 -1.6304 4.7226 5.0406 7.3746 9.3336 22.2556
221 -5.9344 -5.5064 -4.5194 -3.1294 -1.6304 4.7046 5.2116 7.2166 9.3206 22.4336
222 -5.9044 -5.4354 -4.6124 -3.1634 -1.6304 4.6896 5.3826 7.0566 9.3106 22.6146
223 -5.8794 -5.3624 -4.7034 -3.1914 -1.6304 4.6766 5.5546 6.8946 9.3016 22.8016
224 -5.8594 -5.2874 -4.7924 -3.2144 -1.6304 4.6666 5.7246 6.7306 9.2946 22.9926
225 -5.8454 -5.2094 -4.8804 -3.2304 -1.6304 4.6596 5.8946 6.5656 9.2896 23.1876
226 -5.8364 -5.1304 -4.9654 -3.2404 -1.6304 4.6556 6.0636 6.3996 9.2866 23.3866
227 -5.8334 -5.0494 -5.0494 -3.2444 -1.6304 4.6546 6.2326 6.2326 9.2856 23.5906
228 -5.8344 -5.1034 -4.9944 -3.2424 -1.6314 4.6476 6.1226 6.3466 9.2926 23.4266
229 -5.8364 -5.1574 -4.9384 -3.2374 -1.6344 4.6286 6.0166 6.4626 9.3136 23.2216
230 -5.8414 -5.2114 -4.8814 -3.2294 -1.6394 4.6026 5.9136 6.5766 9.3496 22.9926
231 -5.8484 -5.2634 -4.8244 -3.2184 -1.6464 4.5696 5.8136 6.6846 9.4016 22.7496
232 -5.8574 -5.3144 -4.7664 -3.2054 -1.6544 4.5326 5.7176 6.7846 9.4716 22.4946
233 -5.8684 -5.3624 -4.7074 -3.1904 -1.6654 4.4926 5.6246 6.8736 9.5586 22.2326
234 -5.8824 -5.4074 -4.6494 -3.1724 -1.6784 4.4506 5.5346 6.9516 9.6626 21.9656
235 -5.8994 -5.4494 -4.5904 -3.1534 -1.6924 4.4076 5.4496 7.0186 9.7826 21.6946
236 -5.9194 -5.4874 -4.5314 -3.1334 -1.7084 4.3636 5.3676 7.0746 9.9186 21.4216
237 -5.9424 -5.5214 -4.4724 -3.1114 -1.7264 4.3196 5.2886 7.1206 10.0676 21.1476
238 -5.9674 -5.5514 -4.4134 -3.0894 -1.7454 4.2756 5.2146 7.1576 10.2286 20.8736
239 -5.9954 -5.5774 -4.3554 -3.0664 -1.7654 4.2316 5.1446 7.1876 10.3986 20.6016
240 -6.0244 -5.5994 -4.2984 -3.0434 -1.7874 4.1886 5.0776 7.2116 10.5756 20.3326
241 -6.0544 -5.6184 -4.2424 -3.0204 -1.8104 4.1476 5.0156 7.2296 10.7596 20.0656
242 -6.0844 -5.6354 -4.1874 -2.9974 -1.8344 4.1076 4.9566 7.2436 10.9466 19.8036
243 -6.1144 -5.6494 -4.1344 -2.9754 -1.8584 4.0686 4.9026 7.2546 11.1356 19.5476
244 -6.1434 -5.6614 -4.0824 -2.9534 -1.8834 4.0326 4.8526 7.2636 11.3246 19.2976
245 -6.1714 -5.6714 -4.0334 -2.9334 -1.9074 3.9986 4.8066 7.2696 11.5116 19.0566
246 -6.1974 -5.6804 -3.9864 -2.9134 -1.9314 3.9666 4.7656 7.2736 11.6956 18.8266
247 -6.2214 -5.6874 -3.9434 -2.8964 -1.9554 3.9376 4.7286 7.2766 11.8726 18.6076
248 -6.2424 -5.6944 -3.9034 -2.8794 -1.9774 3.9116 4.6956 7.2796 12.0406 18.4026
249 -6.2624 -5.6994 -3.8674 -2.8654 -1.9974 3.8886 4.6666 7.2806 12.1966 18.2146
250 -6.2784 -5.7034 -3.8354 -2.8524 -2.0154 3.8686 4.6426 7.2816 12.3376 18.0476
251 -6.2924 -5.7074 -3.8094 -2.8424 -2.0314 3.8526 4.6226 7.2826 12.4596 17.9026
252 -6.3034 -5.7104 -3.7884 -2.8344 -2.0444 3.8396 4.6076 7.2826 12.5606 17.7856
253 -6.3104 -5.7114 -3.7724 -2.8284 -2.0534 3.8306 4.5966 7.2836 12.6356 17.6996
254 -6.3154 -5.7134 -3.7634 -2.8244 -2.0594 3.8246 4.5896 7.2836 12.6816 17.6456
255 -6.3164 -5.7134 -3.7604 -2.8234 -2.0614 3.8226 4.5876 7.2836 12.6976 17.6276
