1 -14.9056 -14.9056 -14.9056 -14.7276 -14.7276 -10.8936 12.2664 12.2664 12.2664 16.7564 16.7564
2 -14.9056 -14.9056 -14.9056 -14.7276 -14.7276 -10.8916 12.2524 12.2534 12.2534 16.7214 16.7214
3 -14.9056 -14.9056 -14.9046 -14.7276 -14.7266 -10.8846 12.2104 12.2154 12.2154 16.6344 16.6344
4 -14.9046 -14.9046 -14.9046 -14.7286 -14.7266 -10.8726 12.1414 12.1524 12.1524 16.5294 16.5294
5 -14.9046 -14.9046 -14.9036 -14.7286 -14.7266 -10.8566 12.0484 12.0654 12.0654 16.4244 16.4244
6 -14.9046 -14.9046 -14.9026 -14.7296 -14.7266 -10.8356 11.9324 11.9554 11.9554 16.3304 16.3304
7 -14.9036 -14.9036 -14.9016 -14.7306 -14.7256 -10.8106 11.7974 11.8254 11.8254 16.0604 16.2514
8 -14.9026 -14.9026 -14.8996 -14.7326 -14.7256 -10.7806 11.6444 11.6774 11.6774 15.7624 16.1874
9 -14.9016 -14.9016 -14.8986 -14.7336 -14.7256 -10.7456 11.4774 11.5124 11.5124 15.4684 16.1404
10 -14.9006 -14.9006 -14.8966 -14.7356 -14.7246 -10.7066 11.2984 11.3324 11.3324 15.1784 16.1084
11 -14.8996 -14.8996 -14.8946 -14.7376 -14.7246 -10.6626 11.1094 11.1414 11.1414 14.8934 16.0914
12 -14.8986 -14.8986 -14.8916 -14.7396 -14.7246 -10.6136 10.9124 10.9404 10.9404 14.6114 16.0884
13 -14.8976 -14.8976 -14.8896 -14.7426 -14.7246 -10.5606 10.7084 10.7314 10.7314 14.3344 16.0974
14 -14.8956 -14.8956 -14.8866 -14.7446 -14.7236 -10.5026 10.4994 10.5164 10.5164 14.0624 16.1174
15 -14.8946 -14.8946 -14.8836 -14.7476 -14.7236 -10.4396 10.2874 10.2954 10.2954 13.7944 16.1484
16 -14.8926 -14.8926 -14.8806 -14.7506 -14.7236 -10.3726 10.0714 10.0714 10.0724 13.5304 16.1894
17 -14.8906 -14.8906 -14.8766 -14.7536 -14.7236 -10.2996 9.8444 9.8444 9.8554 13.2724 16.2394
18 -14.8886 -14.8886 -14.8736 -14.7566 -14.7246 -10.2226 9.6154 9.6154 9.6384 13.0174 16.2974
19 -14.8866 -14.8866 -14.8696 -14.7606 -14.7246 -10.1416 9.3854 9.3854 9.4204 12.7674 16.3644
20 -14.8846 -14.8846 -14.8656 -14.7636 -14.7256 -10.0546 9.1554 9.1554 9.2034 12.5224 16.4374
21 -14.8816 -14.8816 -14.8616 -14.7676 -14.7266 -9.9636 8.9264 8.9264 8.9874 12.2814 16.5184
22 -14.8786 -14.8786 -14.8576 -14.7716 -14.7276 -9.8686 8.6974 8.6974 8.7724 12.0454 16.6054
23 -14.8766 -14.8766 -14.8536 -14.7756 -14.7286 -9.7676 8.4694 8.4694 8.5584 11.8134 16.6994
24 -14.8736 -14.8736 -14.8496 -14.7796 -14.7306 -9.6626 8.2424 8.2424 8.3474 11.5864 16.8004
25 -14.8706 -14.8706 -14.8446 -14.7846 -14.7316 -9.5526 8.0184 8.0184 8.1394 11.3634 16.9064
26 -14.8666 -14.8666 -14.8396 -14.7886 -14.7336 -9.4376 7.7954 7.7954 7.9324 11.1454 17.0184
27 -14.8636 -14.8636 -14.8356 -14.7936 -14.7366 -9.3176 7.5754 7.5754 7.7294 10.9314 17.1354
28 -14.8596 -14.8596 -14.8306 -14.7986 -14.7386 -9.1936 7.3584 7.3584 7.5294 10.7224 17.2594
29 -14.8566 -14.8566 -14.8256 -14.8036 -14.7416 -9.0646 7.1434 7.1434 7.3324 10.5174 17.3874
30 -14.8526 -14.8526 -14.8206 -14.8086 -14.7446 -8.9306 6.9314 6.9314 7.1394 10.3174 17.5214
31 -14.8486 -14.8486 -14.8146 -14.8136 -14.7486 -8.7926 6.7224 6.7224 6.9494 10.1214 17.6614
32 -14.8436 -14.8436 -14.8186 -14.8096 -14.7526 -8.6496 6.5164 6.5164 6.7634 9.9304 17.8054
33 -14.8396 -14.8396 -14.8236 -14.8046 -14.7566 -8.5016 6.3134 6.3134 6.5804 9.7434 17.9554
34 -14.8346 -14.8346 -14.8296 -14.7996 -14.7606 -8.3496 6.1144 6.1144 6.4014 9.5604 18.1094
35 -14.8346 -14.8306 -14.8306 -14.7936 -14.7656 -8.1926 5.9184 5.9184 6.2274 9.3834 18.2694
36 -14.8406 -14.8256 -14.8256 -14.7886 -14.7706 -8.0316 5.7264 5.7264 6.0564 9.2094 18.4334
37 -14.8456 -14.8206 -14.8206 -14.7826 -14.7756 -7.8646 5.5384 5.5384 5.8894 9.0404 18.6024
38 -14.8516 -14.8156 -14.8156 -14.7816 -14.7776 -7.6946 5.3534 5.3534 5.7264 8.8754 18.7764
39 -14.8566 -14.8096 -14.8096 -14.7876 -14.7726 -7.5186 5.1724 5.1724 5.5684 8.7154 18.9554
40 -14.8626 -14.8046 -14.8046 -14.7936 -14.7666 -7.3386 4.9954 4.9954 5.4134 8.5594 18.7234
41 -14.8686 -14.7996 -14.7986 -14.7986 -14.7616 -7.1546 4.8224 4.8224 5.2634 8.4074 18.2934
42 -14.8736 -14.8056 -14.7936 -14.7936 -14.7556 -6.9656 4.6524 4.6524 5.1164 8.2604 17.8534
43 -14.8796 -14.8126 -14.7876 -14.7876 -14.7506 -6.7726 4.4874 4.4874 4.9744 8.1174 17.4074
44 -14.8846 -14.8196 -14.7816 -14.7816 -14.7456 -6.5756 4.3264 4.3264 4.8364 7.9784 16.9584
45 -14.8906 -14.8266 -14.7766 -14.7766 -14.7396 -6.3736 4.1694 4.1694 4.7034 7.8444 16.5084
46 -14.8966 -14.8336 -14.7706 -14.7706 -14.7346 -6.1676 4.0174 4.0174 4.5734 7.7144 16.0594
47 -14.9016 -14.8416 -14.7646 -14.7646 -14.7296 -5.9566 3.8684 3.8684 4.4474 7.5884 15.6104
48 -14.9076 -14.8486 -14.7586 -14.7586 -14.7246 -5.7416 3.7244 3.7244 4.3264 7.4674 15.1634
49 -14.9126 -14.8566 -14.7526 -14.7526 -14.7196 -5.5236 3.5854 3.5854 4.2094 7.3504 14.7194
50 -14.9176 -14.8636 -14.7466 -14.7466 -14.7146 -5.3006 3.4504 3.4504 4.0954 7.2374 14.2774
51 -14.9226 -14.8716 -14.7406 -14.7406 -14.7096 -5.0736 3.3194 3.3194 3.9854 7.1284 13.8394
52 -14.9276 -14.8786 -14.7346 -14.7346 -14.7056 -4.8426 3.1934 3.1934 3.8804 7.0244 13.4054
53 -14.9326 -14.8866 -14.7286 -14.7286 -14.7006 -4.6076 3.0714 3.0714 3.7784 6.9234 12.9754
54 -14.9376 -14.8946 -14.7226 -14.7226 -14.6966 -4.3696 2.9544 2.9544 3.6804 6.8274 12.5494
55 -14.9426 -14.9016 -14.7166 -14.7166 -14.6926 -4.1276 2.8414 2.8414 3.5854 6.7364 12.1284
56 -14.9476 -14.9086 -14.7106 -14.7106 -14.6876 -3.8816 2.7344 2.7344 3.4944 6.6484 11.7114
57 -14.9516 -14.9166 -14.7056 -14.7056 -14.6836 -3.6326 2.6304 2.6304 3.4064 6.5644 11.3014
58 -14.9556 -14.9236 -14.6996 -14.6996 -14.6806 -3.3806 2.5324 2.5324 3.3214 6.4854 10.8964
59 -14.9606 -14.9306 -14.6946 -14.6946 -14.6766 -3.1256 2.4394 2.4394 3.2394 6.4104 10.4974
60 -14.9646 -14.9366 -14.6896 -14.6896 -14.6726 -2.8676 2.3504 2.3504 3.1604 6.3394 10.1054
61 -14.9676 -14.9436 -14.6846 -14.6846 -14.6696 -2.6066 2.2664 2.2664 3.0834 6.2724 9.7204
62 -14.9716 -14.9496 -14.6796 -14.6796 -14.6666 -2.3436 2.1874 2.1874 3.0084 6.2094 9.3434
63 -14.9746 -14.9556 -14.6756 -14.6756 -14.6636 -2.0786 2.1134 2.1134 2.9354 6.1504 8.9744
64 -14.9786 -14.9616 -14.6716 -14.6716 -14.6606 -1.8116 2.0444 2.0444 2.8634 6.0954 8.6154
65 -14.9816 -14.9666 -14.6676 -14.6676 -14.6576 -1.5436 1.9804 1.9804 2.7914 6.0454 8.2674
66 -14.9836 -14.9716 -14.6636 -14.6636 -14.6556 -1.2756 1.9214 1.9214 2.7194 5.9984 7.9314
67 -14.9866 -14.9756 -14.6596 -14.6596 -14.6536 -1.0066 1.8674 1.8674 2.6464 5.9564 7.6084
68 -14.9886 -14.9806 -14.6566 -14.6566 -14.6516 -0.7396 1.8194 1.8194 2.5704 5.9174 7.3014
69 -14.9906 -14.9846 -14.6536 -14.6536 -14.6496 -0.4736 1.7754 1.7754 2.4894 5.8834 7.0124
70 -14.9926 -14.9876 -14.6516 -14.6516 -14.6476 -0.2106 1.7364 1.7364 2.4034 5.8534 6.7444
71 -14.9946 -14.9906 -14.6486 -14.6486 -14.6466 0.0474 1.7034 1.7034 2.3104 5.8274 6.5004
72 -14.9956 -14.9926 -14.6466 -14.6466 -14.6456 0.3004 1.6744 1.6744 2.2064 5.8044 6.2854
73 -14.9966 -14.9956 -14.6456 -14.6456 -14.6446 0.5444 1.6514 1.6514 2.0924 5.7864 6.1004
74 -14.9976 -14.9966 -14.6446 -14.6446 -14.6436 0.7774 1.6334 1.6334 1.9644 5.7724 5.9524
75 -14.9986 -14.9976 -14.6436 -14.6436 -14.6426 0.9934 1.6204 1.6204 1.8264 5.7624 5.8434
76 -14.9986 -14.9986 -14.6426 -14.6426 -14.6426 1.1804 1.6124 1.6124 1.6884 5.7564 5.7764
77 -14.9986 -14.9986 -14.6426 -14.6426 -14.6426 1.2754 1.6094 1.6094 1.6094 5.7544 5.7544
78 -14.9986 -14.9986 -14.6426 -14.6426 -14.6426 1.1834 1.5964 1.6124 1.7014 5.7614 5.7714
79 -14.9986 -14.9976 -14.6436 -14.6436 -14.6426 1.0134 1.5584 1.6204 1.8694 5.7824 5.8224
80 -14.9976 -14.9966 -14.6456 -14.6446 -14.6426 0.8274 1.4954 1.6324 2.0524 5.8184 5.9054
81 -14.9966 -14.9956 -14.6476 -14.6456 -14.6426 0.6374 1.4124 1.6504 2.2384 5.8684 6.0174
82 -14.9956 -14.9936 -14.6506 -14.6466 -14.6416 0.4464 1.3104 1.6734 2.4224 5.9344 6.1554
83 -14.9936 -14.9916 -14.6536 -14.6486 -14.6416 0.2564 1.1934 1.7024 2.6024 6.0154 6.3164
84 -14.9916 -14.9886 -14.6576 -14.6516 -14.6416 0.0684 1.0654 1.7354 2.7794 6.1114 6.4974
85 -14.9896 -14.9856 -14.6616 -14.6536 -14.6416 -0.1176 0.9274 1.7734 2.9504 6.2244 6.6964
86 -14.9866 -14.9826 -14.6666 -14.6566 -14.6406 -0.3016 0.7824 1.8164 3.1154 6.3534 6.9104
87 -14.9846 -14.9786 -14.6726 -14.6596 -14.6406 -0.4826 0.6314 1.8644 3.2734 6.4994 7.1384
88 -14.9816 -14.9746 -14.6786 -14.6636 -14.6396 -0.6606 0.4774 1.9184 3.4264 6.6604 7.3774
89 -14.9786 -14.9696 -14.6846 -14.6666 -14.6396 -0.8346 0.3214 1.9764 3.5714 6.8384 7.6274
90 -14.9746 -14.9656 -14.6916 -14.6706 -14.6386 -1.0056 0.1634 2.0394 3.7114 7.0314 7.8874
91 -14.9716 -14.9596 -14.6996 -14.6746 -14.6386 -1.1736 0.0044 2.1074 3.8454 7.2384 8.1564
92 -14.9676 -14.9546 -14.7066 -14.6796 -14.6376 -1.3366 -0.1536 2.1794 3.9754 7.4594 8.4324
93 -14.9646 -14.9486 -14.7146 -14.6836 -14.6376 -1.4966 -0.3106 2.2574 4.1004 7.6934 8.7164
94 -14.9606 -14.9426 -14.7236 -14.6886 -14.6366 -1.6526 -0.4666 2.3394 4.2224 7.9384 9.0074
95 -14.9566 -14.9366 -14.7326 -14.6936 -14.6356 -1.8046 -0.6206 2.4254 4.3424 8.1944 9.3044
96 -14.9526 -14.9296 -14.7416 -14.6986 -14.6346 -1.9526 -0.7726 2.5174 4.4594 8.4604 9.6084
97 -14.9486 -14.9226 -14.7506 -14.7036 -14.6346 -2.0966 -0.9226 2.6134 4.5764 8.7344 9.9174
98 -14.9456 -14.9156 -14.7596 -14.7086 -14.6336 -2.2366 -1.0696 2.7134 4.6924 9.0164 10.2334
99 -14.9416 -14.9086 -14.7696 -14.7136 -14.6326 -2.3726 -1.2136 2.8174 4.8084 9.3064 10.5544
100 -14.9376 -14.9006 -14.7796 -14.7186 -14.6326 -2.5036 -1.3546 2.9264 4.9244 9.6014 10.8804
101 -14.9346 -14.8936 -14.7896 -14.7226 -14.6316 -2.6306 -1.4926 3.0404 5.0424 9.9024 11.2124
102 -14.9316 -14.8856 -14.7986 -14.7276 -14.6306 -2.7536 -1.6276 3.1574 5.1604 10.2074 11.5484
103 -14.9286 -14.8776 -14.8086 -14.7316 -14.6296 -2.8726 -1.7576 3.2784 5.2804 10.5154 11.8904
104 -14.9256 -14.8706 -14.8186 -14.7356 -14.6286 -2.9866 -1.8856 3.4034 5.4024 10.8254 12.2364
105 -14.9236 -14.8626 -14.8286 -14.7396 -14.6286 -3.0966 -2.0086 3.5324 5.5274 11.1374 12.5884
106 -14.9226 -14.8546 -14.8386 -14.7426 -14.6276 -3.2026 -2.1276 3.6654 5.6534 11.4474 12.9444
107 -14.9206 -14.8486 -14.8466 -14.7456 -14.6266 -3.3036 -2.2436 3.8014 5.7824 11.7534 13.3054
108 -14.9206 -14.8586 -14.8386 -14.7486 -14.6256 -3.4006 -2.3546 3.9414 5.9134 12.0544 13.6704
109 -14.9196 -14.8676 -14.8306 -14.7506 -14.6246 -3.4936 -2.4616 4.0844 6.0474 12.3454 14.0404
110 -14.9196 -14.8766 -14.8226 -14.7516 -14.6246 -3.5826 -2.5646 4.2304 6.1834 12.6204 14.4154
111 -14.9206 -14.8856 -14.8156 -14.7526 -14.6236 -3.6666 -2.6636 4.3784 6.3224 12.8734 14.7944
112 -14.9216 -14.8946 -14.8076 -14.7536 -14.6226 -3.7466 -2.7576 4.5294 6.4644 13.0944 15.0994
113 -14.9236 -14.9036 -14.8006 -14.7536 -14.6226 -3.8226 -2.8476 4.6834 6.6084 13.2734 14.7974
114 -14.9256 -14.9116 -14.7936 -14.7526 -14.6216 -3.8946 -2.9326 4.8394 6.7554 13.3974 14.5014
115 -14.9276 -14.9196 -14.7866 -14.7526 -14.6206 -3.9616 -3.0136 4.9964 6.9044 13.4614 14.2114
116 -14.9296 -14.9266 -14.7796 -14.7516 -14.6206 -4.0256 -3.0896 5.1544 7.0554 13.4624 13.9294
117 -14.9336 -14.9326 -14.7736 -14.7506 -14.6196 -4.0846 -3.1606 5.3134 7.2084 13.4074 13.6544
118 -14.9406 -14.9356 -14.7676 -14.7496 -14.6186 -4.1396 -3.2276 5.4714 7.3634 13.3064 13.3874
119 -14.9476 -14.9386 -14.7616 -14.7476 -14.6186 -4.1896 -3.2896 5.6294 7.5194 13.1304 13.1734
120 -14.9526 -14.9406 -14.7566 -14.7466 -14.6176 -4.2366 -3.3466 5.7864 7.6764 12.8824 13.0164
121 -14.9586 -14.9436 -14.7516 -14.7446 -14.6176 -4.2796 -3.3986 5.9394 7.8324 12.6444 12.8464
122 -14.9636 -14.9456 -14.7466 -14.7436 -14.6176 -4.3176 -3.4466 6.0894 7.9874 12.4194 12.6684
123 -14.9676 -14.9486 -14.7426 -14.7426 -14.6166 -4.3526 -3.4886 6.2324 8.1404 12.2084 12.4884
124 -14.9716 -14.9506 -14.7406 -14.7386 -14.6166 -4.3826 -3.5266 6.3684 8.2884 12.0124 12.3114
125 -14.9756 -14.9526 -14.7396 -14.7356 -14.6166 -4.4086 -3.5596 6.4954 8.4314 11.8344 12.1424
126 -14.9786 -14.9546 -14.7386 -14.7326 -14.6156 -4.4306 -3.5866 6.6094 8.5634 11.6764 11.9834
127 -14.9806 -14.9556 -14.7376 -14.7306 -14.6156 -4.4486 -3.6096 6.7084 8.6834 11.5414 11.8424
128 -14.9826 -14.9566 -14.7376 -14.7286 -14.6156 -4.4626 -3.6266 6.7904 8.7844 11.4324 11.7224
129 -14.9836 -14.9576 -14.7366 -14.7276 -14.6156 -4.4726 -3.6396 6.8504 8.8634 11.3524 11.6314
130 -14.9846 -14.9586 -14.7366 -14.7266 -14.6156 -4.4796 -3.6476 6.8874 8.9124 11.3024 11.5734
131 -14.9856 -14.9586 -14.7366 -14.7266 -14.6156 -4.4816 -3.6496 6.9004 8.9304 11.2864 11.5534
132 -14.9846 -14.9586 -14.7366 -14.7266 -14.6156 -4.5496 -3.5776 6.9034 8.9324 11.2884 11.5554
133 -14.9846 -14.9576 -14.7366 -14.7266 -14.6166 -4.7096 -3.4036 6.9114 8.9384 11.2944 11.5604
134 -14.9846 -14.9576 -14.7366 -14.7266 -14.6176 -4.9076 -3.1836 6.9244 8.9484 11.3034 11.5694
135 -14.9836 -14.9566 -14.7376 -14.7266 -14.6196 -5.1196 -2.9406 6.9424 8.9634 11.3174 11.5814
136 -14.9836 -14.9556 -14.7376 -14.7266 -14.6216 -5.3356 -2.6856 6.9654 8.9814 11.3354 11.5964
137 -14.9826 -14.9536 -14.7376 -14.7266 -14.6246 -5.5516 -2.4206 6.9944 9.0044 11.3564 11.6154
138 -14.9816 -14.9526 -14.7386 -14.7266 -14.6276 -5.7666 -2.1476 7.0274 9.0304 11.3824 11.6374
139 -14.9806 -14.9506 -14.7396 -14.7266 -14.6316 -5.9786 -1.8696 7.0664 9.0614 11.4124 11.6634
140 -14.9796 -14.9486 -14.7396 -14.7266 -14.6356 -6.1876 -1.5866 7.1104 9.0964 11.4454 11.6924
141 -14.9786 -14.9466 -14.7406 -14.7266 -14.6406 -6.3926 -1.2976 7.1594 9.1344 11.4824 11.7244
142 -14.9776 -14.9446 -14.7416 -14.7266 -14.6456 -6.5936 -1.0036 7.2134 9.1774 11.5244 11.7604
143 -14.9756 -14.9416 -14.7426 -14.7266 -14.6506 -6.7906 -0.7056 7.2724 9.2234 11.5694 11.8004
144 -14.9746 -14.9396 -14.7436 -14.7266 -14.6566 -6.9836 -0.4026 7.3364 9.2744 11.6184 11.8434
145 -14.9726 -14.9366 -14.7446 -14.7266 -14.6626 -7.1716 -0.0966 7.4054 9.3284 11.6724 11.8894
146 -14.9706 -14.9336 -14.7456 -14.7266 -14.6686 -7.3556 0.2144 7.4794 9.3854 11.7294 11.9394
147 -14.9696 -14.9306 -14.7466 -14.7266 -14.6756 -7.5356 0.5304 7.5574 9.4474 11.7904 11.9934
148 -14.9676 -14.9286 -14.7476 -14.7266 -14.6826 -7.7106 0.8494 7.6414 9.5124 11.8554 12.0504
149 -14.9656 -14.9256 -14.7476 -14.7266 -14.6896 -7.8806 1.1724 7.7294 9.5804 11.9254 12.1104
150 -14.9636 -14.9226 -14.7486 -14.7266 -14.6976 -8.0466 1.4994 7.8224 9.6524 11.9984 12.1744
151 -14.9616 -14.9196 -14.7496 -14.7266 -14.7056 -8.2076 1.8294 7.9194 9.7274 12.0754 12.2424
152 -14.9586 -14.9166 -14.7506 -14.7266 -14.7136 -8.3646 2.1644 8.0214 9.8054 12.1564 12.3134
153 -14.9566 -14.9136 -14.7506 -14.7266 -14.7216 -8.5166 2.5014 8.1284 9.8864 12.2424 12.3884
154 -14.9546 -14.9116 -14.7516 -14.7296 -14.7266 -8.6636 2.8434 8.2384 9.9704 12.3314 12.4674
155 -14.9526 -14.9086 -14.7516 -14.7376 -14.7276 -8.8066 3.1874 8.3534 10.0574 12.4244 12.5494
156 -14.9496 -14.9066 -14.7526 -14.7466 -14.7276 -8.9436 3.5354 8.4734 10.1464 12.5224 12.6344
157 -14.9476 -14.9046 -14.7546 -14.7526 -14.7276 -9.0766 3.8864 8.5964 10.2384 12.6234 12.7244
158 -14.9456 -14.9026 -14.7636 -14.7526 -14.7276 -9.2056 4.2404 8.7234 10.3324 12.7294 12.8174
159 -14.9426 -14.9016 -14.7716 -14.7516 -14.7276 -9.3286 4.5964 8.8544 10.4274 12.8394 12.9144
160 -14.9406 -14.8996 -14.7806 -14.7516 -14.7276 -9.4476 4.9564 8.9894 10.5244 12.9524 13.0154
161 -14.9386 -14.8986 -14.7886 -14.7506 -14.7276 -9.5626 5.3174 9.1284 10.6234 13.0704 13.1194
162 -14.9366 -14.8976 -14.7966 -14.7506 -14.7276 -9.6716 5.6814 9.2704 10.7224 13.1924 13.2274
163 -14.9336 -14.8966 -14.8046 -14.7496 -14.7276 -9.7766 6.0464 9.4154 10.8234 13.3184 13.3394
164 -14.9316 -14.8966 -14.8126 -14.7486 -14.7276 -9.8766 6.4134 9.5634 10.9234 13.4494 13.4564
165 -14.9296 -14.8966 -14.8206 -14.7476 -14.7276 -9.9716 6.7804 9.7144 11.0234 13.5764 13.5834
166 -14.9276 -14.8956 -14.8276 -14.7466 -14.7276 -10.0616 7.1494 9.8684 11.1234 13.7004 13.7214
167 -14.9256 -14.8966 -14.8346 -14.7446 -14.7276 -10.1476 7.5174 10.0244 11.2224 13.8284 13.8644
168 -14.9236 -14.8966 -14.8426 -14.7436 -14.7276 -10.2286 7.8854 10.1824 11.3194 13.9614 14.0104
169 -14.9216 -14.8966 -14.8486 -14.7416 -14.7276 -10.3046 8.2514 10.3414 11.4144 14.0984 14.1614
170 -14.9196 -14.8976 -14.8556 -14.7406 -14.7276 -10.3766 8.6154 10.5024 11.5074 14.2414 14.3164
171 -14.9176 -14.8976 -14.8616 -14.7396 -14.7276 -10.4436 8.9754 10.6634 11.5964 14.3884 14.4744
172 -14.9166 -14.8986 -14.8676 -14.7376 -14.7276 -10.5056 9.3304 10.8244 11.6824 14.5414 14.6374
173 -14.9146 -14.8996 -14.8726 -14.7366 -14.7276 -10.5636 9.6794 10.9844 11.7634 14.7004 14.8044
174 -14.9136 -14.9006 -14.8776 -14.7346 -14.7276 -10.6166 10.0194 11.1424 11.8404 14.8664 14.9744
175 -14.9116 -14.9006 -14.8826 -14.7336 -14.7276 -10.6646 10.3484 11.2984 11.9114 15.0384 15.1484
176 -14.9106 -14.9016 -14.8866 -14.7326 -14.7276 -10.7086 10.6634 11.4494 11.9774 15.2194 15.3264
177 -14.9096 -14.9026 -14.8906 -14.7316 -14.7276 -10.7476 10.9624 11.5944 12.0364 15.4084 15.5064
178 -14.9086 -14.9026 -14.8936 -14.7306 -14.7276 -10.7816 11.2404 11.7314 12.0904 15.6064 15.6904
179 -14.9076 -14.9036 -14.8966 -14.7296 -14.7276 -10.8116 11.4934 11.8594 12.1364 15.8134 15.8754
180 -14.9076 -14.9046 -14.8996 -14.7286 -14.7276 -10.8366 11.7174 11.9744 12.1764 16.0254 16.0604
181 -14.9066 -14.9046 -14.9016 -14.7286 -14.7276 -10.8576 11.9084 12.0744 12.2084 16.2384 16.2444
182 -14.9056 -14.9046 -14.9036 -14.7276 -14.7276 -10.8736 12.0624 12.1554 12.2344 16.4224 16.4394
183 -14.9056 -14.9056 -14.9046 -14.7276 -14.7276 -10.8846 12.1744 12.2164 12.2524 16.5834 16.6084
184 -14.9056 -14.9056 -14.9056 -14.7276 -14.7276 -10.8916 12.2434 12.2544 12.2634 16.7074 16.7184
185 -14.9056 -14.9056 -14.9056 -14.7276 -14.7276 -10.8936 12.2664 12.2664 12.2664 16.7564 16.7564
186 -14.9056 -14.9056 -14.9056 -14.7276 -14.7276 -10.8916 12.2434 12.2604 12.2604 16.7154 16.7154
187 -14.9056 -14.9056 -14.9046 -14.7276 -14.7276 -10.8856 12.1754 12.2424 12.2424 16.6024 16.6024
188 -14.9056 -14.9056 -14.9036 -14.7276 -14.7276 -10.8756 12.0654 12.2114 12.2114 16.4424 16.4424
189 -14.9056 -14.9056 -14.9016 -14.7276 -14.7276 -10.8616 11.9194 12.1674 12.1674 16.2614 16.2614
190 -14.9056 -14.9056 -14.8996 -14.7276 -14.7276 -10.8426 11.7424 12.1084 12.1084 16.0744 16.0744
191 -14.9066 -14.9066 -14.8966 -14.7286 -14.7286 -10.8206 11.5414 12.0334 12.0334 15.8944 15.8944
192 -14.9066 -14.9066 -14.8936 -14.7286 -14.7286 -10.7936 11.3204 11.9424 11.9424 15.7264 15.7264
193 -14.9066 -14.9066 -14.8906 -14.7286 -14.7286 -10.7626 11.0834 11.8334 11.8334 15.5764 15.5764
194 -14.9076 -14.9076 -14.8866 -14.7296 -14.7296 -10.7286 10.8344 11.7054 11.7054 15.4464 15.4464
195 -14.9076 -14.9076 -14.8816 -14.7296 -14.7296 -10.6896 10.5754 11.5604 11.5604 15.3374 15.3374
196 -14.9086 -14.9086 -14.8776 -14.7306 -14.7306 -10.6466 10.3104 11.3984 11.3984 15.2504 15.2504
197 -14.9086 -14.9086 -14.8726 -14.7306 -14.7306 -10.5986 10.0394 11.2194 11.2194 15.1834 15.1834
198 -14.9096 -14.9096 -14.8666 -14.7316 -14.7316 -10.5476 9.7634 11.0274 11.0274 15.1374 15.1374
199 -14.9106 -14.9106 -14.8616 -14.7326 -14.7326 -10.4916 9.4864 10.8224 10.8224 15.1084 15.1084
200 -14.9106 -14.9106 -14.8556 -14.7326 -14.7326 -10.4326 9.2064 10.6064 10.6064 15.0974 15.0974
201 -14.9116 -14.9116 -14.8496 -14.7336 -14.7336 -10.3686 8.9254 10.3824 10.3824 15.1004 15.1004
202 -14.9126 -14.9126 -14.8436 -14.7336 -14.7336 -10.3006 8.6454 10.1514 10.1514 15.1184 15.1184
203 -14.9136 -14.9136 -14.8376 -14.7346 -14.7346 -10.2276 8.3644 9.9154 9.9154 15.1474 15.1474
204 -14.9146 -14.9146 -14.8306 -14.7346 -14.7346 -10.1516 8.0844 9.6744 9.6744 15.1884 15.1884
205 -14.9156 -14.9156 -14.8246 -14.7356 -14.7356 -10.0706 7.8064 9.4314 9.4314 15.2394 15.2394
206 -14.9166 -14.9166 -14.8176 -14.7356 -14.7356 -9.9856 7.5294 9.1854 9.1854 15.2994 15.2994
207 -14.9176 -14.9176 -14.8106 -14.7366 -14.7366 -9.8966 7.2544 8.9384 8.9384 15.3684 15.3684
208 -14.9186 -14.9186 -14.8046 -14.7366 -14.7366 -9.8026 6.9814 8.6914 8.6914 15.4444 15.4444
209 -14.9196 -14.9196 -14.7976 -14.7366 -14.7366 -9.7056 6.7104 8.4434 8.4434 15.5284 15.5284
210 -14.9206 -14.9206 -14.7916 -14.7366 -14.7366 -9.6036 6.4424 8.1964 8.1964 15.6194 15.6194
211 -14.9216 -14.9216 -14.7856 -14.7376 -14.7376 -9.4966 6.1774 7.9504 7.9504 15.7164 15.7164
212 -14.9226 -14.9226 -14.7786 -14.7376 -14.7376 -9.3866 5.9144 7.7054 7.7054 15.8204 15.8204
213 -14.9236 -14.9236 -14.7726 -14.7376 -14.7376 -9.2716 5.6554 7.4624 7.4624 15.9294 15.9294
214 -14.9246 -14.9246 -14.7666 -14.7376 -14.7376 -9.1536 5.3994 7.2214 7.2214 16.0444 16.0444
215 -14.9256 -14.9256 -14.7616 -14.7376 -14.7376 -9.0296 5.1464 6.9824 6.9824 16.1644 16.1644
216 -14.9266 -14.9266 -14.7566 -14.7376 -14.7376 -8.9026 4.8974 6.7454 6.7454 16.2904 16.2904
217 -14.9266 -14.9266 -14.7516 -14.7376 -14.7376 -8.7716 4.6514 6.5104 6.5104 16.4204 16.4204
218 -14.9276 -14.9276 -14.7466 -14.7366 -14.7366 -8.6356 4.4094 6.2784 6.2784 16.5564 16.5564
219 -14.9286 -14.9286 -14.7416 -14.7366 -14.7366 -8.4956 4.1714 6.0484 6.0484 16.6964 16.6964
220 -14.9286 -14.9286 -14.7376 -14.7366 -14.7366 -8.3516 3.9374 5.8214 5.8214 16.8414 16.8414
221 -14.9296 -14.9296 -14.7366 -14.7366 -14.7346 -8.2036 3.7064 5.5974 5.5974 16.9904 16.9904
222 -14.9296 -14.9296 -14.7356 -14.7356 -14.7316 -8.0516 3.4804 5.3764 5.3764 17.1444 17.1444
223 -14.9296 -14.9296 -14.7356 -14.7356 -14.7286 -7.8956 3.2584 5.1584 5.1584 17.3024 17.3024
224 -14.9296 -14.9296 -14.7356 -14.7356 -14.7256 -7.7346 3.0404 4.9434 4.9434 17.4654 17.4654
225 -14.9296 -14.9296 -14.7346 -14.7346 -14.7236 -7.5706 2.8264 4.7314 4.7314 17.6314 17.6314
226 -14.9296 -14.9296 -14.7346 -14.7346 -14.7226 -7.4026 2.6164 4.5234 4.5234 17.8024 17.8024
227 -14.9296 -14.9296 -14.7336 -14.7336 -14.7216 -7.2306 2.4114 4.3174 4.3174 17.9764 17.9764
228 -14.9286 -14.9286 -14.7336 -14.7336 -14.7206 -7.0536 2.2114 4.1154 4.1154 18.1554 18.1554
229 -14.9286 -14.9286 -14.7326 -14.7326 -14.7206 -6.8746 2.0154 3.9164 3.9164 18.3374 18.3374
230 -14.9276 -14.9276 -14.7326 -14.7326 -14.7206 -6.6906 1.8234 3.7214 3.7214 18.5234 18.5234
231 -14.9266 -14.9266 -14.7316 -14.7316 -14.7216 -6.5036 1.6374 3.5294 3.5294 18.7124 18.7124
232 -14.9256 -14.9256 -14.7316 -14.7316 -14.7226 -6.3126 1.4554 3.3404 3.3404 18.9054 18.9054
233 -14.9236 -14.9236 -14.7306 -14.7306 -14.7246 -6.1176 1.2784 3.1554 3.1554 19.1024 19.1024
234 -14.9226 -14.9226 -14.7306 -14.7306 -14.7266 -5.9196 1.1064 2.9744 2.9744 19.3024 19.3024
235 -14.9206 -14.9206 -14.7296 -14.7296 -14.7296 -5.7186 0.9394 2.7964 2.7964 19.5054 19.5054
236 -14.9186 -14.9186 -14.7326 -14.7296 -14.7296 -5.5146 0.7784 2.6214 2.6214 19.7114 19.7114
237 -14.9166 -14.9166 -14.7366 -14.7286 -14.7286 -5.3076 0.6224 2.4504 2.4504 19.9204 19.9204
238 -14.9146 -14.9146 -14.7406 -14.7286 -14.7286 -5.0986 0.4724 2.2834 2.2834 20.1324 20.1324
239 -14.9126 -14.9126 -14.7456 -14.7276 -14.7276 -4.8866 0.3284 2.1194 2.1194 20.3464 20.3464
240 -14.9096 -14.9096 -14.7496 -14.7276 -14.7276 -4.6726 0.1914 1.9594 1.9594 20.5634 20.5634
241 -14.9066 -14.9066 -14.7556 -14.7276 -14.7276 -4.4576 0.0604 1.8034 1.8034 20.7824 20.7824
242 -14.9036 -14.9036 -14.7606 -14.7266 -14.7266 -4.2416 -0.0626 1.6504 1.6504 21.0034 21.0034
243 -14.9006 -14.9006 -14.7666 -14.7266 -14.7266 -4.0256 -0.1766 1.5014 1.5014 21.2254 21.2254
244 -14.8976 -14.8976 -14.7736 -14.7266 -14.7266 -3.8116 -0.2816 1.3564 1.3564 21.4494 21.4494
245 -14.8946 -14.8946 -14.7796 -14.7256 -14.7256 -3.5996 -0.3756 1.2154 1.2154 21.6734 21.6734
246 -14.8916 -14.8916 -14.7866 -14.7256 -14.7256 -3.3936 -0.4566 1.0774 1.0774 21.8974 21.8974
247 -14.8876 -14.8876 -14.7946 -14.7256 -14.7256 -3.1946 -0.5216 0.9434 0.9434 22.1204 22.1204
248 -14.8836 -14.8836 -14.8016 -14.7246 -14.7246 -3.0076 -0.5666 0.8134 0.8134 22.3414 22.3414
249 -14.8806 -14.8806 -14.8096 -14.7246 -14.7246 -2.8366 -0.5876 0.6874 0.6874 22.5584 22.5584
250 -14.8766 -14.8766 -14.8166 -14.7246 -14.7246 -2.6876 -0.5786 0.5654 0.5654 22.7704 22.7704
251 -14.8726 -14.8726 -14.8246 -14.7246 -14.7246 -2.5666 -0.5346 0.4474 0.4474 22.9744 22.9744
252 -14.8686 -14.8686 -14.8326 -14.7246 -14.7246 -2.4756 -0.4516 0.3334 0.3334 23.1674 23.1674
253 -14.8646 -14.8646 -14.8406 -14.7246 -14.7246 -2.4146 -0.3306 0.2224 0.2224 23.3454 23.3454
254 -14.8606 -14.8606 -14.8486 -14.7246 -14.7246 -2.3826 -0.1736 0.1164 0.1164 23.5034 23.5034
255 -14.8566 -14.8566 -14.8566 -14.7246 -14.7246 -2.3726 0.0134 0.0134 0.0134 23.6324 23.6324
