1 -7.938 -7.688 -7.688 -7.187 -6.845 2.264 2.264 3.137 4.058 21.596
2 -7.937 -7.689 -7.688 -7.187 -6.846 2.229 2.242 3.177 4.082 21.512
3 -7.936 -7.691 -7.687 -7.187 -6.847 2.138 2.182 3.281 4.151 21.346
4 -7.934 -7.694 -7.684 -7.187 -6.85 2.016 2.089 3.426 4.258 21.161
5 -7.932 -7.698 -7.681 -7.187 -6.853 1.88 1.973 3.594 4.393 20.971
6 -7.929 -7.703 -7.677 -7.187 -6.857 1.738 1.841 3.778 4.551 20.782
7 -7.924 -7.709 -7.672 -7.188 -6.862 1.595 1.699 3.972 4.725 20.594
8 -7.92 -7.716 -7.666 -7.189 -6.867 1.452 1.55 4.174 4.911 20.409
9 -7.914 -7.724 -7.66 -7.19 -6.873 1.311 1.396 4.384 5.107 20.227
10 -7.908 -7.733 -7.652 -7.192 -6.879 1.173 1.24 4.599 5.311 20.047
11 -7.902 -7.744 -7.643 -7.194 -6.886 1.039 1.083 4.82 5.522 19.872
12 -7.895 -7.755 -7.634 -7.197 -6.892 0.908 0.926 5.046 5.739 19.699
13 -7.887 -7.766 -7.623 -7.201 -6.899 0.77 0.781 5.277 5.961 19.531
14 -7.879 -7.779 -7.612 -7.206 -6.906 0.614 0.658 5.512 6.188 19.365
15 -7.87 -7.792 -7.6 -7.212 -6.912 0.46 0.54 5.752 6.419 19.204
16 -7.861 -7.807 -7.586 -7.219 -6.918 0.308 0.425 5.996 6.655 19.046
17 -7.852 -7.821 -7.572 -7.228 -6.923 0.157 0.315 6.244 6.894 18.892
18 -7.842 -7.837 -7.557 -7.237 -6.928 0.009 0.209 6.497 7.136 18.742
19 -7.853 -7.832 -7.541 -7.248 -6.932 -0.137 0.107 6.753 7.383 18.596
20 -7.87 -7.822 -7.524 -7.259 -6.935 -0.28 0.009 7.013 7.632 18.453
21 -7.887 -7.812 -7.506 -7.272 -6.938 -0.421 -0.084 7.276 7.885 18.315
22 -7.904 -7.801 -7.487 -7.285 -6.94 -0.559 -0.174 7.543 8.141 18.181
23 -7.923 -7.791 -7.468 -7.299 -6.941 -0.695 -0.259 7.813 8.401 18.051
24 -7.941 -7.78 -7.447 -7.314 -6.942 -0.827 -0.341 8.087 8.663 17.925
25 -7.96 -7.77 -7.426 -7.329 -6.942 -0.957 -0.419 8.364 8.928 17.803
26 -7.979 -7.759 -7.404 -7.345 -6.943 -1.083 -0.493 8.644 9.196 17.686
27 -7.998 -7.749 -7.382 -7.361 -6.942 -1.206 -0.563 8.927 9.467 17.573
28 -8.018 -7.739 -7.376 -7.358 -6.942 -1.326 -0.63 9.213 9.741 17.465
29 -8.037 -7.729 -7.392 -7.335 -6.941 -1.443 -0.693 9.501 10.017 17.361
30 -8.057 -7.719 -7.408 -7.311 -6.94 -1.556 -0.753 9.792 10.295 17.262
31 -8.077 -7.709 -7.423 -7.286 -6.939 -1.666 -0.81 10.084 10.576 17.167
32 -8.096 -7.699 -7.438 -7.261 -6.938 -1.772 -0.863 10.379 10.859 17.078
33 -8.115 -7.69 -7.452 -7.237 -6.936 -1.874 -0.913 10.676 11.145 16.994
34 -8.134 -7.681 -7.466 -7.212 -6.935 -1.972 -0.96 10.974 11.431 16.914
35 -8.152 -7.673 -7.479 -7.187 -6.934 -2.066 -1.003 11.273 11.72 16.841
36 -8.17 -7.664 -7.492 -7.162 -6.932 -2.156 -1.044 11.573 12.009 16.773
37 -8.188 -7.656 -7.504 -7.138 -6.931 -2.242 -1.082 11.873 12.299 16.712
38 -8.205 -7.649 -7.516 -7.114 -6.93 -2.323 -1.117 12.172 12.589 16.657
39 -8.221 -7.642 -7.527 -7.091 -6.929 -2.4 -1.15 12.47 12.877 16.61
40 -8.236 -7.635 -7.537 -7.069 -6.927 -2.472 -1.18 12.766 13.164 16.571
41 -8.25 -7.629 -7.546 -7.047 -6.926 -2.539 -1.207 13.06 13.446 16.541
42 -8.263 -7.623 -7.554 -7.027 -6.925 -2.601 -1.231 13.348 13.723 16.523
43 -8.275 -7.618 -7.562 -7.008 -6.924 -2.657 -1.253 13.63 13.991 16.519
44 -8.287 -7.613 -7.569 -6.991 -6.923 -2.708 -1.273 13.904 14.245 16.531
45 -8.297 -7.609 -7.575 -6.975 -6.923 -2.754 -1.29 14.167 14.481 16.564
46 -8.305 -7.605 -7.58 -6.961 -6.922 -2.794 -1.305 14.415 14.693 16.623
47 -8.313 -7.602 -7.585 -6.949 -6.921 -2.828 -1.318 14.643 14.873 16.709
48 -8.319 -7.6 -7.589 -6.939 -6.921 -2.856 -1.328 14.845 15.018 16.823
49 -8.324 -7.598 -7.591 -6.931 -6.921 -2.878 -1.336 15.015 15.126 16.958
50 -8.327 -7.596 -7.594 -6.925 -6.92 -2.893 -1.341 15.145 15.199 17.094
51 -8.329 -7.595 -7.595 -6.921 -6.92 -2.903 -1.345 15.226 15.241 17.203
52 -8.33 -7.595 -7.595 -6.92 -6.92 -2.906 -1.346 15.254 15.254 17.246
53 -8.33 -7.595 -7.595 -6.92 -6.92 -2.941 -1.308 15.255 15.255 17.247
54 -8.33 -7.595 -7.595 -6.921 -6.921 -3.035 -1.202 15.256 15.256 17.25
55 -8.329 -7.594 -7.594 -6.923 -6.923 -3.173 -1.047 15.259 15.259 17.254
56 -8.329 -7.593 -7.593 -6.925 -6.925 -3.336 -0.858 15.263 15.263 17.261
57 -8.328 -7.592 -7.592 -6.928 -6.928 -3.514 -0.647 15.268 15.268 17.27
58 -8.327 -7.59 -7.59 -6.932 -6.932 -3.701 -0.42 15.274 15.274 17.28
59 -8.327 -7.589 -7.589 -6.936 -6.936 -3.892 -0.182 15.281 15.281 17.292
60 -8.326 -7.587 -7.587 -6.94 -6.94 -4.085 0.065 15.29 15.29 17.306
61 -8.325 -7.585 -7.585 -6.946 -6.946 -4.277 0.32 15.299 15.299 17.322
62 -8.325 -7.582 -7.582 -6.952 -6.952 -4.469 0.581 15.311 15.311 17.339
63 -8.324 -7.579 -7.579 -6.958 -6.958 -4.658 0.847 15.323 15.323 17.358
64 -8.324 -7.577 -7.577 -6.965 -6.965 -4.845 1.119 15.337 15.337 17.379
65 -8.324 -7.574 -7.574 -6.972 -6.972 -5.029 1.395 15.353 15.353 17.4
66 -8.325 -7.57 -7.57 -6.98 -6.98 -5.21 1.675 15.37 15.37 17.424
67 -8.326 -7.567 -7.567 -6.988 -6.988 -5.386 1.96 15.389 15.389 17.448
68 -8.328 -7.564 -7.564 -6.997 -6.997 -5.559 2.248 15.41 15.41 17.474
69 -8.33 -7.56 -7.56 -7.006 -7.006 -5.728 2.54 15.433 15.433 17.501
70 -8.334 -7.556 -7.556 -7.015 -7.015 -5.891 2.836 15.457 15.457 17.529
71 -8.34 -7.552 -7.552 -7.025 -7.025 -6.05 3.136 15.483 15.483 17.558
72 -8.347 -7.549 -7.549 -7.035 -7.035 -6.203 3.439 15.511 15.511 17.587
73 -8.357 -7.545 -7.545 -7.045 -7.045 -6.351 3.745 15.541 15.541 17.618
74 -8.369 -7.541 -7.541 -7.055 -7.055 -6.492 4.055 15.573 15.573 17.649
75 -8.384 -7.537 -7.537 -7.065 -7.065 -6.626 4.368 15.608 15.608 17.68
76 -8.403 -7.533 -7.533 -7.076 -7.076 -6.753 4.684 15.644 15.644 17.712
77 -8.426 -7.529 -7.529 -7.086 -7.086 -6.871 5.004 15.683 15.683 17.745
78 -8.454 -7.526 -7.526 -7.097 -7.097 -6.981 5.327 15.723 15.723 17.777
79 -8.488 -7.522 -7.522 -7.107 -7.107 -7.082 5.652 15.766 15.766 17.81
80 -8.527 -7.519 -7.519 -7.172 -7.117 -7.117 5.981 15.812 15.812 17.842
81 -8.574 -7.516 -7.516 -7.253 -7.127 -7.127 6.313 15.859 15.859 17.875
82 -8.626 -7.513 -7.513 -7.323 -7.137 -7.137 6.648 15.909 15.909 17.907
83 -8.685 -7.511 -7.511 -7.383 -7.146 -7.146 6.986 15.961 15.961 17.939
84 -8.75 -7.509 -7.509 -7.434 -7.155 -7.155 7.327 16.015 16.015 17.971
85 -8.819 -7.507 -7.507 -7.476 -7.163 -7.163 7.67 16.072 16.072 18.002
86 -8.892 -7.511 -7.506 -7.506 -7.171 -7.171 8.016 16.131 16.131 18.033
87 -8.968 -7.539 -7.506 -7.506 -7.179 -7.179 8.366 16.192 16.192 18.063
88 -9.046 -7.561 -7.506 -7.506 -7.185 -7.185 8.717 16.256 16.256 18.093
89 -9.125 -7.579 -7.506 -7.506 -7.191 -7.191 9.072 16.321 16.321 18.121
90 -9.204 -7.592 -7.507 -7.507 -7.197 -7.197 9.429 16.39 16.39 18.149
91 -9.282 -7.603 -7.508 -7.508 -7.202 -7.202 9.789 16.46 16.46 18.177
92 -9.36 -7.61 -7.51 -7.51 -7.206 -7.206 10.151 16.532 16.532 18.203
93 -9.437 -7.616 -7.513 -7.513 -7.209 -7.209 10.516 16.607 16.607 18.229
94 -9.511 -7.619 -7.516 -7.516 -7.212 -7.212 10.883 16.684 16.684 18.254
95 -9.584 -7.621 -7.519 -7.519 -7.215 -7.215 11.252 16.762 16.762 18.277
96 -9.654 -7.622 -7.523 -7.523 -7.216 -7.216 11.623 16.843 16.843 18.3
97 -9.721 -7.622 -7.527 -7.527 -7.217 -7.217 11.996 16.925 16.925 18.322
98 -9.786 -7.621 -7.532 -7.532 -7.218 -7.218 12.372 17.009 17.009 18.343
99 -9.847 -7.62 -7.536 -7.536 -7.219 -7.219 12.748 17.095 17.095 18.363
100 -9.906 -7.618 -7.541 -7.541 -7.219 -7.219 13.127 17.181 17.181 18.381
101 -9.961 -7.616 -7.545 -7.545 -7.218 -7.218 13.507 17.269 17.269 18.399
102 -10.013 -7.613 -7.55 -7.55 -7.218 -7.218 13.887 17.358 17.358 18.416
103 -10.062 -7.61 -7.554 -7.554 -7.217 -7.217 14.269 17.447 17.447 18.431
104 -10.108 -7.608 -7.559 -7.559 -7.217 -7.217 14.651 17.536 17.536 18.446
105 -10.149 -7.605 -7.563 -7.563 -7.216 -7.216 15.032 17.624 17.624 18.46
106 -10.188 -7.602 -7.567 -7.567 -7.215 -7.215 15.412 17.711 17.711 18.472
107 -10.223 -7.6 -7.571 -7.571 -7.214 -7.214 15.79 17.796 17.796 18.484
108 -10.254 -7.597 -7.574 -7.574 -7.213 -7.213 16.165 17.879 17.879 18.495
109 -10.282 -7.595 -7.577 -7.577 -7.212 -7.212 16.533 17.957 17.957 18.506
110 -10.306 -7.593 -7.58 -7.58 -7.212 -7.212 16.893 18.03 18.03 18.516
111 -10.326 -7.591 -7.582 -7.582 -7.211 -7.211 17.239 18.096 18.096 18.526
112 -10.343 -7.59 -7.584 -7.584 -7.21 -7.21 17.563 18.154 18.154 18.538
113 -10.356 -7.589 -7.585 -7.585 -7.21 -7.21 17.851 18.201 18.201 18.554
114 -10.365 -7.588 -7.587 -7.587 -7.21 -7.21 18.079 18.236 18.236 18.579
115 -10.37 -7.588 -7.587 -7.587 -7.209 -7.209 18.22 18.258 18.258 18.612
116 -10.372 -7.587 -7.587 -7.587 -7.209 -7.209 18.266 18.266 18.266 18.63
117 -10.37 -7.588 -7.587 -7.587 -7.209 -7.209 18.24 18.24 18.259 18.609
118 -10.365 -7.589 -7.586 -7.586 -7.21 -7.209 18.165 18.165 18.24 18.551
119 -10.356 -7.59 -7.585 -7.585 -7.212 -7.208 18.05 18.05 18.209 18.46
120 -10.343 -7.592 -7.583 -7.583 -7.213 -7.207 17.903 17.903 18.166 18.344
121 -10.326 -7.594 -7.581 -7.581 -7.216 -7.206 17.732 17.732 18.111 18.21
122 -10.306 -7.597 -7.577 -7.577 -7.218 -7.205 17.546 17.546 18.047 18.064
123 -10.282 -7.601 -7.574 -7.574 -7.222 -7.203 17.348 17.348 17.91 17.973
124 -10.254 -7.605 -7.57 -7.57 -7.225 -7.202 17.143 17.143 17.75 17.89
125 -10.223 -7.61 -7.565 -7.565 -7.229 -7.2 16.932 16.932 17.587 17.8
126 -10.188 -7.615 -7.56 -7.56 -7.234 -7.197 16.718 16.718 17.422 17.704
127 -10.15 -7.621 -7.554 -7.554 -7.239 -7.195 16.502 16.502 17.257 17.601
128 -10.108 -7.627 -7.548 -7.548 -7.244 -7.192 16.285 16.285 17.093 17.494
129 -10.062 -7.634 -7.541 -7.541 -7.25 -7.189 16.068 16.068 16.929 17.383
130 -10.013 -7.641 -7.534 -7.534 -7.255 -7.186 15.852 15.852 16.767 17.269
131 -9.961 -7.648 -7.526 -7.526 -7.261 -7.183 15.636 15.636 16.606 17.152
132 -9.905 -7.656 -7.518 -7.518 -7.267 -7.179 15.422 15.422 16.448 17.033
133 -9.846 -7.665 -7.509 -7.509 -7.273 -7.176 15.209 15.209 16.292 16.912
134 -9.783 -7.674 -7.5 -7.5 -7.279 -7.172 14.998 14.998 16.138 16.79
135 -9.718 -7.683 -7.49 -7.49 -7.285 -7.168 14.788 14.788 15.987 16.668
136 -9.649 -7.693 -7.48 -7.48 -7.291 -7.164 14.581 14.581 15.839 16.545
137 -9.578 -7.703 -7.469 -7.469 -7.296 -7.159 14.376 14.376 15.694 16.422
138 -9.503 -7.713 -7.458 -7.458 -7.301 -7.155 14.174 14.174 15.551 16.3
139 -9.426 -7.724 -7.447 -7.447 -7.305 -7.15 13.974 13.974 15.411 16.177
140 -9.347 -7.735 -7.435 -7.435 -7.308 -7.145 13.776 13.776 15.275 16.053
141 -9.266 -7.746 -7.423 -7.423 -7.31 -7.14 13.582 13.582 15.141 15.929
142 -9.183 -7.758 -7.41 -7.41 -7.31 -7.135 13.39 13.39 15.01 15.804
143 -9.098 -7.77 -7.397 -7.397 -7.308 -7.13 13.2 13.2 14.882 15.674
144 -9.013 -7.782 -7.384 -7.384 -7.304 -7.125 13.014 13.014 14.757 15.537
145 -8.927 -7.794 -7.37 -7.37 -7.296 -7.119 12.83 12.83 14.636 15.383
146 -8.841 -7.807 -7.356 -7.356 -7.285 -7.114 12.65 12.65 14.517 15.193
147 -8.757 -7.819 -7.342 -7.342 -7.269 -7.108 12.473 12.473 14.401 14.945
148 -8.675 -7.832 -7.327 -7.327 -7.247 -7.103 12.298 12.298 14.288 14.636
149 -8.596 -7.845 -7.312 -7.312 -7.219 -7.097 12.127 12.127 14.178 14.289
150 -8.522 -7.858 -7.297 -7.297 -7.182 -7.091 11.959 11.959 13.922 14.071
151 -8.454 -7.871 -7.282 -7.282 -7.136 -7.086 11.794 11.794 13.548 13.968
152 -8.392 -7.884 -7.267 -7.267 -7.08 -7.08 11.633 11.633 13.17 13.867
153 -8.338 -7.897 -7.251 -7.251 -7.074 -7.013 11.475 11.475 12.791 13.769
154 -8.292 -7.91 -7.236 -7.236 -7.068 -6.934 11.32 11.32 12.412 13.673
155 -8.254 -7.923 -7.22 -7.22 -7.062 -6.844 11.169 11.169 12.035 13.581
156 -8.223 -7.936 -7.204 -7.204 -7.057 -6.742 11.022 11.022 11.66 13.492
157 -8.199 -7.949 -7.188 -7.188 -7.051 -6.631 10.878 10.878 11.286 13.405
158 -8.18 -7.962 -7.173 -7.173 -7.045 -6.51 10.737 10.737 10.916 13.322
159 -8.167 -7.974 -7.157 -7.157 -7.04 -6.38 10.548 10.6 10.6 13.241
160 -8.158 -7.987 -7.141 -7.141 -7.034 -6.242 10.182 10.467 10.467 13.163
161 -8.153 -7.999 -7.125 -7.125 -7.029 -6.098 9.82 10.338 10.338 13.088
162 -8.15 -8.011 -7.11 -7.11 -7.023 -5.946 9.46 10.213 10.213 13.015
163 -8.15 -8.023 -7.094 -7.094 -7.018 -5.789 9.103 10.091 10.091 12.946
164 -8.152 -8.035 -7.079 -7.079 -7.013 -5.626 8.75 9.973 9.973 12.878
165 -8.155 -8.047 -7.064 -7.064 -7.008 -5.458 8.4 9.859 9.859 12.814
166 -8.16 -8.058 -7.049 -7.049 -7.003 -5.285 8.053 9.75 9.75 12.753
167 -8.165 -8.069 -7.034 -7.034 -6.998 -5.108 7.71 9.644 9.644 12.694
168 -8.172 -8.079 -7.02 -7.02 -6.993 -4.926 7.37 9.542 9.542 12.637
169 -8.179 -8.089 -7.006 -7.006 -6.988 -4.741 7.033 9.445 9.445 12.584
170 -8.186 -8.099 -6.993 -6.993 -6.984 -4.551 6.701 9.351 9.351 12.533
171 -8.193 -8.109 -6.98 -6.98 -6.98 -4.359 6.372 9.262 9.262 12.484
172 -8.201 -8.118 -6.975 -6.967 -6.967 -4.162 6.047 9.177 9.177 12.438
173 -8.209 -8.127 -6.972 -6.955 -6.955 -3.963 5.727 9.097 9.097 12.395
174 -8.216 -8.135 -6.968 -6.943 -6.943 -3.761 5.41 9.021 9.021 12.354
175 -8.224 -8.143 -6.964 -6.932 -6.932 -3.557 5.099 8.949 8.949 12.316
176 -8.231 -8.151 -6.961 -6.921 -6.921 -3.35 4.792 8.882 8.882 12.281
177 -8.238 -8.158 -6.958 -6.911 -6.911 -3.142 4.491 8.819 8.819 12.247
178 -8.245 -8.164 -6.955 -6.902 -6.902 -2.933 4.195 8.76 8.76 12.217
179 -8.251 -8.17 -6.952 -6.893 -6.893 -2.722 3.906 8.707 8.707 12.189
180 -8.257 -8.176 -6.95 -6.885 -6.885 -2.513 3.623 8.657 8.657 12.163
181 -8.262 -8.181 -6.947 -6.878 -6.878 -2.304 3.35 8.613 8.613 12.14
182 -8.267 -8.185 -6.945 -6.871 -6.871 -2.098 3.085 8.573 8.573 12.119
183 -8.272 -8.19 -6.943 -6.865 -6.865 -1.897 2.833 8.537 8.537 12.101
184 -8.276 -8.193 -6.942 -6.86 -6.86 -1.703 2.594 8.507 8.507 12.085
185 -8.279 -8.196 -6.94 -6.856 -6.856 -1.52 2.374 8.481 8.481 12.072
186 -8.282 -8.198 -6.939 -6.852 -6.852 -1.354 2.176 8.459 8.459 12.061
187 -8.284 -8.2 -6.938 -6.849 -6.849 -1.21 2.008 8.443 8.443 12.052
188 -8.285 -8.202 -6.938 -6.847 -6.847 -1.097 1.878 8.431 8.431 12.046
189 -8.286 -8.203 -6.937 -6.846 -6.846 -1.024 1.795 8.424 8.424 12.043
190 -8.287 -8.203 -6.937 -6.846 -6.846 -0.999 1.767 8.421 8.421 12.041
191 -8.286 -8.202 -6.938 -6.847 -6.846 -0.996 1.768 8.404 8.409 12.061
192 -8.285 -8.201 -6.939 -6.85 -6.846 -0.988 1.771 8.353 8.374 12.12
193 -8.282 -8.199 -6.94 -6.855 -6.846 -0.974 1.777 8.272 8.316 12.216
194 -8.279 -8.197 -6.942 -6.863 -6.846 -0.954 1.785 8.164 8.237 12.343
195 -8.274 -8.193 -6.945 -6.872 -6.846 -0.928 1.795 8.035 8.141 12.497
196 -8.269 -8.189 -6.949 -6.883 -6.846 -0.897 1.808 7.888 8.03 12.674
197 -8.262 -8.184 -6.953 -6.896 -6.846 -0.861 1.823 7.728 7.907 12.87
198 -8.255 -8.178 -6.958 -6.911 -6.846 -0.819 1.84 7.557 7.772 13.082
199 -8.247 -8.172 -6.963 -6.928 -6.846 -0.772 1.86 7.378 7.63 13.308
200 -8.238 -8.165 -6.969 -6.946 -6.846 -0.72 1.882 7.193 7.482 13.545
201 -8.228 -8.157 -6.976 -6.966 -6.846 -0.662 1.906 7.004 7.328 13.792
202 -8.218 -8.148 -6.987 -6.983 -6.846 -0.6 1.933 6.812 7.172 14.048
203 -8.206 -8.138 -7.009 -6.99 -6.846 -0.533 1.962 6.618 7.013 14.311
204 -8.194 -8.128 -7.033 -6.999 -6.846 -0.461 1.993 6.423 6.853 14.581
205 -8.182 -8.117 -7.058 -7.007 -6.846 -0.384 2.027 6.226 6.692 14.858
206 -8.169 -8.105 -7.084 -7.016 -6.846 -0.303 2.064 6.03 6.532 15.14
207 -8.155 -8.092 -7.11 -7.026 -6.846 -0.218 2.103 5.834 6.372 15.427
208 -8.141 -8.079 -7.137 -7.035 -6.846 -0.128 2.144 5.639 6.214 15.719
209 -8.127 -8.065 -7.165 -7.045 -6.846 -0.034 2.188 5.445 6.058 16.016
210 -8.112 -8.05 -7.194 -7.056 -6.846 0.064 2.234 5.252 5.903 16.318
211 -8.098 -8.034 -7.223 -7.066 -6.846 0.166 2.283 5.06 5.751 16.624
212 -8.083 -8.018 -7.252 -7.077 -6.846 0.271 2.334 4.869 5.602 16.934
213 -8.068 -8.001 -7.282 -7.088 -6.846 0.381 2.387 4.681 5.456 17.247
214 -8.054 -7.983 -7.312 -7.098 -6.846 0.494 2.443 4.494 5.313 17.565
215 -8.039 -7.964 -7.342 -7.109 -6.846 0.611 2.501 4.309 5.173 17.887
216 -8.026 -7.945 -7.372 -7.119 -6.846 0.731 2.561 4.126 5.038 18.213
217 -8.012 -7.925 -7.402 -7.129 -6.846 0.855 2.623 3.945 4.907 18.542
218 -8.0 -7.904 -7.432 -7.139 -6.846 0.982 2.686 3.766 4.78 18.875
219 -7.988 -7.883 -7.461 -7.148 -6.846 1.112 2.751 3.589 4.659 19.211
220 -7.977 -7.861 -7.491 -7.156 -6.845 1.246 2.816 3.415 4.544 19.551
221 -7.967 -7.838 -7.52 -7.164 -6.845 1.382 2.881 3.243 4.436 19.894
222 -7.958 -7.815 -7.549 -7.171 -6.845 1.522 2.944 3.074 4.336 20.241
223 -7.951 -7.791 -7.578 -7.176 -6.845 1.664 2.907 3.003 4.246 20.591
224 -7.945 -7.766 -7.606 -7.181 -6.845 1.81 2.742 3.056 4.169 20.945
225 -7.941 -7.741 -7.634 -7.184 -6.845 1.958 2.58 3.099 4.109 21.302
226 -7.939 -7.715 -7.662 -7.186 -6.845 2.11 2.42 3.127 4.071 21.56
227 -7.938 -7.688 -7.688 -7.187 -6.845 2.264 2.264 3.137 4.058 21.596
228 -7.938 -7.706 -7.671 -7.186 -6.846 2.163 2.341 3.149 4.075 21.508
229 -7.939 -7.723 -7.653 -7.186 -6.846 2.065 2.372 3.173 4.136 21.246
230 -7.94 -7.74 -7.635 -7.184 -6.847 1.97 2.367 3.192 4.245 20.923
231 -7.942 -7.757 -7.616 -7.182 -6.849 1.879 2.34 3.196 4.399 20.582
232 -7.944 -7.773 -7.598 -7.18 -6.85 1.79 2.301 3.186 4.588 20.231
233 -7.947 -7.788 -7.579 -7.178 -6.853 1.706 2.255 3.164 4.803 19.874
234 -7.951 -7.803 -7.561 -7.175 -6.855 1.624 2.206 3.135 5.036 19.515
235 -7.955 -7.816 -7.542 -7.172 -6.858 1.546 2.155 3.102 5.282 19.153
236 -7.961 -7.828 -7.524 -7.168 -6.861 1.472 2.105 3.068 5.537 18.792
237 -7.967 -7.839 -7.506 -7.165 -6.865 1.401 2.056 3.032 5.8 18.43
238 -7.974 -7.849 -7.487 -7.161 -6.869 1.333 2.008 2.997 6.067 18.07
239 -7.982 -7.858 -7.47 -7.157 -6.873 1.27 1.962 2.963 6.339 17.712
240 -7.99 -7.865 -7.452 -7.153 -6.878 1.209 1.918 2.931 6.613 17.357
241 -7.999 -7.871 -7.435 -7.149 -6.883 1.153 1.876 2.899 6.89 17.005
242 -8.008 -7.876 -7.418 -7.146 -6.888 1.1 1.837 2.87 7.168 16.657
243 -8.017 -7.881 -7.402 -7.142 -6.893 1.051 1.801 2.843 7.447 16.313
244 -8.025 -7.885 -7.386 -7.139 -6.899 1.006 1.767 2.817 7.725 15.975
245 -8.034 -7.888 -7.371 -7.135 -6.904 0.964 1.735 2.794 8.002 15.644
246 -8.042 -7.891 -7.357 -7.132 -6.91 0.927 1.707 2.773 8.276 15.321
247 -8.049 -7.893 -7.344 -7.129 -6.915 0.893 1.681 2.754 8.544 15.009
248 -8.056 -7.895 -7.332 -7.127 -6.92 0.863 1.659 2.737 8.806 14.708
249 -8.061 -7.897 -7.321 -7.124 -6.925 0.837 1.639 2.722 9.056 14.424
250 -8.066 -7.899 -7.311 -7.122 -6.929 0.815 1.622 2.71 9.292 14.16
251 -8.071 -7.9 -7.303 -7.121 -6.933 0.797 1.608 2.7 9.505 13.924
252 -8.074 -7.901 -7.297 -7.119 -6.936 0.783 1.598 2.692 9.689 13.722
253 -8.076 -7.901 -7.292 -7.118 -6.938 0.773 1.59 2.687 9.832 13.566
254 -8.078 -7.902 -7.289 -7.118 -6.94 0.767 1.586 2.683 9.924 13.466
255 -8.078 -7.902 -7.288 -7.118 -6.94 0.765 1.584 2.682 9.956 13.431
