1 -49.4136 -28.1546 -28.1546 -28.0466 -0.6636 0.1894 0.1894 2.4474 4.0274 6.7484
2 -49.4136 -28.1546 -28.1546 -28.0466 -0.6626 0.1864 0.1904 2.4474 4.0244 6.7414
3 -49.4136 -28.1556 -28.1536 -28.0456 -0.6606 0.1784 0.1934 2.4494 4.0174 6.7214
4 -49.4136 -28.1566 -28.1526 -28.0446 -0.6586 0.1654 0.1994 2.4524 4.0064 6.6894
5 -49.4136 -28.1586 -28.1516 -28.0436 -0.6546 0.1484 0.2074 2.4564 3.9904 6.6464
6 -49.4136 -28.1606 -28.1496 -28.0416 -0.6496 0.1254 0.2174 2.4604 3.9704 6.5934
7 -49.4136 -28.1626 -28.1476 -28.0406 -0.6436 0.0984 0.2294 2.4654 3.9474 6.5334
8 -49.4146 -28.1656 -28.1456 -28.0376 -0.6366 0.0674 0.2434 2.4694 3.9224 6.4664
9 -49.4146 -28.1686 -28.1426 -28.0356 -0.6276 0.0324 0.2604 2.4724 3.8944 6.3944
10 -49.4146 -28.1716 -28.1396 -28.0336 -0.6186 -0.0066 0.2784 2.4754 3.8654 6.3174
11 -49.4146 -28.1746 -28.1366 -28.0306 -0.6086 -0.0496 0.2994 2.4754 3.8364 6.2384
12 -49.4156 -28.1786 -28.1326 -28.0276 -0.5966 -0.0946 0.3214 2.4744 3.8074 6.1554
13 -49.4156 -28.1816 -28.1286 -28.0246 -0.5836 -0.1426 0.3454 2.4694 3.7794 6.0714
14 -49.4166 -28.1856 -28.1246 -28.0216 -0.5706 -0.1926 0.3714 2.4614 3.7534 5.9864
15 -49.4166 -28.1896 -28.1206 -28.0196 -0.5556 -0.2446 0.3994 2.4504 3.7284 5.9004
16 -49.4166 -28.1936 -28.1156 -28.0166 -0.5396 -0.2986 0.4284 2.4354 3.7074 5.8134
17 -49.4176 -28.1976 -28.1106 -28.0136 -0.5226 -0.3546 0.4584 2.4174 3.6894 5.7274
18 -49.4176 -28.2016 -28.1056 -28.0106 -0.5046 -0.4116 0.4904 2.3944 3.6744 5.6404
19 -49.4186 -28.2056 -28.0996 -28.0076 -0.4856 -0.4696 0.5234 2.3684 3.6624 5.5534
20 -49.4186 -28.2096 -28.0946 -28.0046 -0.5286 -0.4656 0.5584 2.3384 3.6534 5.4684
21 -49.4196 -28.2136 -28.0886 -28.0016 -0.5876 -0.4446 0.5934 2.3054 3.6484 5.3824
22 -49.4206 -28.2176 -28.0826 -27.9996 -0.6466 -0.4236 0.6304 2.2704 3.6454 5.2984
23 -49.4206 -28.2216 -28.0776 -27.9966 -0.7066 -0.4006 0.6674 2.2324 3.6454 5.2154
24 -49.4216 -28.2256 -28.0716 -27.9936 -0.7656 -0.3776 0.7054 2.1934 3.6474 5.1324
25 -49.4216 -28.2296 -28.0646 -27.9916 -0.8246 -0.3536 0.7434 2.1534 3.6504 5.0524
26 -49.4226 -28.2336 -28.0586 -27.9886 -0.8836 -0.3286 0.7824 2.1114 3.6554 4.9724
27 -49.4226 -28.2376 -28.0526 -27.9866 -0.9406 -0.3026 0.8214 2.0704 3.6614 4.8944
28 -49.4236 -28.2416 -28.0466 -27.9836 -0.9976 -0.2766 0.8604 2.0284 3.6684 4.8184
29 -49.4246 -28.2446 -28.0406 -27.9816 -1.0536 -0.2506 0.8994 1.9864 3.6764 4.7434
30 -49.4246 -28.2486 -28.0346 -27.9796 -1.1086 -0.2236 0.9384 1.9454 3.6844 4.6714
31 -49.4256 -28.2516 -28.0286 -27.9776 -1.1616 -0.1966 0.9764 1.9054 3.6924 4.6004
32 -49.4256 -28.2546 -28.0226 -27.9756 -1.2136 -0.1696 1.0144 1.8664 3.7004 4.5324
33 -49.4266 -28.2586 -28.0176 -27.9736 -1.2636 -0.1426 1.0524 1.8274 3.7094 4.4654
34 -49.4266 -28.2616 -28.0116 -27.9716 -1.3126 -0.1156 1.0884 1.7914 3.7174 4.4024
35 -49.4276 -28.2646 -28.0066 -27.9706 -1.3586 -0.0886 1.1234 1.7554 3.7254 4.3404
36 -49.4276 -28.2666 -28.0006 -27.9686 -1.4026 -0.0616 1.1584 1.7214 3.7334 4.2824
37 -49.4286 -28.2696 -27.9956 -27.9666 -1.4456 -0.0356 1.1914 1.6894 3.7404 4.2264
38 -49.4286 -28.2716 -27.9906 -27.9656 -1.4856 -0.0096 1.2224 1.6594 3.7474 4.1734
39 -49.4296 -28.2746 -27.9866 -27.9646 -1.5236 0.0154 1.2524 1.6304 3.7544 4.1234
40 -49.4296 -28.2766 -27.9826 -27.9626 -1.5586 0.0394 1.2804 1.6044 3.7604 4.0764
41 -49.4296 -28.2786 -27.9786 -27.9616 -1.5916 0.0624 1.3064 1.5794 3.7664 4.0334
42 -49.4306 -28.2806 -27.9746 -27.9606 -1.6216 0.0844 1.3304 1.5574 3.7714 3.9934
43 -49.4306 -28.2826 -27.9706 -27.9596 -1.6496 0.1044 1.3524 1.5364 3.7764 3.9564
44 -49.4306 -28.2836 -27.9676 -27.9586 -1.6736 0.1224 1.3724 1.5184 3.7804 3.9234
45 -49.4316 -28.2846 -27.9656 -27.9586 -1.6956 0.1394 1.3894 1.5014 3.7844 3.8944
46 -49.4316 -28.2866 -27.9626 -27.9576 -1.7156 0.1544 1.4054 1.4874 3.7874 3.8684
47 -49.4316 -28.2876 -27.9606 -27.9576 -1.7316 0.1674 1.4184 1.4754 3.7904 3.8464
48 -49.4316 -28.2876 -27.9586 -27.9566 -1.7446 0.1784 1.4294 1.4654 3.7924 3.8294
49 -49.4316 -28.2886 -27.9576 -27.9566 -1.7556 0.1874 1.4374 1.4574 3.7944 3.8154
50 -49.4316 -28.2886 -27.9566 -27.9556 -1.7626 0.1934 1.4434 1.4524 3.7964 3.8054
51 -49.4316 -28.2896 -27.9556 -27.9556 -1.7676 0.1974 1.4464 1.4494 3.7964 3.7994
52 -49.4316 -28.2896 -27.9556 -27.9556 -1.7686 0.1984 1.4484 1.4484 3.7974 3.7974
53 -49.4316 -28.2896 -27.9556 -27.9556 -1.7716 0.1984 1.4484 1.4484 3.7954 3.7954
54 -49.4326 -28.2886 -27.9556 -27.9556 -1.7806 0.1984 1.4494 1.4494 3.7914 3.7914
55 -49.4326 -28.2876 -27.9556 -27.9556 -1.7946 0.1994 1.4524 1.4524 3.7854 3.7854
56 -49.4326 -28.2856 -27.9556 -27.9556 -1.8146 0.2004 1.4554 1.4554 3.7764 3.7764
57 -49.4326 -28.2836 -27.9556 -27.9556 -1.8396 0.2014 1.4594 1.4594 3.7644 3.7644
58 -49.4336 -28.2816 -27.9546 -27.9546 -1.8706 0.2044 1.4644 1.4644 3.7504 3.7504
59 -49.4336 -28.2786 -27.9546 -27.9546 -1.9066 0.2064 1.4704 1.4704 3.7344 3.7344
60 -49.4346 -28.2756 -27.9536 -27.9536 -1.9476 0.2104 1.4774 1.4774 3.7154 3.7154
61 -49.4346 -28.2716 -27.9536 -27.9536 -1.9926 0.2154 1.4844 1.4844 3.6944 3.6944
62 -49.4356 -28.2676 -27.9526 -27.9526 -2.0436 0.2214 1.4934 1.4934 3.6714 3.6714
63 -49.4366 -28.2626 -27.9526 -27.9526 -2.0986 0.2294 1.5024 1.5024 3.6464 3.6464
64 -49.4366 -28.2576 -27.9516 -27.9516 -2.1576 0.2384 1.5114 1.5114 3.6194 3.6194
65 -49.4376 -28.2526 -27.9506 -27.9506 -2.2206 0.2484 1.5224 1.5224 3.5914 3.5914
66 -49.4386 -28.2466 -27.9506 -27.9506 -2.2866 0.2604 1.5334 1.5334 3.5614 3.5614
67 -49.4396 -28.2406 -27.9496 -27.9496 -2.3566 0.2734 1.5454 1.5454 3.5304 3.5304
68 -49.4406 -28.2346 -27.9486 -27.9486 -2.4296 0.2884 1.5574 1.5574 3.4974 3.4974
69 -49.4416 -28.2276 -27.9476 -27.9476 -2.5046 0.3054 1.5704 1.5704 3.4644 3.4644
70 -49.4426 -28.2206 -27.9466 -27.9466 -2.5816 0.3234 1.5834 1.5834 3.4294 3.4294
71 -49.4436 -28.2136 -27.9456 -27.9456 -2.6606 0.3434 1.5974 1.5974 3.3944 3.3944
72 -49.4446 -28.2056 -27.9446 -27.9446 -2.7416 0.3644 1.6104 1.6104 3.3594 3.3594
73 -49.4456 -28.1986 -27.9436 -27.9436 -2.8236 0.3874 1.6244 1.6244 3.3234 3.3234
74 -49.4476 -28.1896 -27.9426 -27.9426 -2.9066 0.4114 1.6384 1.6384 3.2874 3.2874
75 -49.4486 -28.1816 -27.9416 -27.9416 -2.9906 0.4374 1.6524 1.6524 3.2514 3.2514
76 -49.4496 -28.1736 -27.9406 -27.9406 -3.0756 0.4634 1.6664 1.6664 3.2154 3.2154
77 -49.4516 -28.1646 -27.9396 -27.9396 -3.1606 0.4924 1.6804 1.6804 3.1794 3.1794
78 -49.4526 -28.1556 -27.9376 -27.9376 -3.2456 0.5214 1.6934 1.6934 3.1454 3.1454
79 -49.4536 -28.1466 -27.9366 -27.9366 -3.3296 0.5514 1.7064 1.7064 3.1114 3.1114
80 -49.4556 -28.1376 -27.9356 -27.9356 -3.4146 0.5834 1.7184 1.7184 3.0784 3.0784
81 -49.4566 -28.1286 -27.9346 -27.9346 -3.4986 0.6154 1.7294 1.7294 3.0474 3.0474
82 -49.4576 -28.1186 -27.9336 -27.9336 -3.5816 0.6484 1.7394 1.7394 3.0174 3.0174
83 -49.4596 -28.1096 -27.9316 -27.9316 -3.6636 0.6824 1.7494 1.7494 2.9884 2.9884
84 -49.4606 -28.1006 -27.9306 -27.9306 -3.7446 0.7174 1.7574 1.7574 2.9624 2.9624
85 -49.4626 -28.0906 -27.9296 -27.9296 -3.8246 0.7524 1.7634 1.7634 2.9374 2.9374
86 -49.4636 -28.0816 -27.9286 -27.9286 -3.9026 0.7874 1.7684 1.7684 2.9154 2.9154
87 -49.4646 -28.0716 -27.9266 -27.9266 -3.9796 0.8244 1.7724 1.7724 2.8954 2.8954
88 -49.4666 -28.0626 -27.9256 -27.9256 -4.0556 0.8604 1.7744 1.7744 2.8774 2.8774
89 -49.4676 -28.0536 -27.9246 -27.9246 -4.1286 0.8964 1.7744 1.7744 2.8624 2.8624
90 -49.4686 -28.0446 -27.9236 -27.9236 -4.2006 0.9334 1.7724 1.7724 2.8494 2.8494
91 -49.4706 -28.0356 -27.9216 -27.9216 -4.2706 0.9704 1.7684 1.7684 2.8394 2.8394
92 -49.4716 -28.0266 -27.9206 -27.9206 -4.3386 1.0064 1.7634 1.7634 2.8314 2.8314
93 -49.4726 -28.0176 -27.9196 -27.9196 -4.4036 1.0434 1.7574 1.7574 2.8264 2.8264
94 -49.4746 -28.0086 -27.9186 -27.9186 -4.4676 1.0794 1.7494 1.7494 2.8234 2.8234
95 -49.4756 -28.0006 -27.9176 -27.9176 -4.5286 1.1144 1.7404 1.7404 2.8214 2.8214
96 -49.4766 -27.9926 -27.9166 -27.9166 -4.5876 1.1494 1.7294 1.7294 2.8224 2.8224
97 -49.4776 -27.9846 -27.9156 -27.9156 -4.6436 1.1834 1.7184 1.7184 2.8244 2.8244
98 -49.4786 -27.9776 -27.9146 -27.9146 -4.6976 1.2174 1.7064 1.7064 2.8274 2.8274
99 -49.4796 -27.9696 -27.9136 -27.9136 -4.7486 1.2494 1.6944 1.6944 2.8324 2.8324
100 -49.4806 -27.9626 -27.9126 -27.9126 -4.7976 1.2814 1.6824 1.6824 2.8374 2.8374
101 -49.4816 -27.9566 -27.9116 -27.9116 -4.8436 1.3114 1.6694 1.6694 2.8434 2.8434
102 -49.4826 -27.9496 -27.9106 -27.9106 -4.8866 1.3404 1.6564 1.6564 2.8504 2.8504
103 -49.4836 -27.9436 -27.9106 -27.9106 -4.9266 1.3684 1.6444 1.6444 2.8574 2.8574
104 -49.4846 -27.9386 -27.9096 -27.9096 -4.9646 1.3944 1.6324 1.6324 2.8644 2.8644
105 -49.4856 -27.9336 -27.9086 -27.9086 -4.9996 1.4184 1.6214 1.6214 2.8714 2.8714
106 -49.4856 -27.9286 -27.9086 -27.9086 -5.0316 1.4414 1.6104 1.6104 2.8784 2.8784
107 -49.4866 -27.9246 -27.9076 -27.9076 -5.0606 1.4614 1.6004 1.6004 2.8844 2.8844
108 -49.4876 -27.9206 -27.9076 -27.9076 -5.0856 1.4804 1.5914 1.5914 2.8914 2.8914
109 -49.4876 -27.9166 -27.9066 -27.9066 -5.1086 1.4974 1.5824 1.5824 2.8964 2.8964
110 -49.4876 -27.9136 -27.9066 -27.9066 -5.1286 1.5124 1.5754 1.5754 2.9014 2.9014
111 -49.4886 -27.9116 -27.9056 -27.9056 -5.1456 1.5254 1.5694 1.5694 2.9064 2.9064
112 -49.4886 -27.9086 -27.9056 -27.9056 -5.1596 1.5354 1.5634 1.5634 2.9104 2.9104
113 -49.4886 -27.9076 -27.9056 -27.9056 -5.1706 1.5434 1.5594 1.5594 2.9134 2.9134
114 -49.4896 -27.9066 -27.9056 -27.9056 -5.1786 1.5494 1.5564 1.5564 2.9154 2.9154
115 -49.4896 -27.9056 -27.9056 -27.9056 -5.1826 1.5534 1.5554 1.5554 2.9164 2.9164
116 -49.4896 -27.9056 -27.9056 -27.9056 -5.1846 1.5544 1.5544 1.5544 2.9174 2.9174
117 -49.4896 -27.9056 -27.9056 -27.9056 -5.1826 1.5534 1.5554 1.5554 2.9154 2.9174
118 -49.4896 -27.9056 -27.9056 -27.9056 -5.1786 1.5494 1.5574 1.5574 2.9124 2.9184
119 -49.4886 -27.9066 -27.9056 -27.9056 -5.1706 1.5424 1.5604 1.5604 2.9054 2.9204
120 -49.4886 -27.9076 -27.9066 -27.9066 -5.1596 1.5334 1.5654 1.5654 2.8974 2.9224
121 -49.4886 -27.9096 -27.9066 -27.9066 -5.1456 1.5214 1.5714 1.5714 2.8864 2.9264
122 -49.4876 -27.9116 -27.9076 -27.9076 -5.1286 1.5074 1.5784 1.5784 2.8724 2.9304
123 -49.4876 -27.9136 -27.9086 -27.9086 -5.1096 1.4904 1.5874 1.5874 2.8564 2.9344
124 -49.4876 -27.9166 -27.9096 -27.9096 -5.0866 1.4714 1.5974 1.5974 2.8384 2.9404
125 -49.4866 -27.9196 -27.9106 -27.9106 -5.0606 1.4504 1.6084 1.6084 2.8184 2.9464
126 -49.4856 -27.9226 -27.9116 -27.9116 -5.0316 1.4264 1.6204 1.6204 2.7954 2.9524
127 -49.4856 -27.9256 -27.9126 -27.9126 -4.9996 1.4014 1.6344 1.6344 2.7704 2.9604
128 -49.4846 -27.9296 -27.9136 -27.9136 -4.9646 1.3734 1.6504 1.6504 2.7434 2.9684
129 -49.4836 -27.9336 -27.9156 -27.9156 -4.9276 1.3434 1.6664 1.6664 2.7134 2.9774
130 -49.4826 -27.9386 -27.9166 -27.9166 -4.8866 1.3114 1.6844 1.6844 2.6824 2.9864
131 -49.4816 -27.9426 -27.9186 -27.9186 -4.8436 1.2784 1.7034 1.7034 2.6494 2.9964
132 -49.4806 -27.9476 -27.9206 -27.9206 -4.7976 1.2434 1.7244 1.7244 2.6144 3.0074
133 -49.4796 -27.9536 -27.9226 -27.9226 -4.7486 1.2064 1.7464 1.7464 2.5774 3.0184
134 -49.4786 -27.9586 -27.9246 -27.9246 -4.6976 1.1684 1.7694 1.7694 2.5384 3.0304
135 -49.4776 -27.9646 -27.9266 -27.9266 -4.6436 1.1294 1.7934 1.7934 2.4974 3.0424
136 -49.4766 -27.9706 -27.9286 -27.9286 -4.5866 1.0894 1.8194 1.8194 2.4564 3.0554
137 -49.4756 -27.9766 -27.9306 -27.9306 -4.5276 1.0474 1.8464 1.8464 2.4124 3.0684
138 -49.4736 -27.9826 -27.9326 -27.9326 -4.4656 1.0044 1.8754 1.8754 2.3684 3.0824
139 -49.4726 -27.9896 -27.9356 -27.9356 -4.4026 0.9614 1.9044 1.9044 2.3224 3.0974
140 -49.4716 -27.9956 -27.9376 -27.9376 -4.3356 0.9174 1.9354 1.9354 2.2764 3.1124
141 -49.4696 -28.0026 -27.9406 -27.9406 -4.2676 0.8724 1.9674 1.9674 2.2284 3.1274
142 -49.4686 -28.0096 -27.9426 -27.9426 -4.1966 0.8274 2.0014 2.0014 2.1804 3.1434
143 -49.4666 -28.0166 -27.9456 -27.9456 -4.1246 0.7814 2.0364 2.0364 2.1314 3.1594
144 -49.4656 -28.0236 -27.9486 -27.9486 -4.0496 0.7354 2.0724 2.0724 2.0824 3.1754
145 -49.4636 -28.0316 -27.9506 -27.9506 -3.9736 0.6884 2.0334 2.1094 2.1094 3.1924
146 -49.4626 -28.0386 -27.9536 -27.9536 -3.8946 0.6424 1.9834 2.1474 2.1474 3.2094
147 -49.4606 -28.0466 -27.9566 -27.9566 -3.8156 0.5954 1.9344 2.1874 2.1874 3.2274
148 -49.4596 -28.0536 -27.9596 -27.9596 -3.7336 0.5484 1.8854 2.2274 2.2274 3.2444
149 -49.4576 -28.0616 -27.9626 -27.9626 -3.6516 0.5024 1.8364 2.2694 2.2694 3.2624
150 -49.4566 -28.0696 -27.9656 -27.9656 -3.5676 0.4564 1.7884 2.3124 2.3124 3.2804
151 -49.4546 -28.0766 -27.9676 -27.9676 -3.4826 0.4104 1.7414 2.3564 2.3564 3.2994
152 -49.4526 -28.0846 -27.9706 -27.9706 -3.3966 0.3644 1.6954 2.4014 2.4014 3.3174
153 -49.4516 -28.0916 -27.9736 -27.9736 -3.3106 0.3194 1.6504 2.4484 2.4484 3.3364
154 -49.4496 -28.0996 -27.9766 -27.9766 -3.2236 0.2744 1.6074 2.4954 2.4954 3.3544
155 -49.4486 -28.1076 -27.9796 -27.9796 -3.1366 0.2304 1.5664 2.5434 2.5434 3.3734
156 -49.4466 -28.1146 -27.9826 -27.9826 -3.0486 0.1864 1.5264 2.5924 2.5924 3.3924
157 -49.4446 -28.1226 -27.9856 -27.9856 -2.9616 0.1434 1.4894 2.6424 2.6424 3.4104
158 -49.4436 -28.1296 -27.9886 -27.9886 -2.8756 0.1014 1.4544 2.6924 2.6924 3.4294
159 -49.4416 -28.1366 -27.9916 -27.9916 -2.7896 0.0604 1.4224 2.7444 2.7444 3.4474
160 -49.4406 -28.1436 -27.9936 -27.9936 -2.7046 0.0194 1.3934 2.7964 2.7964 3.4654
161 -49.4386 -28.1516 -27.9966 -27.9966 -2.6206 -0.0196 1.3674 2.8494 2.8494 3.4834
162 -49.4376 -28.1576 -27.9996 -27.9996 -2.5386 -0.0586 1.3454 2.9024 2.9024 3.5014
163 -49.4356 -28.1646 -28.0016 -28.0016 -2.4586 -0.0966 1.3264 2.9564 2.9564 3.5194
164 -49.4346 -28.1716 -28.0046 -28.0046 -2.3806 -0.1326 1.3124 3.0104 3.0104 3.5364
165 -49.4326 -28.1776 -28.0076 -28.0076 -2.3046 -0.1686 1.3014 3.0654 3.0654 3.5544
166 -49.4316 -28.1846 -28.0096 -28.0096 -2.2316 -0.2036 1.2954 3.1194 3.1194 3.5704
167 -49.4306 -28.1906 -28.0126 -28.0126 -2.1626 -0.2366 1.2934 3.1744 3.1744 3.5874
168 -49.4286 -28.1966 -28.0146 -28.0146 -2.0966 -0.2686 1.2964 3.2284 3.2284 3.6034
169 -49.4276 -28.2026 -28.0166 -28.0166 -2.0336 -0.2996 1.3044 3.2834 3.2834 3.6184
170 -49.4266 -28.2076 -28.0186 -28.0186 -1.9746 -0.3296 1.3164 3.3374 3.3374 3.6334
171 -49.4256 -28.2126 -28.0216 -28.0216 -1.9196 -0.3576 1.3324 3.3914 3.3914 3.6484
172 -49.4236 -28.2186 -28.0236 -28.0236 -1.8686 -0.3846 1.3534 3.4434 3.4434 3.6624
173 -49.4226 -28.2226 -28.0256 -28.0256 -1.8226 -0.4106 1.3784 3.4954 3.4954 3.6754
174 -49.4216 -28.2276 -28.0266 -28.0266 -1.7796 -0.4346 1.4074 3.5464 3.5464 3.6884
175 -49.4206 -28.2316 -28.0286 -28.0286 -1.7406 -0.4576 1.4394 3.5964 3.5964 3.7004
176 -49.4196 -28.2366 -28.0306 -28.0306 -1.7056 -0.4796 1.4744 3.6444 3.6444 3.7124
177 -49.4186 -28.2396 -28.0316 -28.0316 -1.6746 -0.4996 1.5124 3.6914 3.6914 3.7234
178 -49.4186 -28.2436 -28.0336 -28.0336 -1.6476 -0.5186 1.5504 3.7334 3.7354 3.7354
179 -49.4176 -28.2466 -28.0346 -28.0346 -1.6236 -0.5356 1.5904 3.7424 3.7774 3.7774
180 -49.4166 -28.2506 -28.0356 -28.0356 -1.6026 -0.5516 1.6304 3.7514 3.8174 3.8174
181 -49.4166 -28.2526 -28.0376 -28.0376 -1.5836 -0.5666 1.6694 3.7594 3.8544 3.8544
182 -49.4156 -28.2556 -28.0386 -28.0386 -1.5686 -0.5786 1.7074 3.7664 3.8884 3.8884
183 -49.4146 -28.2576 -28.0396 -28.0396 -1.5556 -0.5906 1.7424 3.7724 3.9194 3.9194
184 -49.4146 -28.2596 -28.0396 -28.0396 -1.5446 -0.6006 1.7754 3.7784 3.9464 3.9464
185 -49.4146 -28.2616 -28.0406 -28.0406 -1.5356 -0.6086 1.8044 3.7834 3.9694 3.9694
186 -49.4136 -28.2626 -28.0416 -28.0416 -1.5286 -0.6156 1.8284 3.7874 3.9894 3.9894
187 -49.4136 -28.2636 -28.0416 -28.0416 -1.5226 -0.6206 1.8484 3.7904 4.0044 4.0044
188 -49.4136 -28.2646 -28.0416 -28.0416 -1.5196 -0.6246 1.8634 3.7924 4.0154 4.0154
189 -49.4136 -28.2646 -28.0416 -28.0416 -1.5176 -0.6276 1.8714 3.7934 4.0224 4.0224
190 -49.4136 -28.2646 -28.0416 -28.0416 -1.5166 -0.6276 1.8744 3.7934 4.0244 4.0244
191 -49.4136 -28.2646 -28.0426 -28.0426 -1.5156 -0.6276 1.8714 3.7914 4.0244 4.0294
192 -49.4136 -28.2646 -28.0426 -28.0426 -1.5116 -0.6256 1.8614 3.7864 4.0244 4.0414
193 -49.4136 -28.2636 -28.0426 -28.0426 -1.5056 -0.6226 1.8454 3.7764 4.0244 4.0614
194 -49.4136 -28.2636 -28.0436 -28.0426 -1.4976 -0.6186 1.8234 3.7624 4.0254 4.0894
195 -49.4136 -28.2626 -28.0446 -28.0426 -1.4876 -0.6126 1.7964 3.7454 4.0254 4.1234
196 -49.4136 -28.2616 -28.0456 -28.0426 -1.4746 -0.6066 1.7644 3.7234 4.0254 4.1654
197 -49.4136 -28.2606 -28.0466 -28.0426 -1.4596 -0.5986 1.7274 3.6984 4.0254 4.2124
198 -49.4136 -28.2586 -28.0486 -28.0426 -1.4426 -0.5896 1.6874 3.6704 4.0254 4.2654
199 -49.4136 -28.2566 -28.0506 -28.0426 -1.4236 -0.5796 1.6434 3.6384 4.0254 4.3234
200 -49.4136 -28.2556 -28.0526 -28.0426 -1.4026 -0.5676 1.5974 3.6024 4.0254 4.3854
201 -49.4136 -28.2536 -28.0546 -28.0426 -1.3796 -0.5556 1.5484 3.5644 4.0254 4.4514
202 -49.4136 -28.2506 -28.0566 -28.0436 -1.3546 -0.5416 1.4974 3.5224 4.0254 4.5214
203 -49.4136 -28.2486 -28.0586 -28.0436 -1.3276 -0.5266 1.4454 3.4784 4.0254 4.5944
204 -49.4136 -28.2456 -28.0616 -28.0436 -1.2986 -0.5106 1.3914 3.4314 4.0254 4.6694
205 -49.4136 -28.2436 -28.0646 -28.0436 -1.2686 -0.4926 1.3374 3.3814 4.0254 4.7484
206 -49.4136 -28.2406 -28.0676 -28.0436 -1.2376 -0.4746 1.2814 3.3304 4.0254 4.8284
207 -49.4136 -28.2376 -28.0706 -28.0446 -1.2046 -0.4546 1.2254 3.2764 4.0254 4.9114
208 -49.4136 -28.2346 -28.0736 -28.0446 -1.1706 -0.4336 1.1694 3.2214 4.0264 4.9954
209 -49.4136 -28.2306 -28.0766 -28.0446 -1.1356 -0.4116 1.1134 3.1654 4.0264 5.0814
210 -49.4136 -28.2276 -28.0806 -28.0446 -1.1006 -0.3876 1.0574 3.1094 4.0264 5.1684
211 -49.4136 -28.2236 -28.0836 -28.0446 -1.0636 -0.3636 1.0014 3.0514 4.0264 5.2564
212 -49.4136 -28.2206 -28.0876 -28.0456 -1.0276 -0.3376 0.9454 2.9944 4.0264 5.3464
213 -49.4136 -28.2166 -28.0916 -28.0456 -0.9916 -0.3106 0.8904 2.9374 4.0264 5.4364
214 -49.4136 -28.2126 -28.0956 -28.0456 -0.9546 -0.2826 0.8354 2.8814 4.0264 5.5284
215 -49.4136 -28.2086 -28.0996 -28.0456 -0.9196 -0.2536 0.7804 2.8274 4.0264 5.6204
216 -49.4136 -28.2046 -28.1036 -28.0456 -0.8846 -0.2226 0.7264 2.7744 4.0264 5.7134
217 -49.4136 -28.2006 -28.1086 -28.0456 -0.8516 -0.1906 0.6734 2.7234 4.0264 5.8064
218 -49.4136 -28.1956 -28.1126 -28.0466 -0.8196 -0.1586 0.6214 2.6754 4.0264 5.9004
219 -49.4136 -28.1916 -28.1176 -28.0466 -0.7896 -0.1236 0.5694 2.6314 4.0264 5.9944
220 -49.4136 -28.1866 -28.1216 -28.0466 -0.7616 -0.0886 0.5184 2.5904 4.0264 6.0884
221 -49.4136 -28.1826 -28.1266 -28.0466 -0.7366 -0.0526 0.4684 2.5544 4.0274 6.1824
222 -49.4136 -28.1776 -28.1306 -28.0466 -0.7156 -0.0146 0.4194 2.5224 4.0274 6.2774
223 -49.4136 -28.1736 -28.1356 -28.0466 -0.6966 0.0234 0.3714 2.4964 4.0274 6.3714
224 -49.4136 -28.1686 -28.1406 -28.0466 -0.6826 0.0634 0.3244 2.4744 4.0274 6.4664
225 -49.4136 -28.1636 -28.1446 -28.0466 -0.6716 0.1044 0.2784 2.4594 4.0274 6.5604
226 -49.4136 -28.1596 -28.1496 -28.0466 -0.6656 0.1464 0.2334 2.4504 4.0274 6.6544
227 -49.4136 -28.1546 -28.1546 -28.0466 -0.6636 0.1894 0.1894 2.4474 4.0274 6.7484
228 -49.4136 -28.1576 -28.1516 -28.0466 -0.6636 0.1604 0.2184 2.4484 4.0264 6.6874
229 -49.4136 -28.1606 -28.1486 -28.0466 -0.6656 0.1304 0.2474 2.4534 4.0234 6.6304
230 -49.4136 -28.1636 -28.1456 -28.0456 -0.6686 0.0994 0.2774 2.4614 4.0184 6.5754
231 -49.4136 -28.1666 -28.1426 -28.0456 -0.6736 0.0684 0.3084 2.4724 4.0114 6.5234
232 -49.4136 -28.1686 -28.1406 -28.0446 -0.6786 0.0364 0.3394 2.4854 4.0024 6.4734
233 -49.4136 -28.1716 -28.1386 -28.0436 -0.6836 0.0044 0.3694 2.5014 3.9924 6.4274
234 -49.4136 -28.1746 -28.1366 -28.0426 -0.6906 -0.0276 0.4004 2.5194 3.9804 6.3844
235 -49.4136 -28.1766 -28.1346 -28.0406 -0.6976 -0.0586 0.4314 2.5394 3.9664 6.3434
236 -49.4136 -28.1796 -28.1336 -28.0396 -0.7046 -0.0906 0.4624 2.5614 3.9514 6.3054
237 -49.4136 -28.1816 -28.1316 -28.0376 -0.7126 -0.1206 0.4934 2.5844 3.9344 6.2704
238 -49.4136 -28.1836 -28.1306 -28.0356 -0.7206 -0.1506 0.5234 2.6084 3.9174 6.2374
239 -49.4136 -28.1856 -28.1296 -28.0336 -0.7286 -0.1796 0.5534 2.6334 3.8984 6.2074
240 -49.4136 -28.1876 -28.1286 -28.0316 -0.7366 -0.2076 0.5814 2.6594 3.8794 6.1794
241 -49.4146 -28.1896 -28.1276 -28.0306 -0.7446 -0.2336 0.6104 2.6854 3.8604 6.1544
242 -49.4146 -28.1916 -28.1276 -28.0286 -0.7526 -0.2596 0.6374 2.7114 3.8404 6.1314
243 -49.4146 -28.1926 -28.1266 -28.0266 -0.7596 -0.2826 0.6634 2.7364 3.8214 6.1114
244 -49.4146 -28.1946 -28.1266 -28.0246 -0.7676 -0.3046 0.6884 2.7614 3.8014 6.0924
245 -49.4146 -28.1956 -28.1266 -28.0226 -0.7746 -0.3256 0.7114 2.7854 3.7834 6.0764
246 -49.4146 -28.1966 -28.1266 -28.0216 -0.7816 -0.3436 0.7334 2.8084 3.7654 6.0614
247 -49.4146 -28.1976 -28.1256 -28.0196 -0.7876 -0.3606 0.7534 2.8294 3.7484 6.0484
248 -49.4146 -28.1986 -28.1256 -28.0186 -0.7936 -0.3756 0.7714 2.8484 3.7334 6.0374
249 -49.4146 -28.1996 -28.1256 -28.0166 -0.7986 -0.3886 0.7874 2.8664 3.7194 6.0284
250 -49.4146 -28.2006 -28.1256 -28.0156 -0.8026 -0.3996 0.8004 2.8814 3.7074 6.0204
251 -49.4146 -28.2016 -28.1256 -28.0146 -0.8066 -0.4086 0.8124 2.8944 3.6974 6.0134
252 -49.4146 -28.2016 -28.1256 -28.0146 -0.8096 -0.4156 0.8214 2.9044 3.6894 6.0084
253 -49.4146 -28.2016 -28.1256 -28.0136 -0.8116 -0.4206 0.8274 2.9114 3.6834 6.0054
254 -49.4146 -28.2026 -28.1256 -28.0136 -0.8126 -0.4236 0.8314 2.9164 3.6804 6.0034
255 -49.4146 -28.2026 -28.1256 -28.0136 -0.8136 -0.4246 0.8334 2.9174 3.6784 6.0024
