1 -6.413017 1.115543 1.116773 1.116793 4.476913 4.479283 51.999283 52.053872999999996 52.108373
2 -6.410067 1.116213 1.116293 1.117793 4.475623 4.478293 51.927363 51.994853 52.038703
3 -6.401207 1.114803 1.114843 1.124213 4.464673 4.482443 51.700993 51.818553 51.843433
4 -6.386437 1.112423 1.112463 1.1349529999999999 4.446443 4.489363 51.311403 51.527243 51.540713
5 -6.365717 1.1091229999999999 1.109153 1.149993 4.420993 4.499043 50.771063 51.124673 51.133013
6 -6.339047 1.104943 1.104983 1.169303 4.388393 4.511483 50.098013 50.615902999999996 50.621843
7 -6.306387 1.099943 1.099983 1.192873 4.348733 4.526683 49.310713 50.007323 50.012012999999996
8 -6.267717 1.094193 1.094223 1.220673 4.302113 4.544623 48.428063 49.306373 49.310353
9 -6.223027 1.087753 1.087793 1.2526929999999998 4.248673 4.565283 47.469023 48.521463 48.524983
10 -6.1723170000000005 1.080733 1.080773 1.288903 4.1885330000000005 4.588603 46.451952999999996 47.661743 47.664923
11 -6.115597 1.073243 1.073283 1.329263 4.121883 4.614533 45.394073 46.736893 46.739803
12 -6.052907 1.065393 1.065433 1.373743 4.048873 4.643003 44.311012999999996 45.756952999999996 45.759623
13 -5.984297 1.0573329999999999 1.057373 1.4223029999999999 3.969713 4.673893 43.216603 44.732123 44.734573
14 -5.909857000000001 1.049223 1.049263 1.474893 3.884603 4.707083 42.122593 43.672402999999996 43.674633
15 -5.829697 1.041233 1.041273 1.531473 3.793773 4.742403 41.038953 42.587633 42.589653
16 -5.743947 1.033553 1.033603 1.591983 3.697443 4.779683 39.973813 41.487153 41.488973
17 -5.6527970000000005 1.0263929999999999 1.026443 1.6563629999999998 3.595863 4.818713 38.933673 40.379723 40.381343
18 -5.556437 1.0199829999999999 1.020033 1.7245629999999998 3.489293 4.859243 37.923623 39.273353 39.274783
19 -5.455097 1.014543 1.014593 1.796503 3.377993 4.901013 36.947523 38.175243 38.176503
20 -5.3490470000000006 1.010343 1.010383 1.8721130000000001 3.262243 4.943733 36.008272999999996 37.091713 37.092813
21 -5.238577 1.007623 1.007673 1.9513129999999999 3.1423229999999998 4.987103 35.107993 36.028193 36.029173
22 -5.124007 1.006663 1.006703 2.034033 3.018513 5.030803 34.248033 34.989112999999996 34.990003
23 -5.005677 1.007723 1.007773 2.120183 2.891113 5.074483 33.429353 33.978083 33.978972999999996
24 -4.883987 1.011093 1.011133 2.209653 2.760413 5.117833 32.652443 32.997883 32.998933
25 -4.759337 1.017033 1.017073 2.302353 2.626713 5.1605229999999995 31.916853 32.050453 32.052563
26 -4.632167 1.025823 1.025863 2.398183 2.490323 5.202233 31.134573 31.137083 31.229222999999998
27 -4.502937 1.0377129999999999 1.037763 2.351523 2.497023 5.242693 30.257693 30.258392999999998 30.577292999999997
28 -4.372167 1.052973 1.053023 2.210643 2.598753 5.281663 29.413943 29.414452999999998 29.968913
29 -4.240357 1.0718429999999999 1.071883 2.0679629999999998 2.703253 5.3189329999999995 28.604383 28.604882999999997 29.402372999999997
30 -4.108077 1.094543 1.094593 1.9237929999999999 2.810393 5.354413 27.828303 27.828823 28.877073
31 -3.9759070000000003 1.121313 1.121353 1.778413 2.9200329999999997 5.388043 27.084683 27.085243 28.392483
32 -3.8444570000000002 1.152323 1.1523729999999999 1.632123 3.0320329999999998 5.419873 26.372232999999998 26.372813 27.947972999999998
33 -3.7143870000000003 1.187783 1.187833 1.485213 3.1462429999999997 5.450083 25.689453 25.690053 27.542803
34 -3.5863570000000005 1.227853 1.227903 1.337963 3.2624929999999996 5.478933 25.034762999999998 25.035373 27.176143
35 -3.4610570000000003 1.190623 1.2726929999999999 1.272753 3.380633 5.506813 24.406482999999998 24.407103 26.847013
36 -3.3392170000000005 1.043513 1.322423 1.322473 3.5004929999999996 5.534263 23.802933 23.803542999999998 26.554313
37 -3.221547 0.8968729999999999 1.377173 1.3772229999999999 3.621873 5.561913 23.222443 23.223053 26.296782999999998
38 -3.108787 0.7509429999999999 1.437053 1.437113 3.7446129999999997 5.590513 22.663332999999998 22.663923 26.072993
39 -3.001647 0.605993 1.502163 1.5022129999999998 3.8685129999999996 5.6209229999999994 22.124043 22.124603 25.881383
40 -2.900837 0.46224299999999996 1.572563 1.572613 3.993373 5.654053 21.603033 21.603572999999997 25.720243
41 -2.807007 0.3199329999999999 1.648333 1.648383 4.118993 5.6908829999999995 21.098883 21.099393 25.587663
42 -2.720777 0.17929299999999992 1.729523 1.7295729999999998 4.245163 5.732413 20.610253 20.610733 25.481613
43 -2.6426570000000003 0.040522999999999976 1.816183 1.816233 4.371663 5.779593 20.135883 20.136322999999997 25.399903
44 -2.573077 -0.09615700000000005 1.908353 1.9084029999999998 4.498263 5.833362999999999 19.674623 19.675033 25.340222999999998
45 -2.5123670000000002 -0.23054699999999995 2.006043 2.006093 4.6247430000000005 5.894533 19.225443 19.225813 25.300113
46 -2.460677 -0.36247700000000005 2.109293 2.109343 4.750883 5.963813 18.787333 18.787672999999998 25.277013
47 -2.418057 -0.4917570000000001 2.218093 2.218143 4.876423 6.041742999999999 18.359443 18.359752999999998 25.268252999999998
48 -2.384377 -0.6182070000000001 2.332463 2.332503 5.001143 6.128693 17.940993 17.941263 25.271072999999998
49 -2.359367 -0.7416870000000001 2.4523829999999998 2.452423 5.124783 6.224813 17.531273 17.531513 25.282643
50 -2.342607 -0.862027 2.577843 2.577893 5.247093 6.330073 17.129673 17.129883 25.300062999999998
51 -2.333537 -0.9790770000000001 2.708833 2.708873 5.367843 6.444233 16.735623 16.735803 25.320413
52 -2.331497 -1.092717 2.845313 2.845363 5.486763 6.566833 16.348643 16.348803 25.340753
53 -2.335697 -1.2027970000000003 2.987253 2.9872929999999998 5.603593 6.697213 15.968333000000001 15.968473000000001 25.358162999999998
54 -2.3452870000000003 -1.3092070000000002 3.134613 3.1346629999999998 5.718103 6.834573 15.594293 15.594413000000001 25.369782999999998
55 -2.3593870000000003 -1.4118370000000002 3.287343 3.287393 5.830023 6.9779029999999995 15.226243 15.226343 25.372833
56 -2.3770670000000003 -1.510567 3.445373 3.445433 5.939113 7.126053 14.863913 14.864013 25.364722999999998
57 -2.397387 -1.6053070000000003 3.608653 3.6087029999999998 6.045103 7.277753 14.507093000000001 14.507193000000001 25.343052999999998
58 -2.4194370000000003 -1.695957 3.7770729999999997 3.7771329999999996 6.147762999999999 7.4315929999999994 14.155633 14.155723 25.305702999999998
59 -2.442327 -1.7824370000000003 3.9505529999999998 3.9506129999999997 6.246853 7.586093 13.809403000000001 13.809503000000001 25.250953
60 -2.465237 -1.8646470000000002 4.128983 4.129033 6.342123 7.739693 13.468343 13.468433000000001 25.177522999999997
61 -2.487407 -1.9425370000000002 4.312193 4.312253 6.433333 7.890763 13.132423000000001 13.132523 25.084683
62 -2.508157 -2.0160270000000002 4.500053 4.500113 6.520283 8.037693 12.801653 12.801743 24.972323
63 -2.526907 -2.0850470000000003 4.692363 4.692423 6.602743 8.178863 12.476103 12.476193 24.841072999999998
64 -2.543207 -2.149547 4.888863 4.888923 6.680503 8.312723 12.155913 12.156013000000002 24.692313
65 -2.5567070000000003 -2.209477 5.089253 5.089313 6.753353 8.437833 11.841303 11.841393 24.528223
66 -2.5672070000000002 -2.264777 5.293133 5.293193 6.821123 8.552933 11.532583 11.532673 24.351793
67 -2.574647 -2.315407 5.5000029999999995 5.500052999999999 6.883633 8.656973 11.230193 11.230283 24.166763
68 -2.5791370000000002 -2.361327 5.709153 5.709203 6.940703 8.749203 10.934763 10.934853 23.977493
69 -2.5809170000000003 -2.402507 5.919613 5.9196729999999995 6.992183 8.829203 10.647233 10.647313 23.788892999999998
70 -2.5803770000000004 -2.438917 6.130033 6.130093 7.037953 8.896953 10.368903000000001 10.368983 23.606123
71 -2.578027 -2.470527 6.338373 6.338433 7.077872999999999 8.952783 10.101773000000001 10.101853 23.434493
72 -2.5744670000000003 -2.497307 6.541543 6.541593 7.1118429999999995 8.997363 9.848913000000001 9.848983 23.279132999999998
73 -2.570347 -2.519247 6.7346829999999995 6.734732999999999 7.139762999999999 9.031643 9.615153000000001 9.615213 23.144803
74 -2.566317 -2.536327 6.910093 6.910143 7.161553 9.056703 9.408163 9.408223000000001 23.035683
75 -2.562957 -2.548537 7.055833 7.055883 7.177163 9.073623000000001 9.239873000000001 9.239953 22.955202999999997
76 -2.560737 -2.555867 7.155273 7.155323 7.186553 9.083193000000001 9.126923000000001 9.127173 22.905873
77 -2.5599570000000003 -2.558307 7.189643 7.191073 7.191153 9.083283000000002 9.086623000000001 9.089953000000001 22.889253
78 -2.559727 -2.556897 7.1511629999999995 7.155583 7.191113 9.090283000000001 9.118973 9.127303000000001 22.905732999999998
79 -2.559447 -2.5521770000000004 7.042223 7.055943 7.193263 9.101373 9.211873 9.237563000000002 22.954992999999998
80 -2.5589470000000003 -2.544187 6.882103 6.9079429999999995 7.196853 9.119033 9.347913 9.400763000000001 23.036423
81 -2.557837 -2.533077 6.688393 6.727283 7.201873 9.142403000000002 9.511663 9.598923000000001 23.149053
82 -2.555717 -2.5189470000000003 6.473603 6.525913 7.208293 9.170253 9.691253000000001 9.819473 23.291453
83 -2.552117 -2.501957 6.245723 6.311933 7.2161029999999995 9.201133 9.878623000000001 10.054403 23.461752999999998
84 -2.546517 -2.4822770000000003 6.0098329999999995 6.090813 7.225273 9.233433000000002 10.068413000000001 10.298623000000001 23.657653
85 -2.5384070000000003 -2.4601170000000003 5.769193 5.866283 7.235783 9.265473 10.257123 10.548893000000001 23.876343
86 -2.527267 -2.435727 5.525983 5.641013 7.247593 9.295603000000002 10.442383000000001 10.803003 24.114563
87 -2.5126370000000002 -2.409387 5.281743 5.416983 7.260663 9.322213000000001 10.622663000000001 11.059413000000001 24.368613
88 -2.494087 -2.381457 5.037603 5.1957629999999995 7.274963 9.343833 10.796973000000001 11.316993 24.634332999999998
89 -2.471217 -2.352307 4.794393 4.978632999999999 7.290443 9.359153000000001 10.964733 11.574893000000001 24.907242999999998
90 -2.443727 -2.322397 4.552803 4.766713 7.307053 9.367033000000001 11.125663000000001 11.832403000000001 25.182533
91 -2.411357 -2.292217 4.313383 4.561003 7.324743 9.366563000000001 11.279713000000001 12.088953 25.455192999999998
92 -2.373907 -2.262337 4.076603 4.3624730000000005 7.343453 9.357003 11.426973 12.344053 25.720073
93 -2.331227 -2.2333670000000003 3.842853 4.172023 7.3631329999999995 9.337813 11.567673000000001 12.597253 25.972023
94 -2.283227 -2.2059870000000004 3.612513 3.990573 7.383713 9.308653000000001 11.702103000000001 12.848153 26.206003
95 -2.229877 -2.180947 3.385913 3.819063 7.405123 9.269353 11.830603 13.096373000000002 26.417143
96 -2.171157 -2.158987 3.1633229999999997 3.658393 7.427303 9.219853 11.953553000000001 13.341553000000001 26.600922999999998
97 -2.141017 -2.107047 2.9450529999999997 3.509503 7.4501729999999995 9.160283000000002 12.071313 13.583343000000001 26.753203
98 -2.1277470000000003 -2.037687 2.731333 3.373283 7.473673 9.090823 12.184253 13.821413000000002 26.870373
99 -2.1200170000000003 -1.963117 2.522433 3.250603 7.497713 9.011773000000002 12.292703000000001 14.055413000000001 26.949362999999998
100 -2.118557 -1.8834470000000003 2.318553 3.1422429999999997 7.522213 8.923523000000001 12.396983 14.285013000000001 26.987743
101 -2.1240270000000003 -1.798807 2.119933 3.048863 7.547103 8.826503 12.497373000000001 14.509883 26.983703
102 -2.136927 -1.709327 1.9267729999999998 2.970983 7.572293 8.721173 12.594123000000002 14.729683000000001 26.936142999999998
103 -2.1575870000000004 -1.615167 1.739263 2.9089129999999996 7.597703 8.608053 12.687443 14.944073000000001 26.844603
104 -2.186137 -1.5164970000000002 1.557593 2.862733 7.6232429999999995 8.487683 12.777503000000001 15.152733000000001 26.709273
105 -2.222477 -1.413497 1.381933 2.832303 7.648833 8.360613 12.864463 15.355313 26.530953
106 -2.2663070000000003 -1.3063770000000003 1.212453 2.8172129999999997 7.674383 8.227403 12.948443000000001 15.551493 26.311023
107 -2.317097 -1.1953370000000003 1.0493029999999999 2.816863 7.699803 8.088623 13.029503 15.740933 26.051382999999998
108 -2.3741670000000004 -1.080607 0.892613 2.830403 7.725013 7.944853 13.107733000000001 15.923323 25.754393
109 -2.436697 -0.962427 0.742533 2.856863 7.749913 7.796663 13.183153 16.098333 25.422873
110 -2.5037570000000002 -0.8410670000000001 0.5991629999999999 2.895133 7.644633 7.774433 13.255793 16.265693 25.059963
111 -2.574377 -0.7168070000000001 0.46261299999999994 2.944023 7.489363 7.798483 13.325653 16.425103 24.669143
112 -2.647587 -0.589967 0.33297299999999996 3.002283 7.331433 7.821973 13.392703000000001 16.576323 24.254203
113 -2.722407 -0.460897 0.21031299999999997 3.068673 7.171463 7.844823 13.456933000000001 16.719123 23.819122999999998
114 -2.797917 -0.32995699999999994 0.09467300000000001 3.1419129999999997 7.010073 7.866953 13.518293 16.853313 23.368112999999997
115 -2.873227 -0.19759700000000013 -0.013886999999999983 3.220773 6.847913 7.888293 13.576753 16.978752999999998 22.905573
116 -2.947517 -0.11534700000000009 -0.06429700000000005 3.304003 6.685693 7.908753 13.632263 17.095333 22.436062999999997
117 -3.020067 -0.2097270000000001 0.06940299999999999 3.390393 6.524133 7.928263 13.684753 17.203013 21.964223
118 -3.090177 -0.29702700000000004 0.20286300000000002 3.4787429999999997 6.364053 7.946753 13.734183000000002 17.301793 21.494873
119 -3.1572370000000003 -0.3772970000000001 0.33536299999999997 3.567853 6.206323 7.964163 13.780493 17.391742999999998 21.032823
120 -3.2207170000000005 -0.4505770000000001 0.466043 3.656513 6.051943 7.980423 13.823623000000001 17.472973 20.583033
121 -3.280137 -0.5169670000000001 0.5939429999999999 3.7435229999999997 5.902013 7.995483 13.863503000000001 17.545662999999998 20.150373
122 -3.3350470000000003 -0.576537 0.7178829999999999 3.827633 5.757813 8.009273 13.900073 17.610053 19.739803
123 -3.3851070000000005 -0.6294069999999999 0.836553 3.907613 5.620773 8.021753 13.933263 17.666403 19.356102999999997
124 -3.429977 -0.6756670000000001 0.948383 3.9822029999999997 5.492533 8.032873 13.962993 17.715033 19.004033
125 -3.469397 -0.715447 1.051613 4.050133 5.374923 8.042603 13.989163000000001 17.756252999999997 18.688063
126 -3.5031170000000005 -0.7488670000000001 1.144283 4.110193 5.269983 8.050893 14.011673 17.790402999999998 18.412453
127 -3.5309670000000004 -0.776037 1.224283 4.161213 5.179883 8.057723000000001 14.030383 17.817783 18.181082999999997
128 -3.552777 -0.797047 1.289443 4.202133 5.106813 8.063053 14.045153 17.838593 17.997443
129 -3.568447 -0.8119870000000001 1.337743 4.2320530000000005 5.052843 8.066873000000001 14.055843000000001 17.849753 17.867653
130 -3.577877 -0.8209270000000001 1.367483 4.250293 5.019683 8.069183 14.062313000000001 17.782033 17.863243
131 -3.5810269999999997 -0.8239070000000001 1.3775330000000001 4.256433 5.008503 8.069943 14.064483000000001 17.755083 17.865983
132 -3.580767 -0.822407 1.3715229999999998 4.256573 5.007353 8.056453 14.079483000000002 17.770763 17.888443
133 -3.5800470000000004 -0.817937 1.353683 4.256953 5.003943 8.016323 14.124423 17.817773 17.955523
134 -3.5789470000000003 -0.810477 1.324513 4.257393 4.998313 7.950613 14.199203 17.896162999999998 18.066292999999998
135 -3.577667 -0.800067 1.284833 4.257633 4.990553 7.860952999999999 14.303653 18.006003 18.219293
136 -3.576447 -0.7867370000000001 1.235743 4.257343 4.980773 7.749403 14.437523 18.147433 18.412643
137 -3.5756170000000003 -0.7704970000000001 1.1785329999999998 4.256183 4.969143 7.618342999999999 14.600553000000001 18.320632999999997 18.644263
138 -3.575557 -0.751407 1.114643 4.253813 4.9558029999999995 7.470193 14.792493 18.525862999999998 18.912022999999998
139 -3.5767569999999997 -0.7295170000000001 1.045663 4.249943 4.940963 7.307443 15.013053000000001 18.763382999999997 19.213822999999998
140 -3.579727 -0.704867 0.9732029999999999 4.2443230000000005 4.924793 7.132442999999999 15.261993 19.033533 19.547743
141 -3.585077 -0.677537 0.8989229999999999 4.2367930000000005 4.907533 6.947423 15.539123 19.336662999999998 19.912043
142 -3.5934470000000003 -0.647587 0.824473 4.227253 4.889353 6.754363 15.844353 19.673213 20.305312999999998
143 -3.605537 -0.615107 0.7514529999999999 4.215683 4.870493 6.555083 16.177643 20.043602999999997 20.726343
144 -3.622027 -0.580167 0.681403 4.202143 4.851133 6.351203 16.539083 20.448323 21.174183
145 -3.643637 -0.5428769999999999 0.6157729999999999 4.186743 4.831473 6.144133 16.928832999999997 20.887822999999997 21.648103
146 -3.6710070000000004 -0.503327 0.5558529999999999 4.169673 4.811683 5.935112999999999 17.347262999999998 21.362683 22.147713
147 -3.704727 -0.4616270000000001 0.5027929999999999 4.151133 4.791933 5.725213 17.794802999999998 21.873352999999998 22.672693
148 -3.7452870000000003 -0.4178970000000001 0.457543 4.131413 4.7723830000000005 5.515413 18.272043 22.420313 23.222963
149 -3.7930270000000004 -0.37225699999999995 0.42082299999999995 4.110813 4.753153 5.306522999999999 18.779673 23.004002999999997 23.798583
150 -3.848127 -0.324847 0.39311299999999993 4.089653 4.7343530000000005 5.099273 19.318523 23.624753 24.399722999999998
151 -3.910627 -0.27579699999999996 0.374623 4.068313 4.716103 4.894273 19.889592999999998 24.282913 25.026743
152 -3.9803370000000005 -0.22524700000000009 0.365343 4.047163 4.692093 4.698473 20.493913 24.978593 25.679983
153 -4.056957000000001 -0.1733570000000001 0.36499299999999996 4.026603 4.493223 4.681523 21.132642999999998 25.711833 26.359873
154 -4.1399870000000005 -0.12028700000000003 0.373113 4.007043 4.2980730000000005 4.665313 21.806953 26.482383 27.066813
155 -4.2288570000000005 -0.066187 0.38903299999999996 3.988883 4.107023 4.649873 22.518162999999998 27.289973 27.801333
156 -4.3228670000000005 -0.011237000000000053 0.41195299999999996 3.9203829999999997 3.972563 4.635243 23.267533 28.133893 28.563772999999998
157 -4.421257 0.04438299999999995 0.44097299999999995 3.738463 3.958453 4.621423 24.056272999999997 29.013223 29.354443
158 -4.523237 0.10049299999999994 0.475093 3.561533 3.946983 4.608423 24.885533 29.926623 30.173513
159 -4.628007 0.15691299999999997 0.5133129999999999 3.389783 3.938523 4.596233 25.756442999999997 30.872483 31.021162999999998
160 -4.734757 0.213453 0.554613 3.223433 3.9333929999999997 4.584843 26.669833 31.847723 31.898163
161 -4.842697 0.2699229999999999 0.597973 3.0626629999999997 3.9319129999999998 4.574233 27.626343 32.797333 32.856533
162 -4.951037 0.326113 0.6424329999999999 2.9076329999999997 3.934303 4.564373 28.626243 33.728403 33.885383
163 -5.059067 0.381833 0.687113 2.758463 3.940753 4.555233 29.669583 34.684173 34.937063
164 -5.166057 0.43688299999999997 0.7312029999999999 2.615293 3.9513529999999997 4.546803 30.755753 35.663603 36.006913
165 -5.271357 0.491073 0.773983 2.478233 3.966083 4.539023 31.883643 36.664543 37.090472999999996
166 -5.374337000000001 0.544183 0.8148829999999999 2.3473829999999998 3.9848529999999998 4.531873 33.051373 37.684103 38.182812999999996
167 -5.474427 0.596023 0.853413 2.222813 4.007453 4.525323 34.256473 38.718883 39.278703
168 -5.571087 0.646403 0.8892329999999999 2.104623 4.033583 4.5193330000000005 35.495333 39.764613 40.372282999999996
169 -5.6638470000000005 0.695113 0.922113 1.9928629999999998 4.062833 4.513873 36.763363 40.816273 41.457333
170 -5.752267 0.741973 0.951923 1.887613 4.0947130000000005 4.508903 38.054753 41.868123 42.527253
171 -5.835967 0.786793 0.978653 1.788923 4.128653 4.504393 39.362252999999995 42.913503 43.575053
172 -5.914627 0.8293929999999999 1.002343 1.6968329999999998 4.164043 4.500323 40.677363 43.945192999999996 44.593693
173 -5.987977 0.869603 1.023143 1.611393 4.200223 4.496663 41.989782999999996 44.955053 45.575783
174 -6.0557870000000005 0.907253 1.041193 1.5326529999999998 4.236533 4.493383 43.287583 45.934353 46.513953
175 -6.117877 0.942193 1.0567229999999999 1.460643 4.272283 4.490463 44.557123 46.873753 47.400773
176 -6.1741470000000005 0.974273 1.069933 1.3953829999999998 4.306843 4.487883 45.783353 47.763673 48.229163
177 -6.224487 1.003363 1.0810629999999999 1.336923 4.339573 4.485633 46.949602999999996 48.594183 48.992123
178 -6.268867 1.029333 1.0903129999999999 1.285283 4.369903 4.4836730000000005 48.038202999999996 49.355363 49.683123
179 -6.307257 1.052073 1.097903 1.240483 4.397293 4.482013 49.030792999999996 50.037483 50.296172999999996
180 -6.339677 1.071473 1.103993 1.202543 4.421293 4.4806230000000005 49.909133 50.631333 50.826113
181 -6.366137 1.087473 1.108763 1.171473 4.441483 4.479513 50.655443 51.128133 51.268713
182 -6.386677 1.099983 1.112333 1.147303 4.457523 4.478673 51.253123 51.520092999999996 51.621183
183 -6.401317000000001 1.108953 1.114803 1.130033 4.469113 4.478133 51.685933 51.802613 51.881662999999996
184 -6.410087 1.114293 1.116273 1.119713 4.4757430000000005 4.478203 51.931413 51.983883 52.047513
185 -6.413017 1.115543 1.116773 1.116793 4.476913 4.479283 51.999283 52.053872999999996 52.108373
186 -6.410407 1.114823 1.1155629999999999 1.1197629999999998 4.475913 4.478273 51.925333 51.997983 52.060902999999996
187 -6.402577 1.1112229999999998 1.1119029999999999 1.130163 4.472923 4.475283 51.686983 51.849323 51.918663
188 -6.389507 1.1050929999999999 1.105753 1.1476229999999998 4.467993 4.470363 51.288323 51.611433 51.682273
189 -6.371177 1.096413 1.097083 1.172143 4.461233 4.463603 50.743593 51.282002999999996 51.352703
190 -6.347557 1.085133 1.085793 1.203793 4.452773 4.455133 50.067952999999996 50.861672999999996 50.931503
191 -6.318617 1.071133 1.071793 1.2426629999999999 4.442773 4.445123 49.277963 50.352112999999996 50.420623
192 -6.284327 1.054323 1.054973 1.2888229999999998 4.431423 4.433773 48.391343 49.755933 49.822753
193 -6.244677 1.034553 1.035213 1.342393 4.418953 4.421293 47.425723 49.076273 49.141103
194 -6.199657 1.011703 1.012363 1.403443 4.405613 4.407953 46.398303 48.317223 48.379793
195 -6.149287 0.9856229999999999 0.986283 1.472073 4.391663 4.393993 45.324843 47.483503 47.543552999999996
196 -6.093597 0.956163 0.956823 1.548363 4.377383 4.379713 44.219393 46.580613 46.637923
197 -6.032637 0.923183 0.923843 1.632363 4.363073 4.365393 43.094373 45.615063 45.669433
198 -5.966487 0.886533 0.887193 1.724133 4.349033 4.351333 41.959942999999996 44.593823 44.645073
199 -5.8952670000000005 0.846113 0.846783 1.823703 4.335533 4.337833 40.824773 43.524873 43.572843
200 -5.819077 0.8018029999999999 0.802483 1.9310930000000002 4.322873 4.325163 39.695443 42.416433 42.460993
201 -5.738097 0.753543 0.7542329999999999 2.046293 4.311323 4.313593 38.577422999999996 41.277483 41.318553
202 -5.652477 0.701303 0.7020029999999999 2.169283 4.301133 4.303393 37.474562999999996 40.116932999999996 40.154453
203 -5.562417 0.645083 0.6458029999999999 2.300013 4.292533 4.294783 36.389983 38.944103 38.978043
204 -5.468127 0.584943 0.585693 2.438413 4.285723 4.287953 35.325742999999996 37.767922999999996 37.798293
205 -5.369797 0.520983 0.521763 2.5844329999999998 4.280863 4.283083 34.283212999999996 36.597013 36.623843
206 -5.267697 0.45337299999999997 0.45418299999999995 2.737943 4.278093 4.280303 33.263533 35.439723 35.463083
207 -5.1620170000000005 0.38231299999999996 0.383173 2.898853 4.277523 4.279713 32.267143 34.303383 34.323353
208 -5.053047 0.30811299999999997 0.3090029999999999 3.0670029999999997 4.279203 4.281383 31.294532999999998 33.194863 33.211573
209 -4.940997 0.2310629999999999 0.231993 3.242273 4.283183 4.285343 30.345703 32.119783 32.133373
210 -4.826137 0.15155299999999994 0.15253299999999992 3.424473 4.289443 4.291603 29.420793 31.083123 31.093763
211 -4.708707 0.07000299999999993 0.07102299999999995 3.613453 4.297963 4.300113 28.519623 30.088583 30.096432999999998
212 -4.588967 -0.013137000000000065 -0.01206700000000005 3.8089929999999996 4.308683 4.310823 27.642183 29.139132999999998 29.144403
213 -4.467147 -0.09739700000000007 -0.09627700000000006 4.010913 4.321523 4.323653 26.788263 28.236632999999998 28.239513
214 -4.343497 -0.18227700000000013 -0.18112700000000015 4.219003 4.336373 4.338493 25.957622999999998 27.382002999999997 27.382813
215 -4.218267 -0.267297 -0.26609700000000014 4.3531130000000005 4.3552230000000005 4.433023 25.150192999999998 26.574443 26.575893
216 -4.091697 -0.3519470000000001 -0.350707 4.371603 4.373703 4.652743 24.365662999999998 25.814213 25.817422999999998
217 -3.964047 -0.435747 -0.4344770000000001 4.391693 4.3937930000000005 4.877903 23.603932999999998 25.101063 25.105873
218 -3.8355370000000004 -0.5182670000000001 -0.516957 4.413233 4.415323 5.108273 22.864683 24.433412999999998 24.439643
219 -3.7064270000000006 -0.599047 -0.5977070000000001 4.436053 4.438143 5.343553 22.147813 23.809533 23.816993
220 -3.576957 -0.677717 -0.676357 4.459993 4.462083 5.583502999999999 21.452993 23.227173 23.235713
221 -3.4473970000000005 -0.753907 -0.752517 4.484883 4.486973 5.827813 20.780092999999997 22.684113 22.693562999999997
222 -3.317997 -0.827317 -0.825897 4.510563 4.512643 6.076213 20.128843 22.177853 22.188073
223 -3.1890169999999998 -0.897657 -0.8962169999999999 4.536853 4.538943 6.328423 19.498973 21.705873 21.716722999999998
224 -3.060747 -0.9647070000000001 -0.963237 4.563613 4.565703 6.584112999999999 18.890352999999998 21.265743 21.277093
225 -2.9334770000000003 -1.028277 -1.0267870000000001 4.590683 4.592773 6.843023 18.302692999999998 20.854953 20.866692999999998
226 -2.807507 -1.088187 -1.086687 4.617913 4.620013 7.1048029999999995 17.735863 20.471193 20.483213
227 -2.683147 -1.1443570000000003 -1.142827 4.645173 4.647273 7.369183 17.189593 20.112133 20.124343
228 -2.560747 -1.196657 -1.1951070000000001 4.672303 4.674413 7.635833 16.663813 19.775672999999998 19.788003
229 -2.4406470000000002 -1.245057 -1.243497 4.699213 4.701323 7.904463 16.158293 19.459763 19.472123
230 -2.323227 -1.289527 -1.2879370000000003 4.725763 4.727883 8.174743 15.673003000000001 19.162573 19.174913
231 -2.208857 -1.3300370000000004 -1.328437 4.751853 4.753983 8.446403 15.207753 18.882323 18.894582999999997
232 -2.097957 -1.3666170000000002 -1.3649970000000002 4.777373 4.779513 8.719113 14.762583000000001 18.617473 18.629603
233 -1.9909470000000002 -1.3992970000000002 -1.3976670000000002 4.802243 4.804393 8.992583000000002 14.337403 18.366533 18.378493
234 -1.8882670000000004 -1.4281270000000004 -1.4264770000000002 4.826363 4.828533 9.266563000000001 13.932193000000002 18.128173 18.139933
235 -1.7903670000000003 -1.453157 -1.4514970000000003 4.849683 4.851863 9.540723000000002 13.547043 17.901232999999998 17.912762999999998
236 -1.6977170000000004 -1.4744870000000003 -1.472817 4.872113 4.874303 9.814833 13.181943 17.684593 17.695883
237 -1.6107970000000003 -1.492187 -1.490497 4.893603 4.895803 10.088583 12.837033 17.477342999999998 17.488363
238 -1.5300470000000002 -1.506357 -1.504667 4.914093 4.916313 10.361783 12.512333 17.278582999999998 17.289313
239 -1.5171170000000003 -1.5154070000000002 -1.455927 4.933543 4.935773 10.634123 12.207993 17.087563 17.098012999999998
240 -1.5245670000000002 -1.5228570000000001 -1.388897 4.951903 4.954153 10.905433 11.924063 16.903592999999997 16.913743
241 -1.5288470000000003 -1.5271270000000001 -1.3293470000000003 4.9691529999999995 4.971423 11.175383 11.660693 16.726083 16.735933
242 -1.5300770000000004 -1.5283570000000002 -1.277647 4.985263 4.987543 11.414683 11.447063 16.554523 16.564063
243 -1.528407 -1.5266870000000003 -1.2340970000000002 5.000203 5.002503 11.195003000000002 11.711263 16.388413 16.397653
244 -1.5239770000000004 -1.5222470000000001 -1.198957 5.0139629999999995 5.016273 10.993143 11.976293 16.227403 16.236343
245 -1.516937 -1.5152170000000003 -1.172367 5.026523 5.028853 10.811543 12.239403000000001 16.071123 16.079763
246 -1.507447 -1.5057270000000003 -1.154407 5.037883 5.040223 10.650053000000002 12.500353 15.919303000000001 15.927643000000002
247 -1.495667 -1.493957 -1.1450470000000004 5.048023 5.050373 10.508353000000001 12.759043 15.771663 15.779713000000001
248 -1.4817770000000001 -1.480077 -1.1441470000000002 5.056953 5.0593129999999995 10.386063 13.015303000000001 15.628043 15.635803000000001
249 -1.4659370000000003 -1.4642570000000004 -1.151447 5.064673 5.067043 10.282623000000001 13.269033 15.488243 15.495713
250 -1.448337 -1.4466670000000001 -1.166607 5.071173 5.0735529999999995 10.197443000000002 13.520083000000001 15.352143 15.359343
251 -1.429147 -1.4274970000000002 -1.1891470000000002 5.076473 5.078863 10.129793000000001 13.768343000000002 15.219633 15.226563
252 -1.4085670000000001 -1.406937 -1.2185270000000004 5.080563 5.0829629999999995 10.078833000000001 14.013723 15.090633 15.097293
253 -1.3867770000000004 -1.3851870000000002 -1.2540970000000002 5.083473 5.085883 10.043673 14.256063000000001 14.965093000000001 14.971493
254 -1.3639870000000003 -1.3624170000000002 -1.295137 5.085203 5.087613 10.023343 14.495263000000001 14.842983 14.849123
255 -1.3414270000000004 -1.3398470000000002 -1.3388270000000002 5.085773 5.088183 10.016803000000001 14.724263 14.728853 14.732523
