1 0.2026 0.6676 0.6676 2.4846 4.2096
2 0.2006 0.6646 0.6706 2.4866 4.2066
3 0.1956 0.6566 0.6776 2.4926 4.1986
4 0.1876 0.6426 0.6896 2.5016 4.1846
5 0.1776 0.6236 0.7056 2.5126 4.1666
6 0.1656 0.5996 0.7246 2.5276 4.1436
7 0.1516 0.5716 0.7476 2.5436 4.1176
8 0.1366 0.5396 0.7736 2.5616 4.0886
9 0.1216 0.5036 0.8016 2.5806 4.0576
10 0.1056 0.4656 0.8316 2.6006 4.0256
11 0.0886 0.4236 0.8626 2.6186 3.9946
12 0.0726 0.3796 0.8966 2.6366 3.9636
13 0.0556 0.3336 0.9306 2.6526 3.9346
14 0.0396 0.2866 0.9666 2.6666 3.9076
15 0.0236 0.2386 1.0036 2.6776 3.8836
16 0.0076 0.1886 1.0416 2.6856 3.8636
17 -0.0074 0.1386 1.0806 2.6906 3.8476
18 -0.0224 0.0886 1.1206 2.6906 3.8346
19 -0.0364 0.0376 1.1606 2.6876 3.8256
20 -0.0504 -0.0134 1.2016 2.6816 3.8206
21 -0.0644 -0.0634 1.2426 2.6716 3.8196
22 -0.1134 -0.0764 1.2846 2.6576 3.8206
23 -0.1634 -0.0894 1.3266 2.6426 3.8246
24 -0.2124 -0.1014 1.3686 2.6236 3.8306
25 -0.2604 -0.1124 1.4106 2.6036 3.8396
26 -0.3074 -0.1234 1.4536 2.5826 3.8486
27 -0.3534 -0.1334 1.4956 2.5596 3.8586
28 -0.3984 -0.1434 1.5376 2.5366 3.8696
29 -0.4424 -0.1524 1.5796 2.5126 3.8806
30 -0.4854 -0.1614 1.6216 2.4886 3.8926
31 -0.5264 -0.1694 1.6626 2.4646 3.9036
32 -0.5664 -0.1774 1.7026 2.4406 3.9146
33 -0.6044 -0.1844 1.7416 2.4166 3.9246
34 -0.6404 -0.1914 1.7806 2.3946 3.9346
35 -0.6754 -0.1974 1.8186 2.3726 3.9436
36 -0.7084 -0.2034 1.8546 2.3516 3.9526
37 -0.7404 -0.2094 1.8896 2.3306 3.9606
38 -0.7694 -0.2144 1.9236 2.3116 3.9686
39 -0.7974 -0.2194 1.9556 2.2936 3.9756
40 -0.8234 -0.2234 1.9866 2.2766 3.9816
41 -0.8474 -0.2274 2.0146 2.2606 3.9876
42 -0.8694 -0.2314 2.0416 2.2466 3.9926
43 -0.8894 -0.2344 2.0656 2.2326 3.9976
44 -0.9064 -0.2374 2.0886 2.2216 4.0016
45 -0.9224 -0.2394 2.1086 2.2106 4.0046
46 -0.9364 -0.2414 2.1256 2.2016 4.0076
47 -0.9484 -0.2434 2.1406 2.1936 4.0096
48 -0.9574 -0.2454 2.1536 2.1876 4.0126
49 -0.9654 -0.2464 2.1626 2.1826 4.0136
50 -0.9704 -0.2464 2.1696 2.1786 4.0156
51 -0.9734 -0.2474 2.1746 2.1766 4.0156
52 -0.9744 -0.2474 2.1756 2.1756 4.0156
53 -0.9834 -0.2394 2.1756 2.1756 4.0146
54 -1.0084 -0.2164 2.1766 2.1766 4.0106
55 -1.0474 -0.1814 2.1786 2.1786 4.0056
56 -1.0964 -0.1374 2.1816 2.1816 3.9976
57 -1.1524 -0.0874 2.1846 2.1846 3.9876
58 -1.2154 -0.0324 2.1886 2.1886 3.9756
59 -1.2824 0.0256 2.1926 2.1926 3.9606
60 -1.3514 0.0846 2.1976 2.1976 3.9446
61 -1.4234 0.1456 2.2036 2.2036 3.9266
62 -1.4964 0.2066 2.2096 2.2096 3.9076
63 -1.5714 0.2676 2.2166 2.2166 3.8866
64 -1.6464 0.3276 2.2246 2.2246 3.8636
65 -1.7224 0.3886 2.2326 2.2326 3.8396
66 -1.7984 0.4486 2.2406 2.2406 3.8146
67 -1.8744 0.5076 2.2496 2.2496 3.7886
68 -1.9504 0.5656 2.2596 2.2596 3.7616
69 -2.0264 0.6236 2.2696 2.2696 3.7336
70 -2.1014 0.6806 2.2796 2.2796 3.7056
71 -2.1764 0.7366 2.2896 2.2896 3.6766
72 -2.2504 0.7916 2.3006 2.3006 3.6476
73 -2.3234 0.8466 2.3116 2.3116 3.6186
74 -2.3964 0.8996 2.3226 2.3226 3.5896
75 -2.4674 0.9526 2.3336 2.3336 3.5606
76 -2.5384 1.0046 2.3446 2.3446 3.5326
77 -2.6084 1.0556 2.3556 2.3556 3.5046
78 -2.6774 1.1066 2.3656 2.3656 3.4766
79 -2.7444 1.1566 2.3756 2.3756 3.4506
80 -2.8104 1.2056 2.3856 2.3856 3.4246
81 -2.8754 1.2536 2.3956 2.3956 3.4006
82 -2.9394 1.3016 2.4036 2.4036 3.3766
83 -3.0014 1.3486 2.4116 2.4116 3.3556
84 -3.0624 1.3946 2.4186 2.4186 3.3346
85 -3.1214 1.4406 2.4246 2.4246 3.3166
86 -3.1794 1.4856 2.4296 2.4296 3.2996
87 -3.2354 1.5296 2.4326 2.4326 3.2846
88 -3.2904 1.5726 2.4356 2.4356 3.2716
89 -3.3434 1.6156 2.4366 2.4366 3.2606
90 -3.3944 1.6576 2.4366 2.4366 3.2516
91 -3.4444 1.6986 2.4346 2.4346 3.2436
92 -3.4924 1.7386 2.4326 2.4326 3.2386
93 -3.5384 1.7786 2.4286 2.4286 3.2356
94 -3.5824 1.8166 2.4236 2.4236 3.2336
95 -3.6254 1.8546 2.4176 2.4176 3.2336
96 -3.6664 1.8906 2.4116 2.4116 3.2346
97 -3.7054 1.9266 2.4036 2.4036 3.2366
98 -3.7424 1.9606 2.3966 2.3966 3.2406
99 -3.7774 1.9936 2.3886 2.3886 3.2446
100 -3.8104 2.0256 2.3796 2.3796 3.2496
101 -3.8414 2.0556 2.3716 2.3716 3.2556
102 -3.8714 2.0846 2.3626 2.3626 3.2616
103 -3.8984 2.1116 2.3546 2.3546 3.2676
104 -3.9234 2.1376 2.3466 2.3466 3.2746
105 -3.9474 2.1606 2.3386 2.3386 3.2806
106 -3.9684 2.1836 2.3316 2.3316 3.2866
107 -3.9884 2.2036 2.3246 2.3246 3.2926
108 -4.0054 2.2216 2.3186 2.3186 3.2976
109 -4.0214 2.2386 2.3126 2.3126 3.3026
110 -4.0344 2.2526 2.3076 2.3076 3.3076
111 -4.0454 2.2646 2.3036 2.3036 3.3116
112 -4.0544 2.2756 2.2996 2.2996 3.3146
113 -4.0624 2.2826 2.2966 2.2966 3.3176
114 -4.0674 2.2886 2.2946 2.2946 3.3196
115 -4.0704 2.2916 2.2936 2.2936 3.3206
116 -4.0714 2.2936 2.2936 2.2936 3.3206
117 -4.0704 2.2926 2.2936 2.2936 3.3196
118 -4.0674 2.2886 2.2946 2.2946 3.3176
119 -4.0624 2.2836 2.2966 2.2966 3.3126
120 -4.0544 2.2756 2.2996 2.2996 3.3046
121 -4.0454 2.2656 2.3026 2.3026 3.2946
122 -4.0344 2.2546 2.3076 2.3076 3.2836
123 -4.0214 2.2406 2.3126 2.3126 3.2706
124 -4.0054 2.2246 2.3186 2.3186 3.2546
125 -3.9884 2.2066 2.3246 2.3246 3.2376
126 -3.9694 2.1876 2.3326 2.3326 3.2186
127 -3.9474 2.1666 2.3406 2.3406 3.1976
128 -3.9244 2.1436 2.3496 2.3496 3.1736
129 -3.8984 2.1186 2.3596 2.3596 3.1496
130 -3.8714 2.0936 2.3706 2.3706 3.1226
131 -3.8424 2.0656 2.3816 2.3816 3.0936
132 -3.8104 2.0376 2.3936 2.3936 3.0636
133 -3.7774 2.0076 2.4076 2.4076 3.0316
134 -3.7424 1.9776 2.4216 2.4216 2.9986
135 -3.7054 1.9456 2.4356 2.4356 2.9636
136 -3.6664 1.9136 2.4516 2.4516 2.9276
137 -3.6254 1.8796 2.4686 2.4686 2.8896
138 -3.5834 1.8466 2.4856 2.4856 2.8506
139 -3.5384 1.8116 2.5036 2.5036 2.8106
140 -3.4924 1.7766 2.5236 2.5236 2.7686
141 -3.4444 1.7416 2.5436 2.5436 2.7266
142 -3.3944 1.7056 2.5646 2.5646 2.6836
143 -3.3424 1.6696 2.5866 2.5866 2.6386
144 -3.2894 1.6336 2.5936 2.6086 2.6086
145 -3.2344 1.5976 2.5486 2.6326 2.6326
146 -3.1784 1.5606 2.5016 2.6576 2.6576
147 -3.1204 1.5246 2.4546 2.6826 2.6826
148 -3.0604 1.4886 2.4076 2.7096 2.7096
149 -2.9994 1.4526 2.3606 2.7366 2.7366
150 -2.9364 1.4176 2.3126 2.7646 2.7646
151 -2.8724 1.3816 2.2646 2.7936 2.7936
152 -2.8064 1.3466 2.2156 2.8246 2.8246
153 -2.7404 1.3126 2.1676 2.8556 2.8556
154 -2.6724 1.2786 2.1196 2.8876 2.8876
155 -2.6024 1.2446 2.0716 2.9206 2.9206
156 -2.5324 1.2116 2.0236 2.9536 2.9536
157 -2.4604 1.1786 1.9766 2.9886 2.9886
158 -2.3884 1.1466 1.9286 3.0246 3.0246
159 -2.3144 1.1156 1.8816 3.0606 3.0606
160 -2.2404 1.0856 1.8356 3.0986 3.0986
161 -2.1654 1.0556 1.7896 3.1366 3.1366
162 -2.0894 1.0266 1.7436 3.1756 3.1756
163 -2.0124 0.9976 1.6996 3.2156 3.2156
164 -1.9354 0.9706 1.6546 3.2566 3.2566
165 -1.8584 0.9436 1.6116 3.2976 3.2976
166 -1.7804 0.9186 1.5676 3.3396 3.3396
167 -1.7024 0.8936 1.5256 3.3826 3.3826
168 -1.6254 0.8696 1.4846 3.4266 3.4266
169 -1.5474 0.8466 1.4436 3.4706 3.4706
170 -1.4704 0.8246 1.4026 3.5146 3.5146
171 -1.3934 0.8036 1.3636 3.5596 3.5596
172 -1.3174 0.7826 1.3246 3.6056 3.6056
173 -1.2424 0.7636 1.2876 3.6506 3.6506
174 -1.1684 0.7456 1.2506 3.6966 3.6966
175 -1.0954 0.7286 1.2146 3.7416 3.7416
176 -1.0244 0.7126 1.1786 3.7866 3.7866
177 -0.9554 0.6976 1.1446 3.8316 3.8316
178 -0.8894 0.6836 1.1116 3.8756 3.8756
179 -0.8254 0.6716 1.0796 3.9196 3.9196
180 -0.7634 0.6596 1.0496 3.9606 3.9636
181 -0.7064 0.6486 1.0196 3.9706 4.0016
182 -0.6524 0.6396 0.9926 3.9766 4.0396
183 -0.6024 0.6306 0.9676 3.9816 4.0746
184 -0.5584 0.6236 0.9436 3.9856 4.1076
185 -0.5194 0.6176 0.9236 3.9896 4.1366
186 -0.4864 0.6126 0.9056 3.9926 4.1606
187 -0.4604 0.6086 0.8916 3.9946 4.1806
188 -0.4414 0.6056 0.8816 3.9966 4.1956
189 -0.4294 0.6036 0.8746 3.9976 4.2046
190 -0.4254 0.6036 0.8726 3.9976 4.2076
191 -0.4244 0.6036 0.8726 3.9956 4.2076
192 -0.4224 0.6036 0.8716 3.9876 4.2076
193 -0.4184 0.6036 0.8706 3.9756 4.2076
194 -0.4124 0.6036 0.8686 3.9586 4.2076
195 -0.4044 0.6036 0.8656 3.9366 4.2076
196 -0.3954 0.6036 0.8626 3.9096 4.2076
197 -0.3854 0.6036 0.8596 3.8776 4.2076
198 -0.3734 0.6036 0.8556 3.8416 4.2076
199 -0.3594 0.6036 0.8516 3.8016 4.2076
200 -0.3444 0.6046 0.8466 3.7566 4.2076
201 -0.3274 0.6046 0.8416 3.7086 4.2076
202 -0.3104 0.6056 0.8356 3.6566 4.2076
203 -0.2904 0.6056 0.8296 3.6026 4.2076
204 -0.2704 0.6066 0.8236 3.5446 4.2076
205 -0.2484 0.6066 0.8176 3.4856 4.2076
206 -0.2254 0.6076 0.8106 3.4246 4.2076
207 -0.2024 0.6086 0.8036 3.3616 4.2086
208 -0.1774 0.6096 0.7966 3.2986 4.2086
209 -0.1524 0.6106 0.7896 3.2346 4.2086
210 -0.1264 0.6126 0.7826 3.1716 4.2086
211 -0.0994 0.6136 0.7756 3.1086 4.2086
212 -0.0724 0.6156 0.7676 3.0456 4.2086
213 -0.0454 0.6176 0.7606 2.9846 4.2086
214 -0.0194 0.6196 0.7526 2.9256 4.2086
215 0.0076 0.6216 0.7456 2.8686 4.2086
216 0.0336 0.6246 0.7386 2.8136 4.2086
217 0.0586 0.6276 0.7316 2.7616 4.2086
218 0.0826 0.6306 0.7246 2.7126 4.2086
219 0.1056 0.6336 0.7176 2.6676 4.2086
220 0.1266 0.6366 0.7106 2.6276 4.2096
221 0.1456 0.6406 0.7036 2.5906 4.2096
222 0.1616 0.6446 0.6976 2.5596 4.2096
223 0.1756 0.6486 0.6906 2.5326 4.2096
224 0.1876 0.6526 0.6846 2.5126 4.2096
225 0.1956 0.6576 0.6786 2.4976 4.2096
226 0.2006 0.6626 0.6736 2.4886 4.2096
227 0.2026 0.6676 0.6676 2.4846 4.2096
228 0.2006 0.6636 0.6716 2.4876 4.2086
229 0.1976 0.6596 0.6756 2.4936 4.2046
230 0.1916 0.6536 0.6796 2.5036 4.1996
231 0.1846 0.6476 0.6836 2.5176 4.1916
232 0.1766 0.6396 0.6886 2.5356 4.1826
233 0.1676 0.6296 0.6936 2.5566 4.1716
234 0.1586 0.6196 0.6986 2.5806 4.1586
235 0.1486 0.6076 0.7036 2.6076 4.1446
236 0.1396 0.5956 0.7086 2.6366 4.1306
237 0.1296 0.5826 0.7136 2.6676 4.1156
238 0.1196 0.5686 0.7186 2.7006 4.0996
239 0.1106 0.5546 0.7236 2.7356 4.0836
240 0.1016 0.5406 0.7276 2.7716 4.0676
241 0.0926 0.5266 0.7326 2.8076 4.0526
242 0.0836 0.5136 0.7376 2.8446 4.0376
243 0.0766 0.5006 0.7416 2.8816 4.0226
244 0.0686 0.4876 0.7456 2.9176 4.0086
245 0.0616 0.4756 0.7496 2.9546 3.9956
246 0.0556 0.4646 0.7536 2.9896 3.9836
247 0.0496 0.4546 0.7566 3.0226 3.9726
248 0.0446 0.4456 0.7596 3.0546 3.9626
249 0.0396 0.4376 0.7626 3.0836 3.9536
250 0.0366 0.4306 0.7646 3.1096 3.9466
251 0.0336 0.4246 0.7666 3.1326 3.9406
252 0.0306 0.4206 0.7686 3.1506 3.9356
253 0.0286 0.4176 0.7696 3.1646 3.9316
254 0.0276 0.4156 0.7696 3.1726 3.9296
255 0.0276 0.4146 0.7706 3.1756 3.9286
