1 -2.6379159999999997 7.849284000000001 7.849284000000001 8.173244
2 -2.6417960000000003 7.848663999999999 7.851134 8.173844
3 -2.653406 7.846804000000001 7.856664 8.175634
4 -2.672606 7.843764 7.865764 8.178574
5 -2.699236 7.839613999999999 7.878294 8.182574
6 -2.732996 7.834434 7.894054000000001 8.187564
7 -2.773586 7.828334 7.912774000000001 8.193434
8 -2.8206160000000002 7.821424 7.934184 8.200074
9 -2.873646 7.813814000000001 7.957954000000001 8.207374
10 -2.932216 7.805593999999999 7.9837240000000005 8.215254
11 -2.995826 7.796863999999999 8.011154 8.223594
12 -3.0639659999999997 7.787713999999999 8.039854 8.232334
13 -3.136096 7.778224 8.069474 8.241364
14 -3.2116759999999998 7.768464 8.099654 8.250644
15 -3.290196 7.758494000000001 8.130044 8.260104
16 -3.371136 7.748374 8.160334 8.269674
17 -3.453976 7.738163999999999 8.190204 8.279324
18 -3.538246 7.727893999999999 8.219404 8.289004
19 -3.623466 7.717624000000001 8.247684 8.298664
20 -3.709206 7.707374 8.274824 8.308284
21 -3.7950559999999998 7.697184 8.300654 8.317834
22 -3.880636 7.6870840000000005 8.325034 8.327274
23 -3.965566 7.677094 8.336584 8.347834
24 -4.049546 7.667263999999999 8.345744 8.368964
25 -4.132256 7.657594 8.354724 8.388384
26 -4.213426 7.648114 8.363514 8.406054
27 -4.292816 7.638844000000001 8.372084 8.421974
28 -4.370186 7.629804 8.380434 8.436144
29 -4.445346 7.621003999999999 8.388544 8.448624
30 -4.518116 7.612474000000001 8.396394 8.459454
31 -4.588336 7.604224 8.403974 8.468704
32 -4.655866 7.596264 8.411274 8.476474
33 -4.7205960000000005 7.588614 8.418274 8.482844
34 -4.782386 7.581284 8.424984 8.487924
35 -4.841176 7.5742840000000005 8.431374 8.491834
36 -4.896876 7.567624 8.437444 8.494684
37 -4.949416 7.561313999999999 8.443184 8.496594
38 -4.998746 7.5553740000000005 8.448584 8.497684
39 -5.044806 7.549804 8.453644 8.498074
40 -5.087566 7.544604 8.458354 8.497894
41 -5.1269860000000005 7.539804 8.462704 8.497254
42 -5.163046 7.535394 8.466694 8.496254
43 -5.195716 7.531383999999999 8.470324 8.495014
44 -5.224976 7.5277840000000005 8.473584 8.493613999999999
45 -5.250826 7.5245940000000004 8.476464 8.492164
46 -5.273246 7.521813999999999 8.478964 8.490734
47 -5.292226 7.519463999999999 8.481094 8.489404
48 -5.307766 7.5175339999999995 8.482834 8.488224
49 -5.319846 7.516024 8.484184 8.487254
50 -5.328486 7.5149539999999995 8.485154 8.486524
51 -5.333666 7.514303999999999 8.485744 8.486084
52 -5.335396 7.514094 8.485934 8.485934
53 -5.340576 7.517754 8.486104 8.486104
54 -5.356046 7.528703999999999 8.486634 8.486634
55 -5.381636 7.546744 8.487504 8.487504
56 -5.417066 7.571624 8.488714 8.488714
57 -5.461946 7.602944000000001 8.490274 8.490274
58 -5.515816 7.640243999999999 8.492174 8.492174
59 -5.578116 7.682983999999999 8.494404 8.494404
60 -5.648236 7.730574000000001 8.496964 8.496964
61 -5.725526 7.782363999999999 8.499844 8.499844
62 -5.809286 7.837683999999999 8.503044 8.503044
63 -5.898816 7.8958639999999995 8.506544 8.506544
64 -5.993406 7.956224000000001 8.510354 8.510354
65 -6.0923359999999995 8.018094 8.514444 8.514444
66 -6.194916 8.080824 8.518824 8.518824
67 -6.300466 8.143814 8.523464 8.523464
68 -6.408386 8.206494 8.528374 8.528374
69 -6.518036 8.268344 8.533524 8.533524
70 -6.628876 8.328874 8.538904 8.538914
71 -6.740356 8.387654 8.544514 8.544514
72 -6.852016 8.444324 8.550334 8.550334
73 -6.963386 8.498534 8.556334 8.556344
74 -7.0741060000000004 8.550034 8.562524 8.562524
75 -7.183786 8.568884 8.568884 8.598594
76 -7.292116 8.575384 8.575384 8.644024
77 -7.398806 8.582024 8.582024 8.686204
78 -7.503596 8.588774 8.588774 8.725034
79 -7.606306 8.595634 8.595634 8.760474
80 -7.7067060000000005 8.602574 8.602574 8.792504
81 -7.804666 8.609584 8.609584 8.821134
82 -7.900026 8.616644 8.616644 8.846414
83 -7.992686 8.623734 8.623734 8.868414
84 -8.082546 8.630844 8.630844 8.887234
85 -8.169546 8.637954 8.637964 8.902984
86 -8.253626 8.645054 8.645054 8.915804
87 -8.334736 8.652114 8.652114 8.925844
88 -8.412856 8.659124 8.659124 8.933254
89 -8.487956 8.666064 8.666064 8.938214
90 -8.560036 8.672924 8.672924 8.940904
91 -8.629096 8.679674 8.679684 8.941504
92 -8.695146000000001 8.686314 8.686314 8.940204
93 -8.758186 8.692824 8.692824 8.937194
94 -8.818256 8.699174 8.699174 8.932664
95 -8.875356 8.705364 8.705374 8.926804
96 -8.929526 8.711384 8.711384 8.919804
97 -8.980796 8.717194 8.717194 8.911854
98 -9.029186 8.722804 8.722804 8.903124
99 -9.074736 8.728194 8.728194 8.893794
100 -9.117466 8.733344 8.733354 8.884044
101 -9.157426000000001 8.738254 8.738254 8.874014
102 -9.194626 8.742904 8.742904 8.863884
103 -9.229116000000001 8.747284 8.747284 8.853784
104 -9.260916 8.751374 8.751384 8.843864
105 -9.290056 8.755184 8.755184 8.834244
106 -9.316566 8.758694 8.758694 8.825044
107 -9.340475999999999 8.761894 8.761894 8.816384
108 -9.361796 8.764774 8.764774 8.808364
109 -9.380556 8.767334 8.767344 8.801064
110 -9.396776 8.769574 8.769574 8.794584
111 -9.410476 8.771464 8.771474 8.788974
112 -9.421666 8.773024 8.773033999999999 8.784304
113 -9.430346 8.774244 8.774244 8.780614
114 -9.436546 8.775114 8.775114 8.777954
115 -9.440266000000001 8.775644 8.775644 8.776354
116 -9.441506 8.775814 8.775814 8.775814
117 -9.440266000000001 8.775544 8.775544 8.776544
118 -9.436556 8.774724 8.774734 8.778734
119 -9.430375999999999 8.773374 8.773374 8.782374
120 -9.421716 8.771474 8.771474 8.787444
121 -9.410566 8.769044 8.769044 8.793934
122 -9.396916000000001 8.766084 8.766084 8.801804
123 -9.380746 8.762594 8.762604 8.811014
124 -9.362046 8.758594 8.758594 8.821544
125 -9.340796000000001 8.754074 8.754074 8.833334
126 -9.316976 8.749044 8.749054 8.846324
127 -9.290555999999999 8.743534 8.743534 8.860464
128 -9.261526 8.737524 8.737524 8.875694
129 -9.229835999999999 8.731054 8.731054 8.891924
130 -9.195476 8.724114 8.724114 8.909074
131 -9.158386 8.716724 8.716724 8.927074
132 -9.118546 8.708894 8.708894 8.945824
133 -9.075916 8.700644 8.700644 8.965214
134 -9.030456000000001 8.691984 8.691994 8.985154
135 -8.982106 8.682934 8.682943999999999 9.005514
136 -8.930836 8.673514 8.673514 9.026184
137 -8.876596 8.663734 8.663734 9.047034
138 -8.819326 8.653604 8.653614 9.067924
139 -8.758966000000001 8.643164 8.643164 9.088724
140 -8.695476 8.632414 8.632414 9.109274
141 -8.628786 8.621374 8.621374 9.129434
142 -8.558836 8.610074 8.610074 9.149034
143 -8.485576 8.598534 8.598534 9.167924
144 -8.408936 8.586764 8.586764 9.185904
145 -8.328866 8.574794 8.574794 9.202824
146 -8.245286 8.562644 8.562644 9.218484
147 -8.158135999999999 8.550334 8.550334 9.232694
148 -8.067376 8.537894 8.537894 9.245284
149 -7.972926 8.525334 8.525334 9.256034
150 -7.874736 8.512684 8.512684 9.264764
151 -7.772746 8.499964 8.499964 9.271274
152 -7.666926 8.487194 8.487204 9.275354
153 -7.557226 8.474414 8.474414 9.276804
154 -7.443606 8.461624 8.461624 9.275434
155 -7.326036 8.448864 8.448864 9.271034
156 -7.204516 8.436144 8.436144 9.263424
157 -7.079036 8.423494 8.423494 9.252424
158 -6.949606 8.410944 8.410944 9.237844
159 -6.816256 8.398504 8.398504 9.219514
160 -6.679036 8.386194 8.386194 9.197304
161 -6.538026 8.374054 8.374054 9.171054
162 -6.393326 8.362094 8.362094 9.140664
163 -6.245036 8.350334 8.350334 9.106024
164 -6.093346 8.338794 8.338794 9.067084
165 -5.938446 8.327504 8.327504 9.023794
166 -5.780566 8.316474 8.316474 8.976144
167 -5.619996 8.305734 8.305734 8.924194
168 -5.457056 8.295294 8.295294 8.867994
169 -5.292156 8.285184 8.285184 8.807704
170 -5.125736 8.275404 8.275414 8.743494
171 -4.958306 8.265994 8.265994 8.675614
172 -4.790436 8.256954 8.256954 8.604364
173 -4.622806 8.248304 8.248314 8.530154
174 -4.456136 8.240074 8.240074 8.453414
175 -4.291226 8.232254 8.232254 8.374704
176 -4.128966 8.224874 8.224874 8.294624
177 -3.970336 8.213894 8.217944 8.217944
178 -3.816386 8.133294 8.211474 8.211474
179 -3.6682360000000003 8.053694 8.205474 8.205474
180 -3.527036 7.976024000000001 8.199964 8.199964
181 -3.394056 7.901284 8.194954 8.194954
182 -3.2705260000000003 7.830514000000001 8.190434 8.190444
183 -3.157736 7.764784000000001 8.186434 8.186434
184 -3.056896 7.705133999999999 8.182954 8.182954
185 -2.969226 7.652604 8.179994 8.180004
186 -2.895816 7.608134 8.177574 8.177574
187 -2.837626 7.5725940000000005 8.175674 8.175684
188 -2.7954559999999997 7.546664 8.174324 8.174324
189 -2.7699059999999998 7.530894 8.173514 8.173514
190 -2.761346 7.525594 8.173244 8.173244
191 -2.761126 7.525884 8.172944 8.173244
192 -2.760466 7.526764 8.172074 8.173244
193 -2.759356 7.528214 8.170614 8.173244
194 -2.757826 7.530244 8.168574 8.173244
195 -2.7558759999999998 7.532854 8.165964 8.173244
196 -2.7535160000000003 7.536034000000001 8.162784 8.173244
197 -2.750776 7.5397739999999995 8.159034 8.173244
198 -2.747656 7.544074 8.154724 8.173244
199 -2.744206 7.5489239999999995 8.149874 8.173244
200 -2.7404260000000003 7.554314 8.144474 8.173244
201 -2.736346 7.560244000000001 8.138544 8.173244
202 -2.732006 7.566684 8.132084 8.173244
203 -2.727436 7.573634 8.125124 8.173244
204 -2.7226660000000003 7.581084000000001 8.117664 8.173244
205 -2.717726 7.589014000000001 8.109724 8.173244
206 -2.712656 7.597424 8.101314 8.173244
207 -2.707496 7.606273999999999 8.092444 8.173244
208 -2.7022760000000003 7.615563999999999 8.083144 8.173244
209 -2.6970359999999998 7.625284000000001 8.073414 8.173244
210 -2.691816 7.635403999999999 8.063284 8.173244
211 -2.686656 7.645904 8.052774 8.173244
212 -2.6815860000000002 7.656774 8.041884 8.173244
213 -2.676646 7.667994 8.030654 8.173244
214 -2.671866 7.679544 8.019104 8.173244
215 -2.6672960000000003 7.691394000000001 8.007244 8.173244
216 -2.6629560000000003 7.703524 7.995094 8.173244
217 -2.6588760000000002 7.715923999999999 7.982694 8.173244
218 -2.655086 7.728564 7.970044 8.173244
219 -2.6516260000000003 7.741424 7.957174 8.173244
220 -2.6485060000000002 7.754474 7.944124 8.173244
221 -2.645756 7.767704 7.930894 8.173244
222 -2.643396 7.781074 7.917514000000001 8.173244
223 -2.641446 7.794563999999999 7.904014 8.173244
224 -2.639906 7.808154 7.890414 8.173244
225 -2.6388059999999998 7.821823999999999 7.876744 8.173244
226 -2.6381360000000003 7.8355440000000005 7.863023999999999 8.173244
227 -2.6379159999999997 7.849284000000001 7.849284000000001 8.173244
228 -2.6395660000000003 7.840324000000001 7.858714000000001 8.173494
229 -2.644316 7.831624 7.868674 8.174274
230 -2.651816 7.823174 7.878944000000001 8.175584
231 -2.661746 7.815004 7.889294 8.177454
232 -2.6737859999999998 7.807104000000001 7.899554 8.179874
233 -2.6876160000000002 7.799484 7.909523999999999 8.182844
234 -2.702946 7.792154 7.919093999999999 8.186344
235 -2.7194659999999997 7.785124 7.928134 8.190334
236 -2.7368959999999998 7.7783940000000005 7.936574 8.194774
237 -2.754976 7.771974 7.944354000000001 8.199604
238 -2.773446 7.765874 7.951454 8.204734
239 -2.792076 7.760083999999999 7.957884 8.210084
240 -2.810646 7.754614 7.963644 8.215574
241 -2.828926 7.749484000000001 7.968764 8.221104
242 -2.846756 7.7446839999999995 7.973304000000001 8.226594
243 -2.863936 7.7402239999999995 7.9772940000000006 8.231954
244 -2.880306 7.736103999999999 7.9807939999999995 8.237114
245 -2.8957360000000003 7.732324 7.983824 8.241994
246 -2.910076 7.728904 7.986454 8.246544
247 -2.923216 7.725823999999999 7.988704 8.250724
248 -2.9350560000000003 7.723114000000001 7.990624 8.254484
249 -2.945486 7.7207539999999995 7.992224 8.257794
250 -2.954456 7.718743999999999 7.993544 8.260634
251 -2.961876 7.717104000000001 7.994593999999999 8.262974
252 -2.9677059999999997 7.715833999999999 7.995393999999999 8.264814
253 -2.971896 7.714914 7.995964000000001 8.266134
254 -2.9744260000000002 7.714373999999999 7.996294000000001 8.266924
255 -2.975266 7.7141839999999995 7.996404 8.267184
