1 -5.7591 -5.1231 -5.1231 -3.7401 -2.7031 5.9849 5.9849 7.1039 8.2749 23.5369
2 -5.7581 -5.1251 -5.1221 -3.7401 -2.7041 5.9619 5.9679 7.1339 8.2939 23.4939
3 -5.7551 -5.1291 -5.1191 -3.7401 -2.7091 5.8989 5.9169 7.2149 8.3489 23.3789
4 -5.7511 -5.1361 -5.1131 -3.7401 -2.7161 5.8089 5.8359 7.3359 8.4359 23.2209
5 -5.7451 -5.1461 -5.1061 -3.7411 -2.7271 5.7029 5.7319 7.4849 8.5489 23.0399
6 -5.7371 -5.1581 -5.0961 -3.7411 -2.7391 5.5909 5.6089 7.6519 8.6829 22.8469
7 -5.7271 -5.1741 -5.0841 -3.7421 -2.7541 5.4729 5.4759 7.8339 8.8339 22.6469
8 -5.7161 -5.1911 -5.0701 -3.7441 -2.7721 5.3259 5.3609 8.0269 8.9969 22.4449
9 -5.7041 -5.2111 -5.0531 -3.7471 -2.7901 5.1719 5.2499 8.2289 9.1709 22.2409
10 -5.6891 -5.2341 -5.0351 -3.7521 -2.8101 5.0119 5.1409 8.4389 9.3519 22.0369
11 -5.6731 -5.2581 -5.0141 -3.7581 -2.8311 4.8489 5.0369 8.6569 9.5399 21.8349
12 -5.6561 -5.2841 -4.9911 -3.7671 -2.8521 4.6819 4.9369 8.8799 9.7339 21.6329
13 -5.6381 -5.3121 -4.9651 -3.7771 -2.8731 4.5139 4.8419 9.1089 9.9309 21.4339
14 -5.6181 -5.3421 -4.9381 -3.7911 -2.8931 4.3449 4.7509 9.3429 10.1319 21.2369
15 -5.5971 -5.3741 -4.9081 -3.8081 -2.9121 4.1749 4.6659 9.5819 10.3369 21.0429
16 -5.5741 -5.4071 -4.8761 -3.8281 -2.9301 4.0039 4.5849 9.8259 10.5439 20.8519
17 -5.5511 -5.4411 -4.8411 -3.8511 -2.9461 3.8339 4.5099 10.0739 10.7529 20.6639
18 -5.5271 -5.4771 -4.8051 -3.8771 -2.9601 3.6639 4.4389 10.3259 10.9629 20.4799
19 -5.5141 -5.5021 -4.7661 -3.9071 -2.9711 3.4939 4.3719 10.5809 11.1759 20.2989
20 -5.5521 -5.4761 -4.7241 -3.9391 -2.9811 3.3259 4.3099 10.8399 11.3899 20.1209
21 -5.5901 -5.4501 -4.6811 -3.9751 -2.9881 3.1579 4.2519 11.1019 11.6049 19.9479
22 -5.6301 -5.4231 -4.6351 -4.0121 -2.9931 2.9919 4.1979 11.3669 11.8199 19.7789
23 -5.6701 -5.3961 -4.5871 -4.0521 -2.9971 2.8259 4.1479 11.6349 12.0369 19.6149
24 -5.7101 -5.3681 -4.5371 -4.0931 -2.9991 2.6619 4.1019 11.9049 12.2529 19.4549
25 -5.7511 -5.3401 -4.4841 -4.1351 -2.9991 2.4999 4.0589 12.1779 12.4699 19.3009
26 -5.7921 -5.3121 -4.4301 -4.1781 -2.9981 2.3389 4.0199 12.4519 12.6859 19.1509
27 -5.8331 -5.2841 -4.3731 -4.2211 -2.9971 2.1789 3.9829 12.7289 12.9019 19.0079
28 -5.8751 -5.2561 -4.3141 -4.2641 -2.9941 2.0219 3.9499 13.0059 13.1169 18.8699
29 -5.9161 -5.2281 -4.3071 -4.2531 -2.9911 1.8659 3.9189 13.2849 13.3299 18.7379
30 -5.9571 -5.2011 -4.3491 -4.1911 -2.9871 1.7129 3.8909 13.5419 13.5649 18.6139
31 -5.9971 -5.1741 -4.3901 -4.1261 -2.9831 1.5619 3.8649 13.7509 13.8459 18.4959
32 -6.0371 -5.1481 -4.4301 -4.0601 -2.9791 1.4129 3.8409 13.9569 14.1259 18.3859
33 -6.0761 -5.1221 -4.4691 -3.9931 -2.9751 1.2659 3.8189 14.1589 14.4069 18.2849
34 -6.1151 -5.0971 -4.5061 -3.9241 -2.9701 1.1219 3.7999 14.3559 14.6869 18.1919
35 -6.1521 -5.0721 -4.5421 -3.8531 -2.9651 0.9809 3.7819 14.5469 14.9659 18.1099
36 -6.1881 -5.0491 -4.5761 -3.7821 -2.9611 0.8429 3.7659 14.7309 15.2429 18.0379
37 -6.2231 -5.0261 -4.6081 -3.7101 -2.9561 0.7079 3.7509 14.9069 15.5179 17.9789
38 -6.2561 -5.0041 -4.6381 -3.6381 -2.9521 0.5769 3.7379 15.0719 15.7899 17.9319
39 -6.2871 -4.9841 -4.6671 -3.5651 -2.9481 0.4499 3.7259 15.2249 16.0579 17.8999
40 -6.3171 -4.9651 -4.6931 -3.4931 -2.9441 0.3269 3.7159 15.3639 16.3209 17.8829
41 -6.3451 -4.9471 -4.7181 -3.4221 -2.9401 0.2089 3.7059 15.4879 16.5779 17.8819
42 -6.3711 -4.9301 -4.7401 -3.3521 -2.9371 0.0969 3.6979 15.5959 16.8269 17.8969
43 -6.3951 -4.9151 -4.7611 -3.2831 -2.9341 -0.0101 3.6909 15.6869 17.0669 17.9269
44 -6.4171 -4.9011 -4.7791 -3.2181 -2.9311 -0.1101 3.6849 15.7609 17.2949 17.9699
45 -6.4361 -4.8881 -4.7951 -3.1571 -2.9281 -0.2021 3.6789 15.8199 17.5089 18.0229
46 -6.4531 -4.8781 -4.8091 -3.1001 -2.9261 -0.2851 3.6739 15.8649 17.7059 18.0829
47 -6.4671 -4.8691 -4.8211 -3.0481 -2.9241 -0.3581 3.6709 15.8989 17.8829 18.1439
48 -6.4791 -4.8611 -4.8301 -3.0041 -2.9221 -0.4211 3.6669 15.9239 18.0349 18.2019
49 -6.4881 -4.8551 -4.8381 -2.9681 -2.9211 -0.4711 3.6649 15.9409 18.1589 18.2529
50 -6.4951 -4.8511 -4.8431 -2.9411 -2.9201 -0.5081 3.6629 15.9519 18.2509 18.2929
51 -6.4991 -4.8481 -4.8461 -2.9251 -2.9201 -0.5301 3.6619 15.9579 18.3079 18.3179
52 -6.5001 -4.8471 -4.8471 -2.9201 -2.9201 -0.5381 3.6619 15.9599 18.3269 18.3269
53 -6.5001 -4.8471 -4.8471 -2.9211 -2.9211 -0.5521 3.6789 15.9619 18.3289 18.3289
54 -6.4991 -4.8461 -4.8461 -2.9241 -2.9241 -0.5931 3.7299 15.9679 18.3369 18.3369
55 -6.4971 -4.8441 -4.8441 -2.9291 -2.9291 -0.6601 3.8129 15.9759 18.3489 18.3489
56 -6.4941 -4.8421 -4.8421 -2.9361 -2.9361 -0.7501 3.9259 15.9889 18.3659 18.3659
57 -6.4911 -4.8381 -4.8381 -2.9451 -2.9451 -0.8591 4.0629 16.0049 18.3879 18.3879
58 -6.4871 -4.8341 -4.8341 -2.9551 -2.9551 -0.9841 4.2239 16.0239 18.4139 18.4139
59 -6.4821 -4.8301 -4.8301 -2.9681 -2.9681 -1.1211 4.4029 16.0469 18.4449 18.4449
60 -6.4771 -4.8251 -4.8251 -2.9831 -2.9831 -1.2691 4.5999 16.0729 18.4809 18.4809
61 -6.4711 -4.8191 -4.8191 -2.9991 -2.9991 -1.4251 4.8099 16.1029 18.5199 18.5199
62 -6.4651 -4.8121 -4.8121 -3.0171 -3.0171 -1.5861 5.0319 16.1359 18.5639 18.5639
63 -6.4581 -4.8051 -4.8051 -3.0361 -3.0361 -1.7511 5.2649 16.1709 18.6109 18.6109
64 -6.4511 -4.7981 -4.7981 -3.0581 -3.0581 -1.9181 5.5069 16.2099 18.6619 18.6619
65 -6.4441 -4.7901 -4.7901 -3.0801 -3.0801 -2.0871 5.7569 16.2529 18.7159 18.7159
66 -6.4371 -4.7811 -4.7811 -3.1041 -3.1041 -2.2571 6.0139 16.2969 18.7739 18.7739
67 -6.4301 -4.7721 -4.7721 -3.1291 -3.1291 -2.4251 6.2779 16.3449 18.8339 18.8339
68 -6.4231 -4.7631 -4.7631 -3.1551 -3.1551 -2.5931 6.5469 16.3949 18.8959 18.8959
69 -6.4161 -4.7531 -4.7531 -3.1821 -3.1821 -2.7581 6.8199 16.4479 18.9599 18.9599
70 -6.4101 -4.7431 -4.7431 -3.2101 -3.2101 -2.9211 7.0989 16.5029 19.0259 19.0259
71 -6.4041 -4.7331 -4.7331 -3.2391 -3.2391 -3.0801 7.3809 16.5599 19.0939 19.0939
72 -6.4001 -4.7221 -4.7221 -3.2691 -3.2691 -3.2361 7.6669 16.6179 19.1619 19.1619
73 -6.3961 -4.7121 -4.7121 -3.3881 -3.2981 -3.2981 7.9559 16.6789 19.2309 19.2309
74 -6.3951 -4.7011 -4.7011 -3.5351 -3.3291 -3.3291 8.2489 16.7399 19.2989 19.2989
75 -6.3951 -4.6911 -4.6911 -3.6771 -3.3591 -3.3591 8.5439 16.8029 19.3679 19.3679
76 -6.3981 -4.6801 -4.6801 -3.8141 -3.3901 -3.3901 8.8419 16.8659 19.4349 19.4349
77 -6.4041 -4.6701 -4.6701 -3.9441 -3.4201 -3.4201 9.1419 16.9299 19.5019 19.5019
78 -6.4121 -4.6601 -4.6601 -4.0671 -3.4501 -3.4501 9.4449 16.9939 19.5669 19.5669
79 -6.4251 -4.6511 -4.6511 -4.1831 -3.4801 -3.4801 9.7489 17.0569 19.6299 19.6299
80 -6.4411 -4.6421 -4.6421 -4.2901 -3.5091 -3.5091 10.0549 17.1189 19.6909 19.6909
81 -6.4631 -4.6341 -4.6341 -4.3901 -3.5371 -3.5371 10.3619 17.1799 19.7489 19.7489
82 -6.4891 -4.6271 -4.6271 -4.4811 -3.5651 -3.5651 10.6709 17.2389 19.8049 19.8049
83 -6.5201 -4.6211 -4.6211 -4.5631 -3.5911 -3.5911 10.9799 17.2969 19.8579 19.8579
84 -6.5571 -4.6351 -4.6151 -4.6151 -3.6161 -3.6161 11.2909 17.3509 19.9069 19.9069
85 -6.5991 -4.6991 -4.6111 -4.6111 -3.6391 -3.6391 11.6019 17.4019 19.9539 19.9539
86 -6.6461 -4.7531 -4.6081 -4.6081 -3.6611 -3.6611 11.9139 17.4499 19.9959 19.9959
87 -6.6981 -4.7991 -4.6071 -4.6071 -3.6811 -3.6811 12.2259 17.4939 20.0359 20.0359
88 -6.7541 -4.8371 -4.6061 -4.6061 -3.7001 -3.7001 12.5379 17.5339 20.0719 20.0719
89 -6.8141 -4.8681 -4.6081 -4.6081 -3.7161 -3.7161 12.8489 17.5689 20.1049 20.1049
90 -6.8761 -4.8921 -4.6101 -4.6101 -3.7311 -3.7311 13.1599 17.6009 20.1349 20.1349
91 -6.9411 -4.9101 -4.6151 -4.6151 -3.7431 -3.7431 13.4689 17.6279 20.1619 20.1619
92 -7.0071 -4.9241 -4.6201 -4.6201 -3.7541 -3.7541 13.7769 17.6519 20.1849 20.1849
93 -7.0731 -4.9321 -4.6271 -4.6271 -3.7621 -3.7621 14.0819 17.6719 20.2059 20.2059
94 -7.1401 -4.9371 -4.6351 -4.6351 -3.7691 -3.7691 14.3849 17.6899 20.2249 20.2249
95 -7.2061 -4.9391 -4.6451 -4.6451 -3.7751 -3.7751 14.6829 17.7069 20.2409 20.2409
96 -7.2721 -4.9391 -4.6551 -4.6551 -3.7781 -3.7781 14.9749 17.7239 20.2539 20.2539
97 -7.3361 -4.9361 -4.6661 -4.6661 -3.7811 -3.7811 15.2599 17.7439 20.2649 20.2649
98 -7.3981 -4.9311 -4.6771 -4.6771 -3.7821 -3.7821 15.5339 17.7689 20.2749 20.2749
99 -7.4581 -4.9251 -4.6891 -4.6891 -3.7821 -3.7821 15.7949 17.8039 20.2829 20.2829
100 -7.5161 -4.9181 -4.7011 -4.7011 -3.7811 -3.7811 16.0369 17.8529 20.2889 20.2889
101 -7.5711 -4.9101 -4.7131 -4.7131 -3.7791 -3.7791 16.2529 17.9219 20.2939 20.2939
102 -7.6231 -4.9021 -4.7251 -4.7251 -3.7771 -3.7771 16.4379 18.0189 20.2979 20.2979
103 -7.6731 -4.8941 -4.7371 -4.7371 -3.7741 -3.7741 16.5879 18.1469 20.3009 20.3009
104 -7.7191 -4.8851 -4.7491 -4.7491 -3.7711 -3.7711 16.6999 18.3069 20.3019 20.3019
105 -7.7621 -4.8771 -4.7601 -4.7601 -3.7681 -3.7681 16.7809 18.4939 20.3039 20.3039
106 -7.8011 -4.8691 -4.7701 -4.7701 -3.7651 -3.7651 16.8359 18.7009 20.3039 20.3039
107 -7.8371 -4.8611 -4.7801 -4.7801 -3.7621 -3.7621 16.8709 18.9189 20.3039 20.3039
108 -7.8701 -4.8541 -4.7891 -4.7891 -3.7591 -3.7591 16.8929 19.1419 20.3039 20.3039
109 -7.8991 -4.8471 -4.7971 -4.7971 -3.7561 -3.7561 16.9059 19.3619 20.3029 20.3029
110 -7.9241 -4.8411 -4.8041 -4.8041 -3.7531 -3.7531 16.9139 19.5739 20.3029 20.3029
111 -7.9451 -4.8361 -4.8101 -4.8101 -3.7511 -3.7511 16.9169 19.7709 20.3019 20.3019
112 -7.9621 -4.8321 -4.8151 -4.8151 -3.7491 -3.7491 16.9179 19.9459 20.3019 20.3019
113 -7.9761 -4.8291 -4.8191 -4.8191 -3.7471 -3.7471 16.9179 20.0939 20.3009 20.3009
114 -7.9861 -4.8261 -4.8221 -4.8221 -3.7461 -3.7461 16.9169 20.2059 20.3009 20.3009
115 -7.9911 -4.8251 -4.8241 -4.8241 -3.7461 -3.7461 16.9169 20.2759 20.2999 20.2999
116 -7.9931 -4.8241 -4.8241 -4.8241 -3.7451 -3.7451 16.9159 20.2999 20.2999 20.2999
117 -7.9911 -4.8251 -4.8231 -4.8231 -3.7461 -3.7451 16.9169 20.2899 20.2939 20.2939
118 -7.9861 -4.8271 -4.8211 -4.8211 -3.7491 -3.7441 16.9169 20.2589 20.2739 20.2739
119 -7.9761 -4.8311 -4.8181 -4.8181 -3.7531 -3.7421 16.9179 20.2079 20.2399 20.2399
120 -7.9621 -4.8371 -4.8131 -4.8131 -3.7581 -3.7401 16.9199 20.1409 20.1939 20.1939
121 -7.9451 -4.8441 -4.8061 -4.8061 -3.7651 -3.7371 16.9219 20.0579 20.1359 20.1359
122 -7.9241 -4.8531 -4.7981 -4.7981 -3.7741 -3.7331 16.9239 19.9619 20.0639 20.0639
123 -7.8991 -4.8631 -4.7891 -4.7891 -3.7841 -3.7291 16.9269 19.8569 19.9819 19.9819
124 -7.8701 -4.8741 -4.7781 -4.7781 -3.7961 -3.7241 16.9299 19.7429 19.8869 19.8869
125 -7.8371 -4.8871 -4.7661 -4.7661 -3.8081 -3.7181 16.9329 19.6239 19.7819 19.7819
126 -7.8011 -4.9021 -4.7521 -4.7521 -3.8231 -3.7121 16.9369 19.4989 19.6669 19.6669
127 -7.7611 -4.9181 -4.7371 -4.7371 -3.8381 -3.7051 16.9409 19.3719 19.5419 19.5419
128 -7.7181 -4.9351 -4.7211 -4.7211 -3.8541 -3.6971 16.9459 19.2439 19.4089 19.4089
129 -7.6711 -4.9541 -4.7031 -4.7031 -3.8721 -3.6891 16.9509 19.1139 19.2669 19.2669
130 -7.6201 -4.9731 -4.6841 -4.6841 -3.8901 -3.6801 16.9559 18.9839 19.1179 19.1179
131 -7.5671 -4.9951 -4.6631 -4.6631 -3.9101 -3.6711 16.9609 18.8549 18.9619 18.9619
132 -7.5101 -5.0171 -4.6411 -4.6411 -3.9291 -3.6611 16.9669 18.7269 18.7999 18.7999
133 -7.4501 -5.0401 -4.6181 -4.6181 -3.9501 -3.6511 16.9729 18.5999 18.6319 18.6319
134 -7.3871 -5.0641 -4.5941 -4.5941 -3.9701 -3.6401 16.9789 18.4599 18.4599 18.4749
135 -7.3221 -5.0901 -4.5681 -4.5681 -3.9911 -3.6281 16.9859 18.2829 18.2829 18.3509
136 -7.2541 -5.1161 -4.5411 -4.5411 -4.0111 -3.6161 16.9929 18.1019 18.1019 18.2299
137 -7.1831 -5.1431 -4.5131 -4.5131 -4.0311 -3.6041 16.9999 17.9189 17.9189 18.1109
138 -7.1111 -5.1711 -4.4831 -4.4831 -4.0501 -3.5911 17.0069 17.7319 17.7319 17.9929
139 -7.0371 -5.2001 -4.4531 -4.4531 -4.0681 -3.5781 17.0139 17.5429 17.5429 17.8769
140 -6.9621 -5.2301 -4.4211 -4.4211 -4.0841 -3.5641 17.0219 17.3529 17.3529 17.7619
141 -6.8851 -5.2601 -4.3881 -4.3881 -4.0981 -3.5501 17.0289 17.1609 17.1609 17.6479
142 -6.8081 -5.2911 -4.3541 -4.3541 -4.1101 -3.5351 16.9669 16.9669 17.0369 17.5349
143 -6.7321 -5.3221 -4.3191 -4.3191 -4.1181 -3.5201 16.7739 16.7739 17.0449 17.4199
144 -6.6561 -5.3541 -4.2831 -4.2831 -4.1231 -3.5051 16.5789 16.5789 17.0529 17.3049
145 -6.5811 -5.3861 -4.2461 -4.2461 -4.1231 -3.4901 16.3849 16.3849 17.0609 17.1869
146 -6.5091 -5.4181 -4.2081 -4.2081 -4.1171 -3.4741 16.1909 16.1909 17.0649 17.0689
147 -6.4401 -5.4511 -4.1691 -4.1691 -4.1051 -3.4581 15.9969 15.9969 16.9369 17.0779
148 -6.3741 -5.4841 -4.1291 -4.1291 -4.0861 -3.4421 15.8039 15.8039 16.8019 17.0859
149 -6.3141 -5.5171 -4.0881 -4.0881 -4.0591 -3.4261 15.6119 15.6119 16.6559 17.0939
150 -6.2581 -5.5501 -4.0471 -4.0471 -4.0231 -3.4091 15.4219 15.4219 16.4979 17.1019
151 -6.2101 -5.5831 -4.0051 -4.0051 -3.9771 -3.3921 15.2319 15.2319 16.3259 17.1109
152 -6.1671 -5.6161 -3.9621 -3.9621 -3.9211 -3.3761 15.0449 15.0449 16.1369 17.1189
153 -6.1321 -5.6491 -3.9191 -3.9191 -3.8541 -3.3591 14.8589 14.8589 15.9299 17.1269
154 -6.1041 -5.6821 -3.8751 -3.8751 -3.7771 -3.3421 14.6749 14.6749 15.7059 17.1349
155 -6.0831 -5.7141 -3.8301 -3.8301 -3.6891 -3.3251 14.4939 14.4939 15.4639 17.1439
156 -6.0691 -5.7471 -3.7861 -3.7861 -3.5901 -3.3081 14.3149 14.3149 15.2059 17.1519
157 -6.0611 -5.7781 -3.7411 -3.7411 -3.4821 -3.2911 14.1379 14.1379 14.9349 17.1599
158 -6.0581 -5.8101 -3.6951 -3.6951 -3.3651 -3.2751 13.9639 13.9639 14.6529 17.1679
159 -6.0601 -5.8411 -3.6501 -3.6501 -3.2581 -3.2391 13.7939 13.7939 14.3619 17.1749
160 -6.0671 -5.8721 -3.6041 -3.6041 -3.2421 -3.1051 13.6259 13.6259 14.0629 17.1829
161 -6.0771 -5.9021 -3.5591 -3.5591 -3.2261 -2.9641 13.4619 13.4619 13.7599 17.1909
162 -6.0901 -5.9311 -3.5141 -3.5141 -3.2091 -2.8161 13.3009 13.3009 13.4519 17.1979
163 -6.1071 -5.9601 -3.4681 -3.4681 -3.1941 -2.6621 13.1419 13.1439 13.1439 17.2049
164 -6.1251 -5.9891 -3.4231 -3.4231 -3.1781 -2.5021 12.8309 12.9909 12.9909 17.2119
165 -6.1451 -6.0161 -3.3791 -3.3791 -3.1631 -2.3371 12.5179 12.8419 12.8419 17.2189
166 -6.1661 -6.0431 -3.3351 -3.3351 -3.1481 -2.1671 12.2069 12.6969 12.6969 17.2259
167 -6.1881 -6.0691 -3.2911 -3.2911 -3.1331 -1.9931 11.8959 12.5559 12.5559 17.2329
168 -6.2101 -6.0941 -3.2491 -3.2491 -3.1191 -1.8151 11.5859 12.4189 12.4189 17.2389
169 -6.2341 -6.1181 -3.2071 -3.2071 -3.1051 -1.6341 11.2789 12.2879 12.2879 17.2449
170 -6.2571 -6.1411 -3.1661 -3.1661 -3.0921 -1.4501 10.9739 12.1609 12.1609 17.2509
171 -6.2801 -6.1641 -3.1261 -3.1261 -3.0791 -1.2641 10.6729 12.0389 12.0389 17.2569
172 -6.3031 -6.1851 -3.0871 -3.0871 -3.0671 -1.0761 10.3749 11.9219 11.9219 17.2619
173 -6.3251 -6.2061 -3.0551 -3.0491 -3.0491 -0.8861 10.0819 11.8109 11.8109 17.2679
174 -6.3471 -6.2251 -3.0441 -3.0131 -3.0131 -0.6951 9.7929 11.7049 11.7049 17.2729
175 -6.3681 -6.2441 -3.0331 -2.9781 -2.9781 -0.5041 9.5099 11.6039 11.6039 17.2769
176 -6.3881 -6.2611 -3.0231 -2.9451 -2.9451 -0.3141 9.2329 11.5089 11.5089 17.2819
177 -6.4071 -6.2771 -3.0131 -2.9141 -2.9141 -0.1241 8.9639 11.4199 11.4199 17.2859
178 -6.4251 -6.2921 -3.0041 -2.8841 -2.8841 0.0629 8.7019 11.3369 11.3369 17.2899
179 -6.4421 -6.3061 -2.9961 -2.8571 -2.8571 0.2469 8.4499 11.2609 11.2609 17.2939
180 -6.4581 -6.3191 -2.9881 -2.8311 -2.8311 0.4259 8.2079 11.1899 11.1899 17.2969
181 -6.4731 -6.3311 -2.9821 -2.8081 -2.8081 0.5989 7.9789 11.1259 11.1259 17.2999
182 -6.4861 -6.3411 -2.9751 -2.7861 -2.7861 0.7639 7.7629 11.0679 11.0679 17.3019
183 -6.4971 -6.3511 -2.9701 -2.7671 -2.7671 0.9199 7.5629 11.0169 11.0169 17.3049
184 -6.5071 -6.3591 -2.9651 -2.7511 -2.7511 1.0629 7.3809 10.9719 10.9719 17.3069
185 -6.5161 -6.3661 -2.9611 -2.7371 -2.7371 1.1909 7.2209 10.9339 10.9339 17.3089
186 -6.5231 -6.3711 -2.9571 -2.7251 -2.7251 1.3009 7.0829 10.9029 10.9029 17.3099
187 -6.5291 -6.3761 -2.9551 -2.7161 -2.7161 1.3909 6.9729 10.8789 10.8789 17.3109
188 -6.5331 -6.3791 -2.9531 -2.7091 -2.7091 1.4569 6.8919 10.8609 10.8609 17.3119
189 -6.5351 -6.3811 -2.9521 -2.7051 -2.7051 1.4979 6.8419 10.8509 10.8509 17.3129
190 -6.5361 -6.3811 -2.9511 -2.7041 -2.7041 1.5119 6.8249 10.8479 10.8479 17.3129
191 -6.5351 -6.3801 -2.9521 -2.7081 -2.7041 1.5169 6.8249 10.8409 10.8409 17.3199
192 -6.5321 -6.3771 -2.9561 -2.7201 -2.7041 1.5349 6.8259 10.8199 10.8209 17.3419
193 -6.5261 -6.3731 -2.9611 -2.7411 -2.7041 1.5629 6.8269 10.7869 10.7879 17.3789
194 -6.5191 -6.3661 -2.9681 -2.7691 -2.7041 1.6019 6.8279 10.7419 10.7419 17.4299
195 -6.5101 -6.3581 -2.9781 -2.8041 -2.7041 1.6509 6.8299 10.6839 10.6849 17.4949
196 -6.4981 -6.3471 -2.9901 -2.8461 -2.7041 1.7099 6.8329 10.6149 10.6179 17.5719
197 -6.4841 -6.3351 -3.0031 -2.8941 -2.7041 1.7789 6.8349 10.5349 10.5419 17.6619
198 -6.4691 -6.3211 -3.0191 -2.9471 -2.7041 1.8559 6.8389 10.4449 10.4589 17.7639
199 -6.4511 -6.3051 -3.0371 -3.0061 -2.7041 1.9419 6.8429 10.3459 10.3689 17.8759
200 -6.4321 -6.2871 -3.0691 -3.0561 -2.7041 2.0339 6.8469 10.2379 10.2739 17.9979
201 -6.4111 -6.2681 -3.1351 -3.0771 -2.7041 2.1339 6.8519 10.1229 10.1749 18.1299
202 -6.3881 -6.2461 -3.2051 -3.1001 -2.7041 2.2399 6.8569 10.0009 10.0729 18.2699
203 -6.3641 -6.2231 -3.2781 -3.1251 -2.7041 2.3519 6.8629 9.8729 9.9689 18.4189
204 -6.3381 -6.1981 -3.3531 -3.1511 -2.7041 2.4689 6.8699 9.7389 9.8629 18.5749
205 -6.3101 -6.1711 -3.4301 -3.1791 -2.7041 2.5919 6.8769 9.5999 9.7579 18.7379
206 -6.2821 -6.1421 -3.5081 -3.2081 -2.7041 2.7179 6.8849 9.4569 9.6519 18.9069
207 -6.2521 -6.1111 -3.5881 -3.2381 -2.7031 2.8489 6.8929 9.3099 9.5479 19.0829
208 -6.2211 -6.0781 -3.6681 -3.2691 -2.7031 2.9839 6.9019 9.1589 9.4449 19.2639
209 -6.1891 -6.0441 -3.7501 -3.3021 -2.7031 3.1219 6.9119 9.0039 9.3439 19.4509
210 -6.1571 -6.0081 -3.8311 -3.3341 -2.7031 3.2639 6.9219 8.8469 9.2449 19.6429
211 -6.1241 -5.9701 -3.9131 -3.3681 -2.7031 3.4079 6.9339 8.6879 9.1489 19.8399
212 -6.0911 -5.9301 -3.9941 -3.4011 -2.7031 3.5559 6.9449 8.5259 9.0569 20.0419
213 -6.0581 -5.8881 -4.0761 -3.4351 -2.7031 3.7049 6.9579 8.3629 8.9669 20.2479
214 -6.0251 -5.8451 -4.1561 -3.4691 -2.7031 3.8579 6.9699 8.1979 8.8819 20.4579
215 -5.9931 -5.7991 -4.2371 -3.5021 -2.7031 4.0119 6.9839 8.0309 8.8009 20.6729
216 -5.9611 -5.7521 -4.3161 -3.5341 -2.7031 4.1689 6.9969 7.8629 8.7239 20.8909
217 -5.9311 -5.7041 -4.3951 -3.5651 -2.7031 4.3269 7.0109 7.6939 8.6519 21.1139
218 -5.9021 -5.6531 -4.4731 -3.5941 -2.7031 4.4869 7.0249 7.5249 8.5849 21.3399
219 -5.8751 -5.6011 -4.5501 -3.6221 -2.7031 4.6489 7.0379 7.3539 8.5239 21.5699
220 -5.8501 -5.5471 -4.6261 -3.6481 -2.7031 4.8119 7.0509 7.1839 8.4679 21.8039
221 -5.8271 -5.4911 -4.7011 -3.6711 -2.7031 4.9769 7.0119 7.0639 8.4189 22.0409
222 -5.8071 -5.4341 -4.7751 -3.6921 -2.7031 5.1429 6.8409 7.0749 8.3759 22.2819
223 -5.7901 -5.3751 -4.8471 -3.7091 -2.7031 5.3089 6.6699 7.0849 8.3399 22.5259
224 -5.7771 -5.3141 -4.9181 -3.7221 -2.7031 5.4769 6.4979 7.0929 8.3119 22.7739
225 -5.7671 -5.2521 -4.9881 -3.7321 -2.7031 5.6459 6.3269 7.0989 8.2909 23.0249
226 -5.7611 -5.1881 -5.0561 -3.7381 -2.7031 5.8149 6.1559 7.1029 8.2789 23.2789
227 -5.7591 -5.1231 -5.1231 -3.7401 -2.7031 5.9849 5.9849 7.1039 8.2749 23.5369
228 -5.7591 -5.1671 -5.0791 -3.7401 -2.7031 5.8739 6.0779 7.1159 8.2849 23.3489
229 -5.7611 -5.2101 -5.0351 -3.7371 -2.7051 5.7659 6.1319 7.1489 8.3199 23.1349
230 -5.7641 -5.2521 -4.9891 -3.7331 -2.7091 5.6609 6.1499 7.1939 8.3839 22.9019
231 -5.7681 -5.2921 -4.9441 -3.7271 -2.7131 5.5599 6.1409 7.2409 8.4809 22.6539
232 -5.7731 -5.3321 -4.8971 -3.7201 -2.7191 5.4609 6.1139 7.2789 8.6089 22.3949
233 -5.7801 -5.3691 -4.8511 -3.7121 -2.7261 5.3669 6.0749 7.3059 8.7659 22.1279
234 -5.7891 -5.4051 -4.8041 -3.7031 -2.7341 5.2749 6.0279 7.3219 8.9459 21.8539
235 -5.8001 -5.4381 -4.7571 -3.6931 -2.7431 5.1869 5.9779 7.3299 9.1429 21.5749
236 -5.8121 -5.4681 -4.7111 -3.6821 -2.7541 5.1029 5.9249 7.3319 9.3549 21.2929
237 -5.8261 -5.4951 -4.6641 -3.6711 -2.7661 5.0219 5.8709 7.3289 9.5759 21.0089
238 -5.8421 -5.5191 -4.6181 -3.6591 -2.7781 4.9459 5.8179 7.3239 9.8039 20.7229
239 -5.8601 -5.5411 -4.5721 -3.6471 -2.7921 4.8729 5.7649 7.3169 10.0369 20.4379
240 -5.8791 -5.5591 -4.5271 -3.6351 -2.8071 4.8039 5.7139 7.3079 10.2729 20.1529
241 -5.8991 -5.5751 -4.4821 -3.6221 -2.8221 4.7389 5.6649 7.2999 10.5109 19.8699
242 -5.9191 -5.5891 -4.4391 -3.6101 -2.8381 4.6789 5.6179 7.2909 10.7499 19.5899
243 -5.9401 -5.6001 -4.3971 -3.5981 -2.8541 4.6219 5.5739 7.2829 10.9879 19.3139
244 -5.9601 -5.6101 -4.3561 -3.5871 -2.8711 4.5699 5.5319 7.2739 11.2239 19.0429
245 -5.9791 -5.6191 -4.3171 -3.5761 -2.8881 4.5219 5.4939 7.2669 11.4569 18.7789
246 -5.9971 -5.6261 -4.2801 -3.5661 -2.9051 4.4779 5.4579 7.2599 11.6839 18.5229
247 -6.0141 -5.6321 -4.2461 -3.5561 -2.9211 4.4389 5.4259 7.2529 11.9039 18.2769
248 -6.0291 -5.6371 -4.2141 -3.5481 -2.9361 4.4049 5.3979 7.2479 12.1149 18.0439
249 -6.0421 -5.6411 -4.1861 -3.5401 -2.9511 4.3739 5.3729 7.2429 12.3119 17.8269
250 -6.0541 -5.6451 -4.1611 -3.5341 -2.9641 4.3489 5.3509 7.2379 12.4919 17.6289
251 -6.0641 -5.6471 -4.1401 -3.5281 -2.9751 4.3279 5.3339 7.2349 12.6509 17.4559
252 -6.0711 -5.6501 -4.1231 -3.5241 -2.9841 4.3119 5.3199 7.2319 12.7839 17.3129
253 -6.0771 -5.6511 -4.1111 -3.5211 -2.9911 4.2999 5.3099 7.2299 12.8829 17.2059
254 -6.0801 -5.6521 -4.1031 -3.5191 -2.9951 4.2929 5.3039 7.2289 12.9459 17.1389
255 -6.0811 -5.6521 -4.1011 -3.5181 -2.9971 4.2909 5.3019 7.2289 12.9669 17.1159
