1 -11.5224 -11.4324 -11.4324 -11.2184 -11.0224 -3.7194 0.4706 0.4706 2.0736 12.5986 13.7876
2 -11.5224 -11.4324 -11.4314 -11.2184 -11.0224 -3.7224 0.4606 0.4766 2.0856 12.5826 13.7816
3 -11.5234 -11.4334 -11.4304 -11.2184 -11.0234 -3.7324 0.4316 0.4956 2.1196 12.5386 13.7626
4 -11.5234 -11.4344 -11.4284 -11.2194 -11.0244 -3.7474 0.3856 0.5266 2.1746 12.4706 13.7336
5 -11.5244 -11.4354 -11.4244 -11.2194 -11.0264 -3.7684 0.3256 0.5686 2.2466 12.3866 13.6966
6 -11.5254 -11.4374 -11.4204 -11.2194 -11.0294 -3.7954 0.2546 0.6236 2.3326 12.2926 13.6536
7 -11.5264 -11.4394 -11.4154 -11.2194 -11.0324 -3.8264 0.1756 0.6886 2.4306 12.1916 13.6076
8 -11.5274 -11.4414 -11.4104 -11.2204 -11.0354 -3.8624 0.0896 0.7646 2.5376 12.0856 13.5596
9 -11.5284 -11.4444 -11.4044 -11.2204 -11.0384 -3.9014 0.0006 0.8506 2.6526 11.9786 13.5096
10 -11.5284 -11.4474 -11.3974 -11.2214 -11.0424 -3.9444 -0.0914 0.9456 2.7736 11.8696 13.4596
11 -11.5294 -11.4504 -11.3904 -11.2234 -11.0464 -3.9904 -0.1854 1.0496 2.9006 11.7606 13.4086
12 -11.5304 -11.4544 -11.3824 -11.2244 -11.0514 -4.0384 -0.2804 1.1616 3.0316 11.6526 13.3586
13 -11.5304 -11.4584 -11.3744 -11.2274 -11.0554 -4.0884 -0.3754 1.2806 3.1656 11.5456 13.3096
14 -11.5304 -11.4624 -11.3664 -11.2294 -11.0594 -4.1394 -0.4714 1.4076 3.3036 11.4396 13.2606
15 -11.5304 -11.4664 -11.3574 -11.2334 -11.0634 -4.1914 -0.5664 1.5416 3.4436 11.3356 13.2136
16 -11.5304 -11.4714 -11.3484 -11.2374 -11.0674 -4.2434 -0.6604 1.6816 3.5866 11.2346 13.1666
17 -11.5304 -11.4754 -11.3394 -11.2414 -11.0714 -4.2964 -0.7534 1.8266 3.7316 11.1346 13.1216
18 -11.5294 -11.4804 -11.3294 -11.2474 -11.0744 -4.3494 -0.8444 1.9776 3.8786 11.0376 13.0766
19 -11.5294 -11.4854 -11.3194 -11.2534 -11.0774 -4.4024 -0.9354 2.1346 4.0266 10.9436 13.0336
20 -11.5284 -11.4904 -11.3094 -11.2604 -11.0794 -4.4544 -1.0234 2.2956 4.1766 10.8516 12.9916
21 -11.5274 -11.4954 -11.2994 -11.2684 -11.0814 -4.5054 -1.1104 2.4606 4.3286 10.7626 12.9506
22 -11.5264 -11.5004 -11.2894 -11.2764 -11.0834 -4.5554 -1.1954 2.6306 4.4806 10.6776 12.9116
23 -11.5244 -11.5064 -11.2854 -11.2784 -11.0844 -4.6044 -1.2784 2.8046 4.6336 10.5956 12.8726
24 -11.5234 -11.5114 -11.2944 -11.2684 -11.0854 -4.6524 -1.3594 2.9816 4.7876 10.5166 12.8356
25 -11.5214 -11.5164 -11.3044 -11.2574 -11.0854 -4.6994 -1.4384 3.1626 4.9416 10.4416 12.7996
26 -11.5224 -11.5204 -11.3144 -11.2474 -11.0864 -4.7454 -1.5154 3.3466 5.0956 10.3696 12.7646
27 -11.5274 -11.5184 -11.3244 -11.2364 -11.0864 -4.7894 -1.5894 3.5336 5.2496 10.3026 12.7306
28 -11.5334 -11.5164 -11.3354 -11.2264 -11.0854 -4.8314 -1.6614 3.7236 5.4036 10.2396 12.6976
29 -11.5394 -11.5144 -11.3454 -11.2164 -11.0854 -4.8724 -1.7314 3.9156 5.5566 10.1806 12.6646
30 -11.5444 -11.5124 -11.3564 -11.2054 -11.0854 -4.9114 -1.7984 4.1106 5.7086 10.1276 12.6336
31 -11.5504 -11.5104 -11.3664 -11.1954 -11.0844 -4.9484 -1.8624 4.3066 5.8586 10.0786 12.6026
32 -11.5564 -11.5084 -11.3764 -11.1864 -11.0844 -4.9844 -1.9244 4.5046 6.0076 10.0356 12.5716
33 -11.5614 -11.5064 -11.3864 -11.1764 -11.0834 -5.0184 -1.9844 4.7046 6.1536 9.9976 12.5416
34 -11.5674 -11.5044 -11.3964 -11.1674 -11.0824 -5.0504 -2.0404 4.9046 6.2966 9.9666 12.5116
35 -11.5724 -11.5024 -11.4054 -11.1574 -11.0814 -5.0814 -2.0944 5.1056 6.4356 9.9416 12.4806
36 -11.5784 -11.5004 -11.4144 -11.1494 -11.0814 -5.1104 -2.1454 5.3076 6.5706 9.9236 12.4496
37 -11.5834 -11.4984 -11.4224 -11.1404 -11.0804 -5.1374 -2.1934 5.5086 6.7006 9.9136 12.4176
38 -11.5884 -11.4974 -11.4304 -11.1324 -11.0794 -5.1624 -2.2384 5.7096 6.8246 9.9116 12.3836
39 -11.5934 -11.4954 -11.4374 -11.1254 -11.0794 -5.1854 -2.2814 5.9086 6.9416 9.9176 12.3466
40 -11.5984 -11.4934 -11.4444 -11.1174 -11.0784 -5.2074 -2.3204 6.1056 7.0516 9.9326 12.3056
41 -11.6034 -11.4914 -11.4504 -11.1114 -11.0774 -5.2274 -2.3564 6.2986 7.1536 9.9556 12.2586
42 -11.6084 -11.4904 -11.4564 -11.1044 -11.0774 -5.2454 -2.3904 6.4886 7.2466 9.9876 12.2056
43 -11.6124 -11.4894 -11.4614 -11.0994 -11.0764 -5.2624 -2.4204 6.6716 7.3296 10.0276 12.1446
44 -11.6164 -11.4874 -11.4654 -11.0944 -11.0754 -5.2764 -2.4474 6.8476 7.4036 10.0736 12.0736
45 -11.6194 -11.4864 -11.4694 -11.0894 -11.0754 -5.2894 -2.4714 7.0146 7.4686 10.1256 11.9946
46 -11.6224 -11.4854 -11.4734 -11.0854 -11.0754 -5.3014 -2.4924 7.1696 7.5226 10.1816 11.9086
47 -11.6254 -11.4844 -11.4764 -11.0814 -11.0744 -5.3104 -2.5094 7.3096 7.5686 10.2376 11.8206
48 -11.6274 -11.4844 -11.4784 -11.0794 -11.0744 -5.3184 -2.5244 7.4316 7.6046 10.2906 11.7366
49 -11.6294 -11.4834 -11.4804 -11.0764 -11.0744 -5.3244 -2.5354 7.5316 7.6326 10.3386 11.6626
50 -11.6304 -11.4834 -11.4814 -11.0754 -11.0744 -5.3284 -2.5434 7.6056 7.6526 10.3756 11.6046
51 -11.6314 -11.4824 -11.4824 -11.0744 -11.0744 -5.3314 -2.5484 7.6526 7.6636 10.3996 11.5676
52 -11.6314 -11.4824 -11.4824 -11.0734 -11.0734 -5.3314 -2.5504 7.6676 7.6676 10.4086 11.5546
53 -11.6314 -11.4824 -11.4824 -11.0744 -11.0744 -5.3404 -2.5384 7.6686 7.6686 10.4086 11.5556
54 -11.6314 -11.4824 -11.4824 -11.0744 -11.0744 -5.3674 -2.5044 7.6716 7.6716 10.4086 11.5606
55 -11.6304 -11.4824 -11.4824 -11.0754 -11.0754 -5.4094 -2.4504 7.6766 7.6766 10.4086 11.5676
56 -11.6304 -11.4814 -11.4814 -11.0774 -11.0774 -5.4674 -2.3754 7.6836 7.6836 10.4096 11.5786
57 -11.6294 -11.4814 -11.4814 -11.0794 -11.0794 -5.5364 -2.2844 7.6916 7.6916 10.4106 11.5916
58 -11.6274 -11.4804 -11.4804 -11.0814 -11.0814 -5.6164 -2.1774 7.7026 7.7026 10.4116 11.6076
59 -11.6264 -11.4794 -11.4794 -11.0834 -11.0834 -5.7044 -2.0574 7.7146 7.7146 10.4126 11.6266
60 -11.6244 -11.4784 -11.4784 -11.0864 -11.0864 -5.7994 -1.9254 7.7286 7.7286 10.4136 11.6486
61 -11.6224 -11.4774 -11.4774 -11.0904 -11.0904 -5.8984 -1.7844 7.7446 7.7446 10.4156 11.6736
62 -11.6204 -11.4764 -11.4764 -11.0934 -11.0934 -6.0024 -1.6344 7.7626 7.7626 10.4176 11.7016
63 -11.6184 -11.4744 -11.4744 -11.0974 -11.0974 -6.1084 -1.4764 7.7826 7.7826 10.4196 11.7326
64 -11.6164 -11.4734 -11.4734 -11.1024 -11.1024 -6.2164 -1.3124 7.8036 7.8036 10.4216 11.7656
65 -11.6134 -11.4714 -11.4714 -11.1064 -11.1064 -6.3254 -1.1414 7.8266 7.8266 10.4236 11.8016
66 -11.6104 -11.4704 -11.4704 -11.1114 -11.1114 -6.4354 -0.9654 7.8516 7.8516 10.4266 11.8416
67 -11.6084 -11.4684 -11.4684 -11.1174 -11.1174 -6.5444 -0.7854 7.8776 7.8776 10.4306 11.8826
68 -11.6054 -11.4664 -11.4664 -11.1224 -11.1224 -6.6544 -0.5994 7.9056 7.9056 10.4336 11.9276
69 -11.6014 -11.4654 -11.4654 -11.1284 -11.1284 -6.7634 -0.4104 7.9346 7.9346 10.4376 11.9756
70 -11.5984 -11.4634 -11.4634 -11.1344 -11.1344 -6.8714 -0.2164 7.9656 7.9656 10.4416 12.0256
71 -11.5954 -11.4614 -11.4614 -11.1404 -11.1404 -6.9774 -0.0194 7.9976 7.9976 10.4466 12.0786
72 -11.5914 -11.4594 -11.4594 -11.1464 -11.1464 -7.0834 0.1806 8.0306 8.0306 10.4516 12.1336
73 -11.5884 -11.4574 -11.4574 -11.1534 -11.1534 -7.1864 0.3846 8.0656 8.0656 10.4566 12.1926
74 -11.5844 -11.4554 -11.4554 -11.1604 -11.1604 -7.2884 0.5916 8.1016 8.1016 10.4626 12.2536
75 -11.5804 -11.4534 -11.4534 -11.1664 -11.1664 -7.3894 0.8006 8.1386 8.1386 10.4686 12.3166
76 -11.5774 -11.4514 -11.4514 -11.1734 -11.1734 -7.4874 1.0136 8.1766 8.1766 10.4756 12.3826
77 -11.5734 -11.4504 -11.4504 -11.1804 -11.1804 -7.5844 1.2286 8.2156 8.2156 10.4826 12.4516
78 -11.5694 -11.4484 -11.4484 -11.1864 -11.1864 -7.6784 1.4466 8.2556 8.2556 10.4906 12.5226
79 -11.5654 -11.4464 -11.4464 -11.1934 -11.1934 -7.7704 1.6666 8.2966 8.2966 10.4986 12.5966
80 -11.5614 -11.4454 -11.4454 -11.2004 -11.2004 -7.8604 1.8896 8.3386 8.3386 10.5066 12.6726
81 -11.5574 -11.4434 -11.4434 -11.2064 -11.2064 -7.9484 2.1146 8.3806 8.3806 10.5156 12.7506
82 -11.5544 -11.4424 -11.4424 -11.2134 -11.2134 -8.0344 2.3426 8.4236 8.4236 10.5246 12.8316
83 -11.5504 -11.4414 -11.4414 -11.2194 -11.2194 -8.1174 2.5716 8.4676 8.4676 10.5346 12.9136
84 -11.5464 -11.4404 -11.4404 -11.2254 -11.2254 -8.1984 2.8036 8.5116 8.5116 10.5456 12.9986
85 -11.5424 -11.4404 -11.4404 -11.2314 -11.2314 -8.2764 3.0366 8.5566 8.5566 10.5566 13.0856
86 -11.5394 -11.4394 -11.4394 -11.2364 -11.2364 -8.3524 3.2726 8.6016 8.6016 10.5676 13.1736
87 -11.5354 -11.4394 -11.4394 -11.2414 -11.2414 -8.4264 3.5096 8.6466 8.6466 10.5796 13.2636
88 -11.5324 -11.4394 -11.4394 -11.2464 -11.2464 -8.4974 3.7486 8.6916 8.6916 10.5916 13.3546
89 -11.5294 -11.4404 -11.4404 -11.2504 -11.2504 -8.5654 3.9896 8.7366 8.7366 10.6046 13.4466
90 -11.5264 -11.4414 -11.4414 -11.2544 -11.2544 -8.6314 4.2316 8.7826 8.7826 10.6176 13.5386
91 -11.5234 -11.4424 -11.4424 -11.2584 -11.2584 -8.6954 4.4746 8.8276 8.8276 10.6316 13.6296
92 -11.5204 -11.4434 -11.4434 -11.2614 -11.2614 -8.7564 4.7196 8.8726 8.8726 10.6456 13.7196
93 -11.5174 -11.4454 -11.4454 -11.2644 -11.2644 -8.8144 4.9656 8.9166 8.9166 10.6606 13.8066
94 -11.5154 -11.4474 -11.4474 -11.2674 -11.2674 -8.8704 5.2126 8.9616 8.9616 10.6756 13.8886
95 -11.5124 -11.4494 -11.4494 -11.2694 -11.2694 -8.9234 5.4606 9.0046 9.0046 10.6906 13.9616
96 -11.5104 -11.4524 -11.4524 -11.2704 -11.2704 -8.9744 5.7086 9.0476 9.0476 10.7066 14.0216
97 -11.5084 -11.4544 -11.4544 -11.2724 -11.2724 -9.0224 5.9566 9.0896 9.0896 10.7226 14.0646
98 -11.5064 -11.4574 -11.4574 -11.2734 -11.2734 -9.0684 6.2056 9.1306 9.1306 10.7386 14.0856
99 -11.5044 -11.4604 -11.4604 -11.2744 -11.2744 -9.1114 6.4536 9.1706 9.1706 10.7556 14.0836
100 -11.5034 -11.4634 -11.4634 -11.2744 -11.2744 -9.1514 6.7016 9.2096 9.2096 10.7726 14.0616
101 -11.5014 -11.4664 -11.4664 -11.2754 -11.2754 -9.1894 6.9476 9.2476 9.2476 10.7896 14.0246
102 -11.5004 -11.4694 -11.4694 -11.2754 -11.2754 -9.2254 7.1926 9.2836 9.2836 10.8066 13.9786
103 -11.4994 -11.4724 -11.4724 -11.2754 -11.2754 -9.2584 7.4346 9.3186 9.3186 10.8246 13.9256
104 -11.4984 -11.4744 -11.4744 -11.2754 -11.2754 -9.2884 7.6736 9.3506 9.3506 10.8416 13.8696
105 -11.4974 -11.4774 -11.4774 -11.2754 -11.2754 -9.3164 7.9086 9.3816 9.3816 10.8596 13.8116
106 -11.4964 -11.4804 -11.4804 -11.2754 -11.2754 -9.3424 8.1376 9.4106 9.4106 10.8776 13.7536
107 -11.4954 -11.4824 -11.4824 -11.2754 -11.2754 -9.3654 8.3606 9.4376 9.4376 10.8956 13.6946
108 -11.4954 -11.4844 -11.4844 -11.2744 -11.2744 -9.3854 8.5726 9.4616 9.4616 10.9136 13.6366
109 -11.4944 -11.4864 -11.4864 -11.2744 -11.2744 -9.4034 8.7746 9.4836 9.4836 10.9326 13.5776
110 -11.4944 -11.4884 -11.4884 -11.2744 -11.2744 -9.4194 8.9606 9.5026 9.5026 10.9516 13.5196
111 -11.4934 -11.4894 -11.4894 -11.2744 -11.2744 -9.4324 9.1286 9.5186 9.5186 10.9706 13.4606
112 -11.4934 -11.4914 -11.4914 -11.2744 -11.2744 -9.4434 9.2746 9.5326 9.5326 10.9896 13.4036
113 -11.4934 -11.4924 -11.4924 -11.2734 -11.2734 -9.4514 9.3946 9.5426 9.5426 11.0066 13.3506
114 -11.4934 -11.4924 -11.4924 -11.2734 -11.2734 -9.4574 9.4836 9.5506 9.5506 11.0216 13.3066
115 -11.4934 -11.4934 -11.4934 -11.2734 -11.2734 -9.4614 9.5386 9.5556 9.5556 11.0306 13.2776
116 -11.4934 -11.4934 -11.4934 -11.2734 -11.2734 -9.4624 9.5566 9.5566 9.5566 11.0346 13.2676
117 -11.4934 -11.4934 -11.4934 -11.2734 -11.2734 -9.4614 9.5476 9.5506 9.5506 11.0306 13.2776
118 -11.4934 -11.4924 -11.4924 -11.2744 -11.2734 -9.4574 9.5216 9.5316 9.5316 11.0206 13.3086
119 -11.4944 -11.4914 -11.4914 -11.2744 -11.2724 -9.4514 9.4776 9.5006 9.5006 11.0036 13.3586
120 -11.4954 -11.4904 -11.4904 -11.2754 -11.2724 -9.4434 9.4186 9.4586 9.4586 10.9796 13.4266
121 -11.4964 -11.4884 -11.4884 -11.2764 -11.2714 -9.4324 9.3456 9.4056 9.4056 10.9506 13.5086
122 -11.4974 -11.4864 -11.4864 -11.2784 -11.2704 -9.4194 9.2606 9.3416 9.3416 10.9166 13.6016
123 -11.4994 -11.4834 -11.4834 -11.2804 -11.2694 -9.4034 9.1656 9.2696 9.2696 10.8766 13.7026
124 -11.5014 -11.4814 -11.4814 -11.2824 -11.2684 -9.3854 9.0606 9.1896 9.1896 10.8336 13.8026
125 -11.5034 -11.4774 -11.4774 -11.2844 -11.2674 -9.3654 8.9486 9.1026 9.1026 10.7866 13.8906
126 -11.5054 -11.4744 -11.4744 -11.2864 -11.2654 -9.3424 8.8296 9.0086 9.0086 10.7356 13.9426
127 -11.5084 -11.4704 -11.4704 -11.2894 -11.2634 -9.3174 8.7056 8.9096 8.9096 10.6826 13.9286
128 -11.5114 -11.4664 -11.4664 -11.2924 -11.2624 -9.2894 8.5776 8.8066 8.8066 10.6276 13.8366
129 -11.5144 -11.4614 -11.4614 -11.2964 -11.2604 -9.2594 8.4456 8.6986 8.6986 10.5706 13.6826
130 -11.5174 -11.4564 -11.4564 -11.3004 -11.2584 -9.2264 8.3096 8.5876 8.5876 10.5126 13.4936
131 -11.5204 -11.4514 -11.4514 -11.3044 -11.2554 -9.1914 8.1716 8.4746 8.4746 10.4536 13.2866
132 -11.5244 -11.4454 -11.4454 -11.3084 -11.2534 -9.1544 8.0306 8.3586 8.3586 10.3936 13.0696
133 -11.5284 -11.4394 -11.4394 -11.3134 -11.2504 -9.1144 7.8876 8.2416 8.2416 10.3336 12.8486
134 -11.5324 -11.4334 -11.4334 -11.3184 -11.2484 -9.0714 7.7416 8.1226 8.1226 10.2726 12.6256
135 -11.5364 -11.4264 -11.4264 -11.3234 -11.2454 -9.0264 7.5946 8.0036 8.0036 10.2126 12.4026
136 -11.5414 -11.4204 -11.4204 -11.3284 -11.2424 -8.9794 7.4456 7.8836 7.8836 10.1526 12.1816
137 -11.5454 -11.4124 -11.4124 -11.3344 -11.2394 -8.9294 7.2946 7.7626 7.7626 10.0926 11.9626
138 -11.5504 -11.4054 -11.4054 -11.3404 -11.2364 -8.8764 7.1416 7.6416 7.6416 10.0326 11.7466
139 -11.5554 -11.3974 -11.3974 -11.3474 -11.2334 -8.8214 6.9866 7.5216 7.5216 9.9736 11.5336
140 -11.5604 -11.3904 -11.3904 -11.3534 -11.2304 -8.7644 6.8306 7.4006 7.4006 9.9156 11.3256
141 -11.5654 -11.3814 -11.3814 -11.3604 -11.2264 -8.7044 6.6716 7.2816 7.2816 9.8576 11.1206
142 -11.5704 -11.3734 -11.3734 -11.3674 -11.2234 -8.6424 6.5106 7.1626 7.1626 9.8016 10.9216
143 -11.5764 -11.3744 -11.3644 -11.3644 -11.2194 -8.5774 6.3476 7.0436 7.0436 9.7456 10.7276
144 -11.5814 -11.3824 -11.3564 -11.3564 -11.2164 -8.5104 6.1826 6.9266 6.9266 9.6906 10.5386
145 -11.5874 -11.3904 -11.3474 -11.3474 -11.2124 -8.4404 6.0146 6.8106 6.8106 9.6366 10.3546
146 -11.5924 -11.3984 -11.3384 -11.3384 -11.2094 -8.3684 5.8456 6.6956 6.6956 9.5836 10.1776
147 -11.5984 -11.4064 -11.3284 -11.3284 -11.2054 -8.2934 5.6726 6.5826 6.5826 9.5326 10.0056
148 -11.6044 -11.4144 -11.3194 -11.3194 -11.2014 -8.2164 5.4986 6.4706 6.4706 9.4816 9.8396
149 -11.6094 -11.4234 -11.3094 -11.3094 -11.1974 -8.1374 5.3216 6.3606 6.3606 9.4326 9.6806
150 -11.6154 -11.4314 -11.3004 -11.3004 -11.1934 -8.0554 5.1426 6.2516 6.2516 9.3846 9.5266
151 -11.6214 -11.4404 -11.2904 -11.2904 -11.1894 -7.9714 4.9616 6.1446 6.1446 9.3376 9.3786
152 -11.6274 -11.4494 -11.2804 -11.2804 -11.1854 -7.8844 4.7776 6.0396 6.0396 9.2376 9.2916
153 -11.6334 -11.4574 -11.2704 -11.2704 -11.1824 -7.7954 4.5926 5.9356 5.9356 9.1016 9.2466
154 -11.6394 -11.4664 -11.2604 -11.2604 -11.1784 -7.7044 4.4046 5.8346 5.8346 8.9726 9.2036
155 -11.6454 -11.4754 -11.2504 -11.2504 -11.1744 -7.6104 4.2156 5.7356 5.7356 8.8486 9.1616
156 -11.6514 -11.4844 -11.2404 -11.2404 -11.1704 -7.5144 4.0246 5.6386 5.6386 8.7296 9.1206
157 -11.6564 -11.4934 -11.2304 -11.2304 -11.1664 -7.4164 3.8326 5.5436 5.5436 8.6176 9.0806
158 -11.6624 -11.5024 -11.2204 -11.2204 -11.1624 -7.3164 3.6396 5.4506 5.4506 8.5096 9.0416
159 -11.6684 -11.5114 -11.2104 -11.2104 -11.1584 -7.2134 3.4456 5.3596 5.3596 8.4076 9.0046
160 -11.6744 -11.5204 -11.2004 -11.2004 -11.1544 -7.1084 3.2496 5.2716 5.2716 8.3106 8.9686
161 -11.6794 -11.5284 -11.1904 -11.1904 -11.1514 -7.0024 3.0546 5.1856 5.1856 8.2186 8.9336
162 -11.6854 -11.5374 -11.1814 -11.1814 -11.1474 -6.8934 2.8576 5.1026 5.1026 8.1306 8.9006
163 -11.6904 -11.5464 -11.1714 -11.1714 -11.1434 -6.7814 2.6616 5.0216 5.0216 8.0476 8.8686
164 -11.6954 -11.5544 -11.1624 -11.1624 -11.1404 -6.6684 2.4646 4.9426 4.9426 7.9696 8.8376
165 -11.7004 -11.5624 -11.1534 -11.1534 -11.1364 -6.5534 2.2676 4.8676 4.8676 7.8946 8.8076
166 -11.7054 -11.5704 -11.1434 -11.1434 -11.1334 -6.4364 2.0716 4.7936 4.7936 7.8246 8.7786
167 -11.7104 -11.5784 -11.1354 -11.1354 -11.1304 -6.3174 1.8756 4.7236 4.7236 7.7576 8.7516
168 -11.7154 -11.5864 -11.1264 -11.1264 -11.1264 -6.1974 1.6806 4.6556 4.6556 7.6956 8.7256
169 -11.7204 -11.5944 -11.1234 -11.1184 -11.1184 -6.0744 1.4866 4.5906 4.5906 7.6366 8.7006
170 -11.7244 -11.6014 -11.1204 -11.1094 -11.1094 -5.9514 1.2936 4.5276 4.5276 7.5806 8.6766
171 -11.7284 -11.6084 -11.1174 -11.1014 -11.1014 -5.8254 1.1026 4.4686 4.4686 7.5286 8.6536
172 -11.7334 -11.6154 -11.1154 -11.0944 -11.0944 -5.6984 0.9126 4.4116 4.4116 7.4806 8.6326
173 -11.7364 -11.6214 -11.1124 -11.0874 -11.0874 -5.5704 0.7236 4.3576 4.3576 7.4346 8.6126
174 -11.7404 -11.6274 -11.1094 -11.0804 -11.0804 -5.4414 0.5376 4.3076 4.3076 7.3926 8.5936
175 -11.7444 -11.6334 -11.1074 -11.0734 -11.0734 -5.3124 0.3536 4.2596 4.2596 7.3526 8.5756
176 -11.7474 -11.6394 -11.1054 -11.0674 -11.0674 -5.1824 0.1726 4.2146 4.2146 7.3166 8.5596
177 -11.7504 -11.6444 -11.1024 -11.0614 -11.0614 -5.0514 -0.0054 4.1726 4.1726 7.2826 8.5436
178 -11.7534 -11.6494 -11.1004 -11.0554 -11.0554 -4.9214 -0.1794 4.1326 4.1326 7.2516 8.5296
179 -11.7564 -11.6534 -11.0994 -11.0504 -11.0504 -4.7924 -0.3504 4.0976 4.0976 7.2236 8.5166
180 -11.7584 -11.6574 -11.0974 -11.0454 -11.0454 -4.6644 -0.5154 4.0646 4.0646 7.1976 8.5046
181 -11.7614 -11.6614 -11.0954 -11.0414 -11.0414 -4.5384 -0.6754 4.0346 4.0346 7.1746 8.4936
182 -11.7634 -11.6654 -11.0944 -11.0374 -11.0374 -4.4164 -0.8284 4.0076 4.0076 7.1546 8.4836
183 -11.7654 -11.6684 -11.0934 -11.0344 -11.0344 -4.2984 -0.9734 3.9836 3.9836 7.1366 8.4756
184 -11.7664 -11.6704 -11.0924 -11.0304 -11.0304 -4.1874 -1.1074 3.9636 3.9636 7.1206 8.4676
185 -11.7674 -11.6724 -11.0914 -11.0284 -11.0284 -4.0844 -1.2304 3.9456 3.9456 7.1076 8.4616
186 -11.7684 -11.6744 -11.0904 -11.0264 -11.0264 -3.9934 -1.3374 3.9316 3.9316 7.0976 8.4566
187 -11.7694 -11.6764 -11.0894 -11.0244 -11.0244 -3.9174 -1.4264 3.9206 3.9206 7.0886 8.4526
188 -11.7704 -11.6774 -11.0894 -11.0234 -11.0234 -3.8584 -1.4944 3.9126 3.9126 7.0836 8.4496
189 -11.7704 -11.6774 -11.0894 -11.0224 -11.0224 -3.8224 -1.5364 3.9076 3.9076 7.0796 8.4476
190 -11.7704 -11.6774 -11.0894 -11.0224 -11.0224 -3.8094 -1.5504 3.9066 3.9066 7.0786 8.4476
191 -11.7704 -11.6774 -11.0894 -11.0234 -11.0224 -3.8094 -1.5484 3.9006 3.9006 7.0876 8.4546
192 -11.7694 -11.6774 -11.0894 -11.0244 -11.0224 -3.8094 -1.5434 3.8816 3.8836 7.1156 8.4756
193 -11.7684 -11.6764 -11.0904 -11.0264 -11.0224 -3.8084 -1.5354 3.8526 3.8546 7.1616 8.5116
194 -11.7664 -11.6744 -11.0914 -11.0294 -11.0224 -3.8074 -1.5244 3.8116 3.8146 7.2246 8.5606
195 -11.7634 -11.6724 -11.0934 -11.0324 -11.0224 -3.8064 -1.5094 3.7626 3.7656 7.3036 8.6216
196 -11.7604 -11.6704 -11.0954 -11.0374 -11.0224 -3.8044 -1.4924 3.7056 3.7066 7.3966 8.6956
197 -11.7574 -11.6674 -11.0974 -11.0424 -11.0224 -3.8024 -1.4714 3.6396 3.6416 7.5016 8.7806
198 -11.7534 -11.6644 -11.0994 -11.0484 -11.0224 -3.8004 -1.4464 3.5646 3.5726 7.6196 8.8756
199 -11.7484 -11.6604 -11.1024 -11.0554 -11.0224 -3.7984 -1.4194 3.4826 3.5006 7.7466 8.9796
200 -11.7434 -11.6564 -11.1054 -11.0624 -11.0224 -3.7954 -1.3884 3.3956 3.4246 7.8836 9.0926
201 -11.7374 -11.6524 -11.1094 -11.0704 -11.0224 -3.7924 -1.3554 3.3026 3.3476 8.0296 9.2136
202 -11.7314 -11.6484 -11.1124 -11.0794 -11.0224 -3.7894 -1.3184 3.2056 3.2686 8.1826 9.3416
203 -11.7244 -11.6434 -11.1164 -11.0894 -11.0224 -3.7864 -1.2784 3.1046 3.1906 8.3416 9.4756
204 -11.7164 -11.6374 -11.1214 -11.0994 -11.0224 -3.7834 -1.2364 3.0006 3.1116 8.5076 9.6166
205 -11.7084 -11.6324 -11.1254 -11.1104 -11.0224 -3.7794 -1.1904 2.8936 3.0336 8.6786 9.7626
206 -11.7004 -11.6264 -11.1304 -11.1214 -11.0224 -3.7764 -1.1414 2.7846 2.9576 8.8556 9.9136
207 -11.6914 -11.6204 -11.1354 -11.1334 -11.0224 -3.7724 -1.0904 2.6746 2.8836 9.0366 10.0686
208 -11.6824 -11.6144 -11.1454 -11.1404 -11.0224 -3.7684 -1.0364 2.5626 2.8106 9.2216 10.2286
209 -11.6724 -11.6084 -11.1584 -11.1454 -11.0224 -3.7644 -0.9794 2.4496 2.7406 9.4106 10.3916
210 -11.6624 -11.6014 -11.1714 -11.1504 -11.0224 -3.7604 -0.9194 2.3356 2.6726 9.6036 10.5586
211 -11.6514 -11.5954 -11.1854 -11.1564 -11.0224 -3.7574 -0.8564 2.2216 2.6076 9.7996 10.7296
212 -11.6404 -11.5884 -11.1994 -11.1614 -11.0224 -3.7534 -0.7914 2.1066 2.5456 9.9986 10.9026
213 -11.6294 -11.5824 -11.2134 -11.1674 -11.0224 -3.7494 -0.7234 1.9926 2.4876 10.1996 11.0796
214 -11.6174 -11.5754 -11.2284 -11.1724 -11.0224 -3.7464 -0.6524 1.8776 2.4326 10.4036 11.2586
215 -11.6044 -11.5694 -11.2434 -11.1784 -11.0224 -3.7424 -0.5804 1.7636 2.3806 10.6086 11.4406
216 -11.5924 -11.5634 -11.2584 -11.1834 -11.0224 -3.7394 -0.5044 1.6506 2.3326 10.8156 11.6256
217 -11.5784 -11.5564 -11.2744 -11.1884 -11.0224 -3.7364 -0.4264 1.5376 2.2886 11.0226 11.8116
218 -11.5654 -11.5514 -11.2894 -11.1934 -11.0224 -3.7334 -0.3464 1.4256 2.2486 11.2296 12.0006
219 -11.5514 -11.5454 -11.3054 -11.1984 -11.0224 -3.7304 -0.2644 1.3146 2.2126 11.4346 12.1916
220 -11.5404 -11.5374 -11.3214 -11.2024 -11.0224 -3.7284 -0.1794 1.2046 2.1796 11.6376 12.3846
221 -11.5364 -11.5234 -11.3374 -11.2064 -11.0224 -3.7254 -0.0924 1.0956 2.1516 11.8346 12.5806
222 -11.5324 -11.5084 -11.3534 -11.2104 -11.0224 -3.7244 -0.0034 0.9876 2.1286 12.0246 12.7776
223 -11.5284 -11.4934 -11.3684 -11.2134 -11.0224 -3.7224 0.0876 0.8816 2.1086 12.2006 12.9756
224 -11.5264 -11.4784 -11.3844 -11.2154 -11.0224 -3.7214 0.1806 0.7766 2.0936 12.3576 13.1766
225 -11.5244 -11.4634 -11.4004 -11.2174 -11.0224 -3.7204 0.2756 0.6726 2.0826 12.4846 13.3786
226 -11.5224 -11.4484 -11.4164 -11.2184 -11.0224 -3.7194 0.3716 0.5706 2.0756 12.5686 13.5826
227 -11.5224 -11.4324 -11.4324 -11.2184 -11.0224 -3.7194 0.4706 0.4706 2.0736 12.5986 13.7876
228 -11.5224 -11.4424 -11.4224 -11.2184 -11.0224 -3.7214 0.4056 0.5336 2.0796 12.5776 13.6596
229 -11.5234 -11.4524 -11.4114 -11.2184 -11.0224 -3.7244 0.3436 0.5916 2.0996 12.5096 13.5536
230 -11.5254 -11.4614 -11.4014 -11.2174 -11.0234 -3.7304 0.2826 0.6426 2.1326 12.3966 13.4756
231 -11.5284 -11.4694 -11.3904 -11.2164 -11.0244 -3.7374 0.2246 0.6836 2.1816 12.2446 13.4206
232 -11.5324 -11.4754 -11.3804 -11.2154 -11.0254 -3.7464 0.1686 0.7166 2.2466 12.0656 13.3816
233 -11.5374 -11.4814 -11.3694 -11.2144 -11.0264 -3.7564 0.1146 0.7396 2.3256 11.8696 13.3516
234 -11.5434 -11.4854 -11.3584 -11.2134 -11.0284 -3.7674 0.0626 0.7546 2.4186 11.6626 13.3256
235 -11.5514 -11.4884 -11.3484 -11.2114 -11.0294 -3.7784 0.0126 0.7626 2.5236 11.4496 13.3026
236 -11.5594 -11.4904 -11.3384 -11.2094 -11.0314 -3.7904 -0.0344 0.7646 2.6396 11.2336 13.2806
237 -11.5684 -11.4914 -11.3274 -11.2084 -11.0344 -3.8014 -0.0794 0.7616 2.7646 11.0146 13.2596
238 -11.5764 -11.4924 -11.3174 -11.2064 -11.0364 -3.8134 -0.1224 0.7556 2.8976 10.7966 13.2386
239 -11.5854 -11.4934 -11.3074 -11.2044 -11.0394 -3.8254 -0.1634 0.7456 3.0356 10.5786 13.2186
240 -11.5934 -11.4934 -11.2974 -11.2024 -11.0424 -3.8374 -0.2014 0.7346 3.1786 10.3626 13.1996
241 -11.6014 -11.4944 -11.2874 -11.2004 -11.0454 -3.8484 -0.2364 0.7226 3.3256 10.1496 13.1816
242 -11.6094 -11.4944 -11.2784 -11.1994 -11.0484 -3.8594 -0.2704 0.7096 3.4746 9.9396 13.1636
243 -11.6164 -11.4954 -11.2694 -11.1974 -11.0514 -3.8694 -0.3014 0.6966 3.6246 9.7346 13.1466
244 -11.6234 -11.4954 -11.2604 -11.1954 -11.0554 -3.8794 -0.3294 0.6836 3.7756 9.5336 13.1316
245 -11.6304 -11.4954 -11.2514 -11.1944 -11.0594 -3.8884 -0.3554 0.6706 3.9246 9.3396 13.1176
246 -11.6364 -11.4954 -11.2434 -11.1924 -11.0624 -3.8974 -0.3794 0.6586 4.0716 9.1526 13.1036
247 -11.6414 -11.4954 -11.2354 -11.1914 -11.0664 -3.9044 -0.4004 0.6476 4.2136 8.9736 13.0926
248 -11.6464 -11.4964 -11.2284 -11.1904 -11.0704 -3.9114 -0.4194 0.6376 4.3506 8.8066 13.0816
249 -11.6504 -11.4964 -11.2214 -11.1894 -11.0734 -3.9174 -0.4354 0.6286 4.4776 8.6516 13.0726
250 -11.6534 -11.4964 -11.2154 -11.1884 -11.0774 -3.9224 -0.4494 0.6216 4.5946 8.5126 13.0646
251 -11.6564 -11.4964 -11.2104 -11.1874 -11.0804 -3.9264 -0.4604 0.6146 4.6976 8.3916 13.0576
252 -11.6594 -11.4964 -11.2054 -11.1864 -11.0824 -3.9294 -0.4694 0.6096 4.7826 8.2926 13.0526
253 -11.6604 -11.4964 -11.2024 -11.1864 -11.0844 -3.9324 -0.4754 0.6056 4.8466 8.2176 13.0496
254 -11.6614 -11.4964 -11.2004 -11.1864 -11.0854 -3.9334 -0.4794 0.6036 4.8856 8.1726 13.0476
255 -11.6614 -11.4964 -11.2004 -11.1864 -11.0864 -3.9344 -0.4804 0.6036 4.8996 8.1566 13.0466
