1 -17.0317 -16.9817 -16.9817 -16.8497 -16.7227 -6.6437 -1.4337 -1.4337 0.2133 10.8933 12.3633
2 -17.0317 -16.9817 -16.9807 -16.8497 -16.7237 -6.6467 -1.4437 -1.4287 0.2243 10.8813 12.3533
3 -17.0327 -16.9817 -16.9797 -16.8497 -16.7237 -6.6537 -1.4717 -1.4117 0.2583 10.8453 12.3243
4 -17.0327 -16.9827 -16.9777 -16.8497 -16.7247 -6.6667 -1.5147 -1.3847 0.3113 10.7903 12.2813
5 -17.0347 -16.9827 -16.9757 -16.8497 -16.7257 -6.6837 -1.5727 -1.3467 0.3813 10.7193 12.2293
6 -17.0357 -16.9837 -16.9727 -16.8497 -16.7277 -6.7047 -1.6407 -1.2987 0.4653 10.6373 12.1713
7 -17.0367 -16.9847 -16.9687 -16.8507 -16.7297 -6.7307 -1.7167 -1.2397 0.5613 10.5473 12.1103
8 -17.0377 -16.9867 -16.9647 -16.8507 -16.7317 -6.7607 -1.7977 -1.1717 0.6673 10.4523 12.0473
9 -17.0397 -16.9877 -16.9607 -16.8507 -16.7337 -6.7937 -1.8837 -1.0937 0.7803 10.3543 11.9843
10 -17.0407 -16.9897 -16.9557 -16.8517 -16.7367 -6.8307 -1.9727 -1.0067 0.9003 10.2543 11.9213
11 -17.0417 -16.9907 -16.9507 -16.8527 -16.7387 -6.8697 -2.0637 -0.9117 1.0253 10.1533 11.8583
12 -17.0437 -16.9927 -16.9457 -16.8537 -16.7417 -6.9117 -2.1557 -0.8087 1.1543 10.0533 11.7963
13 -17.0447 -16.9947 -16.9397 -16.8557 -16.7447 -6.9547 -2.2477 -0.6967 1.2873 9.9543 11.7353
14 -17.0457 -16.9967 -16.9347 -16.8577 -16.7477 -7.0007 -2.3397 -0.5787 1.4243 9.8563 11.6753
15 -17.0457 -16.9987 -16.9287 -16.8597 -16.7497 -7.0467 -2.4307 -0.4527 1.5633 9.7593 11.6163
16 -17.0467 -17.0007 -16.9227 -16.8617 -16.7527 -7.0947 -2.5207 -0.3207 1.7053 9.6653 11.5593
17 -17.0477 -17.0037 -16.9167 -16.8657 -16.7557 -7.1427 -2.6107 -0.1827 1.8493 9.5733 11.5033
18 -17.0477 -17.0057 -16.9107 -16.8687 -16.7577 -7.1917 -2.6987 -0.0387 1.9953 9.4843 11.4483
19 -17.0477 -17.0087 -16.9037 -16.8727 -16.7597 -7.2407 -2.7847 0.1103 2.1433 9.3973 11.3953
20 -17.0477 -17.0107 -16.8977 -16.8777 -16.7607 -7.2897 -2.8697 0.2653 2.2913 9.3143 11.3433
21 -17.0477 -17.0137 -16.8917 -16.8827 -16.7627 -7.3387 -2.9527 0.4253 2.4413 9.2343 11.2933
22 -17.0477 -17.0157 -16.8877 -16.8847 -16.7637 -7.3867 -3.0347 0.5893 2.5923 9.1573 11.2443
23 -17.0477 -17.0187 -16.8937 -16.8787 -16.7647 -7.4347 -3.1137 0.7583 2.7433 9.0843 11.1963
24 -17.0477 -17.0207 -16.8997 -16.8717 -16.7647 -7.4817 -3.1907 0.9313 2.8953 9.0153 11.1493
25 -17.0477 -17.0237 -16.9067 -16.8657 -16.7657 -7.5277 -3.2657 1.1083 3.0463 8.9503 11.1033
26 -17.0467 -17.0257 -16.9137 -16.8597 -16.7657 -7.5717 -3.3387 1.2883 3.1983 8.8903 11.0593
27 -17.0467 -17.0287 -16.9207 -16.8527 -16.7657 -7.6157 -3.4087 1.4723 3.3483 8.8343 11.0153
28 -17.0457 -17.0317 -16.9277 -16.8467 -16.7657 -7.6587 -3.4767 1.6593 3.4983 8.7843 10.9733
29 -17.0447 -17.0337 -16.9347 -16.8407 -16.7657 -7.6997 -3.5427 1.8493 3.6473 8.7383 10.9313
30 -17.0447 -17.0367 -16.9417 -16.8347 -16.7657 -7.7397 -3.6057 2.0413 3.7943 8.6993 10.8893
31 -17.0437 -17.0387 -16.9487 -16.8287 -16.7657 -7.7777 -3.6657 2.2363 3.9393 8.6653 10.8483
32 -17.0427 -17.0417 -16.9557 -16.8227 -16.7647 -7.8147 -3.7247 2.4333 4.0813 8.6383 10.8073
33 -17.0437 -17.0417 -16.9627 -16.8167 -16.7647 -7.8497 -3.7797 2.6313 4.2203 8.6183 10.7663
34 -17.0457 -17.0417 -16.9697 -16.8117 -16.7637 -7.8837 -3.8327 2.8313 4.3553 8.6053 10.7243
35 -17.0487 -17.0407 -16.9757 -16.8057 -16.7637 -7.9157 -3.8827 3.0323 4.4863 8.5993 10.6803
36 -17.0507 -17.0397 -16.9817 -16.8007 -16.7627 -7.9457 -3.9307 3.2333 4.6113 8.6023 10.6353
37 -17.0527 -17.0387 -16.9877 -16.7967 -16.7627 -7.9747 -3.9757 3.4353 4.7323 8.6143 10.5883
38 -17.0557 -17.0387 -16.9937 -16.7917 -16.7617 -8.0017 -4.0177 3.6363 4.8463 8.6353 10.5373
39 -17.0577 -17.0377 -16.9997 -16.7877 -16.7617 -8.0267 -4.0567 3.8363 4.9533 8.6643 10.4813
40 -17.0597 -17.0367 -17.0047 -16.7827 -16.7617 -8.0497 -4.0927 4.0343 5.0533 8.7043 10.4193
41 -17.0617 -17.0357 -17.0087 -16.7797 -16.7607 -8.0707 -4.1267 4.2293 5.1453 8.7523 10.3503
42 -17.0637 -17.0357 -17.0127 -16.7757 -16.7607 -8.0907 -4.1577 4.4193 5.2283 8.8103 10.2733
43 -17.0657 -17.0347 -17.0167 -16.7727 -16.7597 -8.1087 -4.1857 4.6043 5.3043 8.8763 10.1873
44 -17.0677 -17.0337 -17.0197 -16.7697 -16.7597 -8.1237 -4.2107 4.7823 5.3713 8.9493 10.0933
45 -17.0687 -17.0337 -17.0227 -16.7667 -16.7597 -8.1377 -4.2327 4.9513 5.4293 9.0293 9.9933
46 -17.0707 -17.0327 -17.0257 -16.7647 -16.7587 -8.1507 -4.2517 5.1073 5.4793 9.1123 9.8903
47 -17.0717 -17.0327 -17.0277 -16.7627 -16.7587 -8.1607 -4.2677 5.2493 5.5213 9.1973 9.7903
48 -17.0727 -17.0327 -17.0287 -16.7617 -16.7587 -8.1687 -4.2807 5.3733 5.5543 9.2793 9.6963
49 -17.0737 -17.0327 -17.0307 -16.7597 -16.7587 -8.1757 -4.2917 5.4743 5.5803 9.3533 9.6163
50 -17.0747 -17.0317 -17.0307 -16.7587 -16.7587 -8.1807 -4.2987 5.5503 5.5983 9.4143 9.5543
51 -17.0747 -17.0317 -17.0317 -16.7587 -16.7587 -8.1837 -4.3037 5.5973 5.6093 9.4543 9.5153
52 -17.0747 -17.0317 -17.0317 -16.7587 -16.7587 -8.1837 -4.3047 5.6133 5.6133 9.4683 9.5023
53 -17.0747 -17.0317 -17.0317 -16.7587 -16.7587 -8.1907 -4.2957 5.6143 5.6143 9.4443 9.5283
54 -17.0747 -17.0317 -17.0317 -16.7587 -16.7587 -8.2087 -4.2707 5.6173 5.6173 9.4103 9.5673
55 -17.0747 -17.0317 -17.0317 -16.7597 -16.7597 -8.2377 -4.2277 5.6213 5.6213 9.3763 9.6093
56 -17.0747 -17.0317 -17.0317 -16.7607 -16.7607 -8.2787 -4.1697 5.6273 5.6273 9.3443 9.6543
57 -17.0747 -17.0307 -17.0307 -16.7617 -16.7617 -8.3287 -4.0967 5.6353 5.6353 9.3143 9.7013
58 -17.0737 -17.0307 -17.0307 -16.7637 -16.7637 -8.3877 -4.0097 5.6443 5.6443 9.2863 9.7493
59 -17.0737 -17.0297 -17.0297 -16.7647 -16.7647 -8.4547 -3.9097 5.6563 5.6563 9.2593 9.8003
60 -17.0727 -17.0297 -17.0297 -16.7667 -16.7667 -8.5277 -3.7987 5.6683 5.6683 9.2333 9.8523
61 -17.0727 -17.0287 -17.0287 -16.7697 -16.7697 -8.6067 -3.6767 5.6833 5.6833 9.2103 9.9073
62 -17.0717 -17.0277 -17.0277 -16.7717 -16.7717 -8.6907 -3.5447 5.6993 5.6993 9.1883 9.9633
63 -17.0717 -17.0267 -17.0267 -16.7747 -16.7747 -8.7777 -3.4047 5.7173 5.7173 9.1683 10.0223
64 -17.0707 -17.0257 -17.0257 -16.7777 -16.7777 -8.8677 -3.2567 5.7363 5.7363 9.1503 10.0823
65 -17.0697 -17.0247 -17.0247 -16.7807 -16.7807 -8.9597 -3.1007 5.7573 5.7573 9.1333 10.1453
66 -17.0687 -17.0237 -17.0237 -16.7837 -16.7837 -9.0537 -2.9387 5.7803 5.7803 9.1183 10.2103
67 -17.0687 -17.0227 -17.0227 -16.7877 -16.7877 -9.1487 -2.7707 5.8043 5.8043 9.1043 10.2763
68 -17.0677 -17.0217 -17.0217 -16.7907 -16.7907 -9.2447 -2.5967 5.8303 5.8303 9.0923 10.3453
69 -17.0667 -17.0207 -17.0207 -16.7947 -16.7947 -9.3407 -2.4177 5.8573 5.8573 9.0823 10.4163
70 -17.0657 -17.0197 -17.0197 -16.7987 -16.7987 -9.4367 -2.2327 5.8853 5.8853 9.0733 10.4883
71 -17.0647 -17.0187 -17.0187 -16.8027 -16.8027 -9.5317 -2.0447 5.9153 5.9153 9.0663 10.5633
72 -17.0637 -17.0177 -17.0177 -16.8077 -16.8077 -9.6267 -1.8517 5.9463 5.9463 9.0603 10.6403
73 -17.0627 -17.0167 -17.0167 -16.8117 -16.8117 -9.7207 -1.6547 5.9783 5.9783 9.0563 10.7193
74 -17.0617 -17.0147 -17.0147 -16.8157 -16.8157 -9.8137 -1.4547 6.0113 6.0113 9.0543 10.8013
75 -17.0607 -17.0137 -17.0137 -16.8207 -16.8207 -9.9057 -1.2507 6.0463 6.0463 9.0533 10.8843
76 -17.0597 -17.0127 -17.0127 -16.8257 -16.8257 -9.9957 -1.0427 6.0823 6.0823 9.0543 10.9693
77 -17.0587 -17.0117 -17.0117 -16.8297 -16.8297 -10.0847 -0.8317 6.1193 6.1193 9.0563 11.0573
78 -17.0577 -17.0107 -17.0107 -16.8347 -16.8347 -10.1717 -0.6177 6.1573 6.1573 9.0603 11.1473
79 -17.0567 -17.0097 -17.0097 -16.8387 -16.8387 -10.2577 -0.4007 6.1953 6.1953 9.0653 11.2383
80 -17.0557 -17.0087 -17.0087 -16.8437 -16.8437 -10.3407 -0.1807 6.2353 6.2353 9.0723 11.3323
81 -17.0547 -17.0077 -17.0077 -16.8477 -16.8477 -10.4227 0.0423 6.2763 6.2763 9.0803 11.4283
82 -17.0537 -17.0077 -17.0077 -16.8527 -16.8527 -10.5027 0.2673 6.3173 6.3173 9.0903 11.5263
83 -17.0537 -17.0067 -17.0067 -16.8567 -16.8567 -10.5807 0.4953 6.3593 6.3593 9.1023 11.6263
84 -17.0527 -17.0067 -17.0067 -16.8607 -16.8607 -10.6567 0.7253 6.4023 6.4023 9.1153 11.7273
85 -17.0517 -17.0057 -17.0057 -16.8647 -16.8647 -10.7297 0.9573 6.4453 6.4453 9.1293 11.8313
86 -17.0507 -17.0057 -17.0057 -16.8687 -16.8687 -10.8017 1.1923 6.4893 6.4893 9.1453 11.9363
87 -17.0497 -17.0057 -17.0057 -16.8727 -16.8727 -10.8707 1.4293 6.5333 6.5333 9.1633 12.0433
88 -17.0497 -17.0057 -17.0057 -16.8757 -16.8757 -10.9377 1.6673 6.5773 6.5773 9.1823 12.1523
89 -17.0487 -17.0067 -17.0067 -16.8787 -16.8787 -11.0027 1.9083 6.6223 6.6223 9.2033 12.2613
90 -17.0477 -17.0067 -17.0067 -16.8817 -16.8817 -11.0657 2.1503 6.6673 6.6673 9.2253 12.3723
91 -17.0477 -17.0077 -17.0077 -16.8847 -16.8847 -11.1257 2.3943 6.7113 6.7113 9.2483 12.4823
92 -17.0467 -17.0087 -17.0087 -16.8867 -16.8867 -11.1837 2.6393 6.7563 6.7563 9.2733 12.5913
93 -17.0467 -17.0097 -17.0097 -16.8887 -16.8887 -11.2397 2.8853 6.8013 6.8013 9.3003 12.6973
94 -17.0457 -17.0117 -17.0117 -16.8907 -16.8907 -11.2927 3.1323 6.8453 6.8453 9.3283 12.7943
95 -17.0457 -17.0127 -17.0127 -16.8927 -16.8927 -11.3437 3.3813 6.8893 6.8893 9.3573 12.8683
96 -17.0457 -17.0147 -17.0147 -16.8937 -16.8937 -11.3927 3.6293 6.9323 6.9323 9.3883 12.8943
97 -17.0447 -17.0167 -17.0167 -16.8947 -16.8947 -11.4387 3.8793 6.9753 6.9753 9.4203 12.8573
98 -17.0447 -17.0187 -17.0187 -16.8957 -16.8957 -11.4827 4.1283 7.0163 7.0163 9.4533 12.7793
99 -17.0447 -17.0207 -17.0207 -16.8967 -16.8967 -11.5237 4.3773 7.0573 7.0573 9.4873 12.6843
100 -17.0447 -17.0227 -17.0227 -16.8977 -16.8977 -11.5637 4.6253 7.0973 7.0973 9.5233 12.5833
101 -17.0437 -17.0247 -17.0247 -16.8977 -16.8977 -11.5997 4.8713 7.1363 7.1363 9.5603 12.4813
102 -17.0437 -17.0267 -17.0267 -16.8977 -16.8977 -11.6347 5.1163 7.1733 7.1733 9.5983 12.3803
103 -17.0437 -17.0287 -17.0287 -16.8977 -16.8977 -11.6667 5.3583 7.2083 7.2083 9.6363 12.2813
104 -17.0437 -17.0307 -17.0307 -16.8987 -16.8987 -11.6967 5.5973 7.2423 7.2423 9.6763 12.1843
105 -17.0437 -17.0327 -17.0327 -16.8987 -16.8987 -11.7237 5.8313 7.2743 7.2743 9.7163 12.0903
106 -17.0437 -17.0337 -17.0337 -16.8987 -16.8987 -11.7487 6.0583 7.3043 7.3043 9.7573 11.9993
107 -17.0437 -17.0357 -17.0357 -16.8987 -16.8987 -11.7707 6.2793 7.3313 7.3313 9.7993 11.9113
108 -17.0437 -17.0367 -17.0367 -16.8987 -16.8987 -11.7917 6.4893 7.3573 7.3573 9.8403 11.8263
109 -17.0427 -17.0387 -17.0387 -16.8977 -16.8977 -11.8087 6.6883 7.3793 7.3793 9.8813 11.7443
110 -17.0427 -17.0397 -17.0397 -16.8977 -16.8977 -11.8247 6.8713 7.3993 7.3993 9.9223 11.6673
111 -17.0427 -17.0407 -17.0407 -16.8977 -16.8977 -11.8377 7.0373 7.4163 7.4163 9.9623 11.5933
112 -17.0427 -17.0417 -17.0417 -16.8977 -16.8977 -11.8477 7.1803 7.4313 7.4313 9.9983 11.5263
113 -17.0427 -17.0417 -17.0417 -16.8977 -16.8977 -11.8567 7.2973 7.4423 7.4423 10.0313 11.4663
114 -17.0427 -17.0427 -17.0427 -16.8977 -16.8977 -11.8627 7.3843 7.4503 7.4503 10.0573 11.4193
115 -17.0427 -17.0427 -17.0427 -16.8977 -16.8977 -11.8657 7.4383 7.4553 7.4553 10.0753 11.3883
116 -17.0437 -17.0437 -17.0437 -16.8977 -16.8977 -11.8667 7.4563 7.4563 7.4563 10.0813 11.3773
117 -17.0437 -17.0427 -17.0427 -16.8977 -16.8977 -11.8657 7.4473 7.4503 7.4503 10.0753 11.3883
118 -17.0437 -17.0427 -17.0427 -16.8977 -16.8977 -11.8627 7.4183 7.4333 7.4333 10.0573 11.4203
119 -17.0437 -17.0417 -17.0417 -16.8987 -16.8977 -11.8567 7.3723 7.4033 7.4033 10.0273 11.4733
120 -17.0447 -17.0407 -17.0407 -16.8987 -16.8967 -11.8477 7.3103 7.3633 7.3633 9.9883 11.5433
121 -17.0447 -17.0397 -17.0397 -16.8997 -16.8967 -11.8377 7.2323 7.3133 7.3133 9.9403 11.6313
122 -17.0457 -17.0387 -17.0387 -16.9007 -16.8957 -11.8247 7.1413 7.2533 7.2533 9.8843 11.7313
123 -17.0467 -17.0367 -17.0367 -16.9017 -16.8947 -11.8087 7.0393 7.1843 7.1843 9.8223 11.8433
124 -17.0477 -17.0347 -17.0347 -16.9027 -16.8937 -11.7917 6.9273 7.1083 7.1083 9.7543 11.9603
125 -17.0497 -17.0327 -17.0327 -16.9037 -16.8927 -11.7717 6.8073 7.0243 7.0243 9.6833 12.0783
126 -17.0507 -17.0297 -17.0297 -16.9057 -16.8917 -11.7487 6.6803 6.9353 6.9353 9.6083 12.1873
127 -17.0527 -17.0267 -17.0267 -16.9077 -16.8907 -11.7237 6.5483 6.8403 6.8403 9.5313 12.2693
128 -17.0537 -17.0237 -17.0237 -16.9097 -16.8897 -11.6967 6.4103 6.7403 6.7403 9.4523 12.2993
129 -17.0557 -17.0207 -17.0207 -16.9117 -16.8887 -11.6677 6.2683 6.6373 6.6373 9.3723 12.2533
130 -17.0577 -17.0177 -17.0177 -16.9137 -16.8867 -11.6357 6.1223 6.5303 6.5303 9.2913 12.1333
131 -17.0597 -17.0137 -17.0137 -16.9157 -16.8857 -11.6007 5.9733 6.4213 6.4213 9.2103 11.9643
132 -17.0617 -17.0097 -17.0097 -16.9177 -16.8837 -11.5647 5.8223 6.3093 6.3093 9.1293 11.7683
133 -17.0647 -17.0057 -17.0057 -16.9207 -16.8817 -11.5257 5.6683 6.1963 6.1963 9.0483 11.5583
134 -17.0667 -17.0007 -17.0007 -16.9237 -16.8797 -11.4837 5.5123 6.0813 6.0813 8.9683 11.3413
135 -17.0697 -16.9967 -16.9967 -16.9257 -16.8777 -11.4407 5.3553 5.9663 5.9663 8.8883 11.1223
136 -17.0717 -16.9917 -16.9917 -16.9287 -16.8767 -11.3937 5.1953 5.8493 5.8493 8.8083 10.9023
137 -17.0747 -16.9867 -16.9867 -16.9317 -16.8737 -11.3457 5.0343 5.7333 5.7333 8.7303 10.6823
138 -17.0777 -16.9817 -16.9817 -16.9357 -16.8717 -11.2947 4.8713 5.6163 5.6163 8.6533 10.4653
139 -17.0807 -16.9767 -16.9767 -16.9387 -16.8697 -11.2417 4.7073 5.4993 5.4993 8.5773 10.2513
140 -17.0837 -16.9707 -16.9707 -16.9427 -16.8677 -11.1857 4.5423 5.3833 5.3833 8.5023 10.0393
141 -17.0867 -16.9647 -16.9647 -16.9467 -16.8657 -11.1277 4.3743 5.2673 5.2673 8.4283 9.8323
142 -17.0897 -16.9597 -16.9597 -16.9497 -16.8627 -11.0677 4.2063 5.1523 5.1523 8.3563 9.6293
143 -17.0937 -16.9537 -16.9537 -16.9537 -16.8607 -11.0057 4.0363 5.0383 5.0383 8.2853 9.4303
144 -17.0967 -16.9577 -16.9467 -16.9467 -16.8577 -10.9407 3.8643 4.9253 4.9253 8.2153 9.2363
145 -17.0997 -16.9627 -16.9407 -16.9407 -16.8557 -10.8737 3.6913 4.8133 4.8133 8.1473 9.0463
146 -17.1037 -16.9667 -16.9347 -16.9347 -16.8527 -10.8037 3.5173 4.7023 4.7023 8.0803 8.8623
147 -17.1067 -16.9707 -16.9287 -16.9287 -16.8497 -10.7317 3.3413 4.5923 4.5923 8.0153 8.6823
148 -17.1107 -16.9757 -16.9217 -16.9217 -16.8477 -10.6577 3.1643 4.4843 4.4843 7.9513 8.5083
149 -17.1137 -16.9797 -16.9157 -16.9157 -16.8447 -10.5817 2.9853 4.3783 4.3783 7.8893 8.3393
150 -17.1177 -16.9847 -16.9087 -16.9087 -16.8417 -10.5037 2.8053 4.2733 4.2733 7.8283 8.1763
151 -17.1217 -16.9897 -16.9017 -16.9017 -16.8397 -10.4227 2.6243 4.1703 4.1703 7.7683 8.0183
152 -17.1247 -16.9937 -16.8947 -16.8947 -16.8367 -10.3397 2.4423 4.0693 4.0693 7.7113 7.8653
153 -17.1287 -16.9987 -16.8877 -16.8877 -16.8337 -10.2547 2.2583 3.9703 3.9703 7.6543 7.7183
154 -17.1317 -17.0037 -16.8817 -16.8817 -16.8307 -10.1677 2.0733 3.8733 3.8733 7.5763 7.6003
155 -17.1357 -17.0087 -16.8747 -16.8747 -16.8287 -10.0777 1.8883 3.7773 3.7773 7.4393 7.5473
156 -17.1387 -17.0137 -16.8677 -16.8677 -16.8257 -9.9867 1.7013 3.6843 3.6843 7.3083 7.4953
157 -17.1427 -17.0187 -16.8607 -16.8607 -16.8237 -9.8937 1.5143 3.5933 3.5933 7.1823 7.4453
158 -17.1467 -17.0237 -16.8547 -16.8547 -16.8207 -9.7977 1.3273 3.5043 3.5043 7.0613 7.3963
159 -17.1497 -17.0287 -16.8477 -16.8477 -16.8177 -9.7007 1.1393 3.4183 3.4183 6.9453 7.3503
160 -17.1537 -17.0327 -16.8407 -16.8407 -16.8157 -9.6007 0.9503 3.3343 3.3343 6.8343 7.3043
161 -17.1567 -17.0377 -16.8347 -16.8347 -16.8127 -9.4997 0.7623 3.2523 3.2523 6.7283 7.2603
162 -17.1597 -17.0427 -16.8277 -16.8277 -16.8107 -9.3967 0.5733 3.1723 3.1723 6.6263 7.2183
163 -17.1637 -17.0477 -16.8217 -16.8217 -16.8077 -9.2917 0.3853 3.0953 3.0953 6.5303 7.1773
164 -17.1667 -17.0527 -16.8157 -16.8157 -16.8057 -9.1857 0.1973 3.0203 3.0203 6.4383 7.1383
165 -17.1697 -17.0567 -16.8087 -16.8087 -16.8027 -9.0777 0.0103 2.9483 2.9483 6.3503 7.1003
166 -17.1727 -17.0617 -16.8027 -16.8027 -16.8007 -8.9687 -0.1757 2.8783 2.8783 6.2673 7.0643
167 -17.1757 -17.0657 -16.7987 -16.7967 -16.7967 -8.8577 -0.3617 2.8113 2.8113 6.1883 7.0293
168 -17.1787 -17.0697 -16.7957 -16.7917 -16.7917 -8.7457 -0.5457 2.7473 2.7473 6.1133 6.9963
169 -17.1817 -17.0747 -16.7937 -16.7857 -16.7857 -8.6327 -0.7277 2.6853 2.6853 6.0423 6.9653
170 -17.1847 -17.0787 -16.7917 -16.7807 -16.7807 -8.5177 -0.9087 2.6263 2.6263 5.9753 6.9353
171 -17.1867 -17.0827 -16.7897 -16.7747 -16.7747 -8.4037 -1.0877 2.5703 2.5703 5.9123 6.9063
172 -17.1897 -17.0857 -16.7877 -16.7697 -16.7697 -8.2877 -1.2647 2.5163 2.5163 5.8523 6.8793
173 -17.1917 -17.0897 -16.7857 -16.7657 -16.7657 -8.1727 -1.4387 2.4653 2.4653 5.7963 6.8533
174 -17.1937 -17.0927 -16.7837 -16.7607 -16.7607 -8.0567 -1.6097 2.4173 2.4173 5.7443 6.8293
175 -17.1967 -17.0967 -16.7827 -16.7567 -16.7567 -7.9417 -1.7777 2.3723 2.3723 5.6963 6.8063
176 -17.1987 -17.0997 -16.7807 -16.7517 -16.7517 -7.8267 -1.9417 2.3293 2.3293 5.6513 6.7853
177 -17.2007 -17.1027 -16.7797 -16.7487 -16.7487 -7.7127 -2.1007 2.2893 2.2893 5.6093 6.7663
178 -17.2017 -17.1057 -16.7777 -16.7447 -16.7447 -7.6017 -2.2557 2.2533 2.2533 5.5713 6.7473
179 -17.2037 -17.1077 -16.7767 -16.7417 -16.7417 -7.4917 -2.4047 2.2193 2.2193 5.5363 6.7313
180 -17.2047 -17.1107 -16.7757 -16.7387 -16.7387 -7.3857 -2.5477 2.1883 2.1883 5.5043 6.7153
181 -17.2067 -17.1127 -16.7747 -16.7357 -16.7357 -7.2837 -2.6827 2.1603 2.1603 5.4753 6.7023
182 -17.2077 -17.1147 -16.7737 -16.7327 -16.7327 -7.1867 -2.8097 2.1343 2.1343 5.4493 6.6893
183 -17.2087 -17.1157 -16.7727 -16.7307 -16.7307 -7.0957 -2.9267 2.1123 2.1123 5.4273 6.6783
184 -17.2097 -17.1177 -16.7717 -16.7287 -16.7287 -7.0117 -3.0327 2.0933 2.0933 5.4083 6.6693
185 -17.2107 -17.1187 -16.7717 -16.7267 -16.7267 -6.9377 -3.1267 2.0763 2.0763 5.3913 6.6613
186 -17.2117 -17.1197 -16.7707 -16.7257 -16.7257 -6.8737 -3.2057 2.0633 2.0633 5.3783 6.6543
187 -17.2117 -17.1207 -16.7707 -16.7237 -16.7237 -6.8217 -3.2697 2.0533 2.0533 5.3673 6.6493
188 -17.2127 -17.1217 -16.7697 -16.7237 -16.7237 -6.7837 -3.3167 2.0453 2.0453 5.3603 6.6463
189 -17.2127 -17.1217 -16.7697 -16.7227 -16.7227 -6.7607 -3.3457 2.0413 2.0413 5.3563 6.6433
190 -17.2127 -17.1217 -16.7697 -16.7227 -16.7227 -6.7527 -3.3557 2.0393 2.0393 5.3543 6.6433
191 -17.2127 -17.1217 -16.7697 -16.7227 -16.7227 -6.7527 -3.3537 2.0333 2.0333 5.3633 6.6513
192 -17.2117 -17.1217 -16.7697 -16.7237 -16.7227 -6.7517 -3.3497 2.0153 2.0153 5.3913 6.6743
193 -17.2107 -17.1207 -16.7707 -16.7247 -16.7227 -6.7507 -3.3417 1.9853 1.9863 5.4373 6.7123
194 -17.2097 -17.1197 -16.7717 -16.7267 -16.7227 -6.7497 -3.3317 1.9433 1.9473 5.4993 6.7653
195 -17.2077 -17.1187 -16.7727 -16.7287 -16.7227 -6.7477 -3.3177 1.8913 1.8983 5.5773 6.8313
196 -17.2057 -17.1177 -16.7737 -16.7317 -16.7227 -6.7457 -3.3017 1.8303 1.8423 5.6703 6.9103
197 -17.2027 -17.1157 -16.7747 -16.7347 -16.7227 -6.7437 -3.2827 1.7603 1.7793 5.7753 7.0013
198 -17.1997 -17.1137 -16.7767 -16.7387 -16.7227 -6.7407 -3.2597 1.6823 1.7113 5.8923 7.1033
199 -17.1967 -17.1117 -16.7787 -16.7427 -16.7227 -6.7387 -3.2347 1.5973 1.6393 6.0203 7.2153
200 -17.1927 -17.1097 -16.7797 -16.7477 -16.7227 -6.7347 -3.2067 1.5063 1.5643 6.1583 7.3373
201 -17.1897 -17.1067 -16.7827 -16.7527 -16.7227 -6.7317 -3.1757 1.4103 1.4883 6.3033 7.4663
202 -17.1847 -17.1047 -16.7847 -16.7577 -16.7227 -6.7277 -3.1417 1.3103 1.4103 6.4573 7.6033
203 -17.1797 -17.1017 -16.7867 -16.7637 -16.7227 -6.7237 -3.1047 1.2063 1.3313 6.6173 7.7483
204 -17.1747 -17.0987 -16.7897 -16.7697 -16.7227 -6.7197 -3.0647 1.0993 1.2533 6.7843 7.8983
205 -17.1697 -17.0957 -16.7927 -16.7757 -16.7227 -6.7157 -3.0217 0.9903 1.1763 6.9573 8.0543
206 -17.1637 -17.0917 -16.7957 -16.7827 -16.7227 -6.7117 -2.9767 0.8793 1.0993 7.1353 8.2163
207 -17.1577 -17.0887 -16.7987 -16.7907 -16.7227 -6.7067 -2.9287 0.7663 1.0253 7.3173 8.3823
208 -17.1507 -17.0847 -16.8017 -16.7977 -16.7227 -6.7017 -2.8777 0.6523 0.9523 7.5043 8.5533
209 -17.1437 -17.0817 -16.8057 -16.8047 -16.7227 -6.6977 -2.8237 0.5373 0.8823 7.6953 8.7283
210 -17.1367 -17.0777 -16.8137 -16.8077 -16.7227 -6.6927 -2.7677 0.4223 0.8143 7.8903 8.9063
211 -17.1297 -17.0737 -16.8227 -16.8117 -16.7227 -6.6887 -2.7087 0.3063 0.7493 8.0883 9.0893
212 -17.1217 -17.0697 -16.8317 -16.8147 -16.7227 -6.6837 -2.6467 0.1903 0.6873 8.2893 9.2743
213 -17.1137 -17.0667 -16.8407 -16.8177 -16.7227 -6.6797 -2.5827 0.0753 0.6283 8.4923 9.4633
214 -17.1057 -17.0627 -16.8497 -16.8217 -16.7227 -6.6747 -2.5157 -0.0397 0.5733 8.6983 9.6553
215 -17.0977 -17.0587 -16.8597 -16.8247 -16.7227 -6.6707 -2.4467 -0.1537 0.5213 8.9053 9.8503
216 -17.0887 -17.0547 -16.8687 -16.8277 -16.7227 -6.6667 -2.3747 -0.2677 0.4733 9.1143 10.0473
217 -17.0797 -17.0517 -16.8787 -16.8317 -16.7227 -6.6627 -2.3007 -0.3807 0.4293 9.3233 10.2473
218 -17.0707 -17.0477 -16.8887 -16.8347 -16.7227 -6.6597 -2.2247 -0.4917 0.3893 9.5313 10.4493
219 -17.0617 -17.0447 -16.8987 -16.8377 -16.7227 -6.6567 -2.1457 -0.6027 0.3523 9.7383 10.6543
220 -17.0517 -17.0417 -16.9087 -16.8397 -16.7227 -6.6537 -2.0637 -0.7117 0.3203 9.9413 10.8603
221 -17.0417 -17.0397 -16.9187 -16.8427 -16.7227 -6.6507 -1.9807 -0.8197 0.2923 10.1393 11.0693
222 -17.0367 -17.0327 -16.9297 -16.8447 -16.7227 -6.6487 -1.8947 -0.9267 0.2683 10.3283 11.2803
223 -17.0347 -17.0227 -16.9397 -16.8457 -16.7227 -6.6467 -1.8067 -1.0307 0.2483 10.5043 11.4933
224 -17.0337 -17.0127 -16.9507 -16.8477 -16.7227 -6.6457 -1.7167 -1.1347 0.2333 10.6583 11.7083
225 -17.0327 -17.0017 -16.9607 -16.8487 -16.7227 -6.6447 -1.6247 -1.2357 0.2223 10.7833 11.9253
226 -17.0317 -16.9917 -16.9707 -16.8497 -16.7227 -6.6437 -1.5307 -1.3357 0.2153 10.8653 12.1433
227 -17.0317 -16.9817 -16.9817 -16.8497 -16.7227 -6.6437 -1.4337 -1.4337 0.2133 10.8933 12.3633
228 -17.0317 -16.9887 -16.9747 -16.8497 -16.7227 -6.6447 -1.4967 -1.3717 0.2193 10.8743 12.2223
229 -17.0327 -16.9947 -16.9677 -16.8497 -16.7237 -6.6477 -1.5587 -1.3157 0.2383 10.8143 12.0993
230 -17.0337 -16.9997 -16.9607 -16.8487 -16.7237 -6.6527 -1.6167 -1.2657 0.2703 10.7123 12.0013
231 -17.0367 -17.0047 -16.9537 -16.8487 -16.7247 -6.6587 -1.6737 -1.2247 0.3173 10.5723 11.9273
232 -17.0397 -17.0077 -16.9467 -16.8477 -16.7247 -6.6667 -1.7287 -1.1917 0.3803 10.4023 11.8713
233 -17.0447 -17.0107 -16.9397 -16.8467 -16.7257 -6.6747 -1.7807 -1.1677 0.4563 10.2133 11.8283
234 -17.0497 -17.0117 -16.9337 -16.8457 -16.7267 -6.6847 -1.8317 -1.1517 0.5463 10.0093 11.7933
235 -17.0557 -17.0127 -16.9267 -16.8457 -16.7277 -6.6947 -1.8797 -1.1427 0.6483 9.7973 11.7623
236 -17.0617 -17.0137 -16.9197 -16.8447 -16.7287 -6.7047 -1.9257 -1.1397 0.7613 9.5803 11.7343
237 -17.0677 -17.0137 -16.9127 -16.8437 -16.7307 -6.7157 -1.9687 -1.1417 0.8823 9.3603 11.7093
238 -17.0737 -17.0137 -16.9067 -16.8427 -16.7327 -6.7257 -2.0097 -1.1467 1.0123 9.1393 11.6853
239 -17.0797 -17.0137 -16.8997 -16.8417 -16.7337 -6.7367 -2.0497 -1.1547 1.1473 8.9183 11.6623
240 -17.0857 -17.0137 -16.8937 -16.8407 -16.7357 -6.7477 -2.0857 -1.1647 1.2883 8.6993 11.6403
241 -17.0917 -17.0137 -16.8867 -16.8397 -16.7377 -6.7577 -2.1207 -1.1757 1.4323 8.4833 11.6203
242 -17.0967 -17.0137 -16.8807 -16.8387 -16.7397 -6.7677 -2.1527 -1.1877 1.5783 8.2693 11.6013
243 -17.1017 -17.0137 -16.8747 -16.8377 -16.7427 -6.7767 -2.1827 -1.2007 1.7263 8.0613 11.5833
244 -17.1067 -17.0137 -16.8687 -16.8367 -16.7447 -6.7857 -2.2097 -1.2127 1.8753 7.8573 11.5663
245 -17.1107 -17.0137 -16.8627 -16.8357 -16.7477 -6.7947 -2.2347 -1.2247 2.0223 7.6613 11.5503
246 -17.1147 -17.0137 -16.8577 -16.8347 -16.7497 -6.8027 -2.2577 -1.2357 2.1663 7.4723 11.5363
247 -17.1177 -17.0137 -16.8527 -16.8337 -16.7527 -6.8097 -2.2787 -1.2467 2.3063 7.2923 11.5243
248 -17.1217 -17.0137 -16.8477 -16.8337 -16.7547 -6.8157 -2.2967 -1.2567 2.4403 7.1243 11.5123
249 -17.1237 -17.0137 -16.8427 -16.8327 -16.7577 -6.8217 -2.3117 -1.2647 2.5653 6.9693 11.5023
250 -17.1267 -17.0137 -16.8387 -16.8317 -16.7597 -6.8267 -2.3247 -1.2727 2.6793 6.8303 11.4943
251 -17.1287 -17.0137 -16.8357 -16.8317 -16.7617 -6.8297 -2.3357 -1.2787 2.7793 6.7103 11.4873
252 -17.1297 -17.0137 -16.8327 -16.8317 -16.7637 -6.8337 -2.3447 -1.2837 2.8613 6.6113 11.4823
253 -17.1307 -17.0137 -16.8307 -16.8297 -16.7647 -6.8357 -2.3507 -1.2867 2.9233 6.5383 11.4783
254 -17.1317 -17.0137 -16.8307 -16.8287 -16.7657 -6.8367 -2.3537 -1.2887 2.9613 6.4933 11.4763
255 -17.1317 -17.0137 -16.8307 -16.8277 -16.7667 -6.8377 -2.3557 -1.2897 2.9743 6.4783 11.4753
