1 -6.713649 -1.461359 -1.461359 0.331421 12.000131 13.651461 13.651471 15.130421 25.510191
2 -6.716379 -1.470869 -1.455629 0.343151 11.994041 13.638541 13.661801 15.145781 25.490841
3 -6.724519 -1.498659 -1.438459 0.377601 11.976231 13.601351 13.692361 15.190241 25.433161
4 -6.737949 -1.542759 -1.409979 0.432801 11.947961 13.543931 13.741881 15.259621 25.338351
5 -6.756489 -1.600499 -1.370379 0.506041 11.910991 13.471161 13.808641 15.348761 25.208311
6 -6.779879 -1.669059 -1.319929 0.594481 11.867251 13.387581 13.890731 15.452751 25.045581
7 -6.807819 -1.745849 -1.258949 0.695491 11.818571 13.296871 13.986321 15.567441 24.853271
8 -6.839959 -1.828659 -1.187779 0.806841 11.766571 13.201751 14.093851 15.689451 24.634861
9 -6.875919 -1.915709 -1.106829 0.926671 11.712631 13.104261 14.211991 15.816011 24.394231
10 -6.915319 -2.005599 -1.016519 1.053521 11.657821 13.005821 14.339681 15.944741 24.135421
11 -6.957739 -2.097229 -0.917259 1.186211 11.603031 12.907451 14.476121 16.073491 23.862621
12 -7.002779 -2.189729 -0.809489 1.323821 11.548951 12.809921 14.620661 16.200141 23.580121
13 -7.050059 -2.282439 -0.693639 1.465551 11.496111 12.713741 14.772821 16.322531 23.292271
14 -7.099199 -2.374829 -0.570119 1.610781 11.444931 12.619311 14.932231 16.438301 23.003471
15 -7.149829 -2.466479 -0.439339 1.758981 11.395751 12.526901 15.098631 16.544851 22.718221
16 -7.201619 -2.557059 -0.301669 1.909661 11.348821 12.436711 15.271801 16.639181 22.441141
17 -7.254239 -2.646279 -0.157489 2.062401 11.304351 12.348891 15.451601 16.717941 22.177021
18 -7.307409 -2.733939 -0.007159 2.216811 11.262491 12.263521 15.637921 16.777371 21.930791
19 -7.360859 -2.819849 0.148991 2.372531 11.223361 12.180671 15.830641 16.813451 21.707411
20 -7.414329 -2.903859 0.310661 2.529211 11.187041 12.100381 16.029741 16.822171 21.511561
21 -7.467609 -2.985829 0.477511 2.686491 11.153611 12.022671 16.235101 16.800001 21.347361
22 -7.520479 -3.065669 0.649271 2.844041 11.123111 11.947551 16.446681 16.744421 21.217641
23 -7.572759 -3.143279 0.825661 3.001501 11.095551 11.875011 16.654441 16.664401 21.123621
24 -7.624269 -3.218579 1.006401 3.158531 11.070951 11.805031 16.530861 16.888131 21.064571
25 -7.674879 -3.291499 1.191231 3.314761 11.049311 11.737601 16.376141 17.117761 21.038061
26 -7.724429 -3.361989 1.379881 3.469821 11.030581 11.672701 16.193921 17.353101 21.040351
27 -7.772819 -3.429999 1.572101 3.623351 11.014751 11.610291 15.988431 17.593931 21.067071
28 -7.819909 -3.495489 1.767631 3.774961 11.001751 11.550341 15.763981 17.839971 21.113761
29 -7.865629 -3.558419 1.966181 3.924241 10.991521 11.492811 15.524591 18.090861 21.176221
30 -7.909869 -3.618749 2.167481 4.070801 10.983981 11.437651 15.273791 18.346161 21.250721
31 -7.952549 -3.676459 2.371241 4.214231 10.979021 11.384821 15.014651 18.605311 21.334071
32 -7.993609 -3.731529 2.577151 4.354141 10.976531 11.334241 14.749681 18.867691 21.423561
33 -8.032969 -3.783939 2.784841 4.490091 10.976371 11.285871 14.481101 19.132491 21.516951
34 -8.070589 -3.833679 2.993971 4.621691 10.978401 11.239601 14.210721 19.398841 21.612361
35 -8.106409 -3.880719 3.204111 4.748551 10.982431 11.195331 13.940161 19.665681 21.708241
36 -8.140379 -3.925069 3.414781 4.870271 10.988281 11.152931 13.670891 19.931821 21.803291
37 -8.172459 -3.966719 3.625441 4.986481 10.995741 11.112221 13.404311 20.195891 21.896411
38 -8.202609 -4.005649 3.835441 5.096801 11.004561 11.072951 13.141811 20.456381 21.986681
39 -8.230809 -4.041879 4.044071 5.200921 11.014511 11.034791 12.884881 20.711651 22.073331
40 -8.257019 -4.075399 4.250431 5.298521 10.997291 11.025321 12.635171 20.959881 22.155691
41 -8.281219 -4.106209 4.453471 5.389291 10.959761 11.036711 12.394671 21.199151 22.233181
42 -8.303379 -4.134319 4.651941 5.472981 10.921241 11.048401 12.165821 21.427411 22.305321
43 -8.323489 -4.159729 4.844291 5.549351 10.880321 11.060101 11.951711 21.642561 22.371681
44 -8.341519 -4.182439 5.028701 5.618191 10.835061 11.071521 11.756221 21.842481 22.431931
45 -8.357469 -4.202459 5.202971 5.679321 10.783101 11.082381 11.584041 22.025031 22.485741
46 -8.371309 -4.219799 5.364471 5.732591 10.722421 11.092421 11.439851 22.188171 22.532861
47 -8.383039 -4.234459 5.510161 5.777861 10.653221 11.101381 11.326591 22.329931 22.573081
48 -8.392659 -4.246439 5.636641 5.815041 10.579681 11.109041 11.243501 22.448571 22.606221
49 -8.400139 -4.255759 5.740271 5.844031 10.509671 11.115201 11.186411 22.542551 22.632131
50 -8.405489 -4.262409 5.817501 5.864791 10.452101 11.119721 11.149971 22.610611 22.650721
51 -8.408699 -4.266399 5.865251 5.877261 10.414401 11.122481 11.129841 22.651831 22.661901
52 -8.409769 -4.267729 5.881421 5.881421 10.401301 11.123411 11.123411 22.665631 22.665631
53 -8.415479 -4.259009 5.881961 5.881961 10.402601 11.125341 11.125341 22.652451 22.652451
54 -8.432459 -4.232999 5.883571 5.883581 10.406481 11.131121 11.131131 22.613111 22.613111
55 -8.460279 -4.190139 5.886271 5.886281 10.412961 11.140761 11.140771 22.548191 22.548201
56 -8.498269 -4.131099 5.890071 5.890081 10.422061 11.154251 11.154261 22.458681 22.458691
57 -8.545569 -4.056739 5.894971 5.894981 10.433791 11.171581 11.171581 22.345851 22.345871
58 -8.601209 -3.968049 5.901011 5.901011 10.448171 11.192731 11.192741 22.211291 22.211311
59 -8.664169 -3.866059 5.908181 5.908191 10.465251 11.217681 11.217691 22.056821 22.056841
60 -8.733429 -3.751789 5.916531 5.916541 10.485041 11.246431 11.246451 21.884391 21.884421
61 -8.807989 -3.626259 5.926071 5.926081 10.507591 11.278951 11.278961 21.696101 21.696131
62 -8.886939 -3.490429 5.936831 5.936841 10.532931 11.315201 11.315221 21.494111 21.494141
63 -8.969429 -3.345109 5.948841 5.948851 10.561111 11.355171 11.355181 21.280521 21.280551
64 -9.054709 -3.191119 5.962121 5.962131 10.592161 11.398801 11.398821 21.057421 21.057451
65 -9.142089 -3.029159 5.976701 5.976721 10.626121 11.446061 11.446081 20.826851 20.826891
66 -9.230999 -2.859819 5.992601 5.992621 10.663021 11.496901 11.496921 20.590651 20.590681
67 -9.320889 -2.683679 6.009861 6.009881 10.702901 11.551251 11.551271 20.350621 20.350651
68 -9.411339 -2.501189 6.028501 6.028521 10.745791 11.609051 11.609071 20.108311 20.108341
69 -9.501939 -2.312799 6.048521 6.048551 10.791701 11.670211 11.670241 19.865201 19.865231
70 -9.592349 -2.118909 6.069971 6.069991 10.840621 11.734641 11.734671 19.622621 19.622661
71 -9.682279 -1.919809 6.092841 6.092871 10.892561 11.802231 11.802261 19.381681 19.381711
72 -9.771469 -1.715819 6.117161 6.117191 10.947491 11.872841 11.872881 19.143421 19.143461
73 -9.859689 -1.507239 6.142931 6.142961 11.005361 11.946311 11.946351 18.908771 18.908801
74 -9.946779 -1.294249 6.170161 6.170191 11.066121 12.022461 12.022501 18.678471 18.678501
75 -10.032539 -1.077119 6.198861 6.198891 11.129671 12.101071 12.101111 18.453251 18.453281
76 -10.116839 -0.856059 6.229021 6.229051 11.195901 12.181861 12.181911 18.233761 18.233801
77 -10.199559 -0.631219 6.260641 6.260671 11.264681 12.264551 12.264591 18.020561 18.020591
78 -10.280589 -0.402799 6.293711 6.293741 11.335801 12.348741 12.348791 17.814201 17.814231
79 -10.359839 -0.170999 6.328211 6.328251 11.409071 12.434001 12.434051 17.615271 17.615301
80 -10.437229 0.064061 6.364141 6.364171 11.484221 12.519811 12.519861 17.424281 17.424311
81 -10.512679 0.302171 6.401461 6.401501 11.560961 12.605531 12.605581 17.241891 17.241911
82 -10.586149 0.543231 6.440161 6.440201 11.638971 12.690441 12.690491 17.068711 17.068731
83 -10.657589 0.787041 6.480201 6.480231 11.717841 12.773641 12.773701 16.905531 16.905551
84 -10.726939 1.033411 6.521531 6.521571 11.797161 12.854101 12.854161 16.753241 16.753251
85 -10.794199 1.282221 6.564131 6.564161 11.876461 12.930641 12.930701 16.612801 16.612811
86 -10.859309 1.533281 6.607931 6.607961 11.955221 13.001881 13.001951 16.485361 16.485371
87 -10.922249 1.786361 6.652881 6.652911 12.032891 13.066311 13.066381 16.372191 16.372201
88 -10.983019 2.041331 6.698911 6.698951 12.108881 13.122321 13.122391 16.274601 16.274611
89 -11.041599 2.297931 6.745961 6.746001 12.182561 13.168281 13.168351 16.193911 16.193911
90 -11.097969 2.555921 6.793931 6.793971 12.253291 13.202681 13.202761 16.131291 16.131301
91 -11.152139 2.815091 6.842751 6.842791 12.320401 13.224321 13.224401 16.087581 16.087591
92 -11.204099 3.075151 6.892301 6.892341 12.383221 13.232471 13.232551 16.063161 16.063171
93 -11.253849 3.335771 6.942471 6.942511 12.441071 13.226971 13.227051 16.057761 16.057771
94 -11.301389 3.596661 6.993151 6.993181 12.493311 13.208311 13.208391 16.070491 16.070501
95 -11.346719 3.857411 7.044181 7.044211 12.539291 13.177551 13.177631 16.099851 16.099871
96 -11.389869 4.117651 7.095421 7.095451 12.578441 13.136151 13.136231 16.143941 16.143951
97 -11.430819 4.376911 7.146691 7.146731 12.610231 13.085841 13.085921 16.200561 16.200581
98 -11.469579 4.634641 7.197821 7.197861 12.634221 13.028441 13.028511 16.267451 16.267461
99 -11.506179 4.890311 7.248611 7.248651 12.650051 12.965671 12.965741 16.342391 16.342401
100 -11.540609 5.143251 7.298841 7.298871 12.657491 12.899191 12.899251 16.423251 16.423261
101 -11.572889 5.392701 7.348261 7.348291 12.656421 12.830471 12.830541 16.508101 16.508111
102 -11.603029 5.637871 7.396631 7.396661 12.646901 12.760831 12.760891 16.595151 16.595161
103 -11.631039 5.877781 7.443671 7.443701 12.629141 12.691421 12.691471 16.682801 16.682801
104 -11.656919 6.111341 7.489091 7.489121 12.603561 12.623281 12.623331 16.769561 16.769571
105 -11.680689 6.337361 7.532601 7.532631 12.557311 12.557361 12.570801 16.854151 16.854151
106 -11.702369 6.554411 7.573861 7.573891 12.494321 12.494371 12.531721 16.935351 16.935351
107 -11.721939 6.760871 7.612551 7.612581 12.435061 12.435111 12.487461 17.012081 17.012081
108 -11.739439 6.954991 7.648351 7.648371 12.380181 12.380211 12.439421 17.083371 17.083381
109 -11.754849 7.134701 7.680901 7.680921 12.330261 12.330301 12.389291 17.148361 17.148361
110 -11.768199 7.297801 7.709911 7.709921 12.285851 12.285881 12.339001 17.206261 17.206271
111 -11.779489 7.441891 7.735051 7.735061 12.247421 12.247451 12.290721 17.256421 17.256421
112 -11.788709 7.564441 7.756051 7.756061 12.215391 12.215411 12.246791 17.298241 17.298251
113 -11.795879 7.663011 7.772661 7.772671 12.190101 12.190121 12.209511 17.331271 17.331271
114 -11.800999 7.735311 7.784671 7.784681 12.171841 12.171851 12.181051 17.355131 17.355131
115 -11.804069 7.779511 7.791951 7.791951 12.160801 12.160801 12.163201 17.369551 17.369551
116 -11.805099 7.794381 7.794381 7.794381 12.157101 12.157101 12.157101 17.374381 17.374381
117 -11.804069 7.787281 7.787281 7.788891 12.152851 12.165961 12.165961 17.363621 17.375511
118 -11.801009 7.766141 7.766141 7.772451 12.140121 12.192351 12.192351 17.331471 17.378891
119 -11.795909 7.731481 7.731481 7.745141 12.118981 12.235761 12.235761 17.278201 17.384551
120 -11.788749 7.684101 7.684101 7.707071 12.089571 12.295391 12.295391 17.204321 17.392461
121 -11.779549 7.625011 7.625011 7.658431 12.052041 12.370251 12.370251 17.110491 17.402661
122 -11.768289 7.555341 7.555341 7.599431 12.006631 12.459181 12.459181 16.997561 17.415141
123 -11.754969 7.476301 7.476301 7.530341 11.953601 12.561001 12.561001 16.866481 17.429931
124 -11.739579 7.389081 7.389081 7.451461 11.893231 12.674511 12.674511 16.718361 17.447021
125 -11.722109 7.294811 7.294811 7.363121 11.825881 12.798581 12.798581 16.554371 17.466451
126 -11.702559 7.194561 7.194561 7.265671 11.751891 12.932141 12.932141 16.375761 17.488241
127 -11.680909 7.089301 7.089301 7.159521 11.671671 13.074241 13.074241 16.183841 17.512391
128 -11.657159 6.979911 6.979911 7.045061 11.585621 13.224001 13.224001 15.979931 17.538951
129 -11.631289 6.867151 6.867151 6.922711 11.494181 13.380671 13.380671 15.765331 17.567931
130 -11.603289 6.751691 6.751691 6.792901 11.397791 13.543561 13.543561 15.541351 17.599361
131 -11.573149 6.634161 6.634161 6.656071 11.296891 13.712091 13.712091 15.309271 17.633281
132 -11.540849 6.512661 6.515071 6.515071 11.191961 13.885721 13.885721 15.070311 17.669711
133 -11.506389 6.363101 6.394871 6.394871 11.083431 14.064031 14.064031 14.825621 17.708701
134 -11.469759 6.207811 6.273981 6.273981 10.971771 14.246621 14.246621 14.576321 17.750281
135 -11.430929 6.047201 6.152731 6.152731 10.857411 14.323441 14.433141 14.433141 17.794481
136 -11.389899 5.881691 6.031441 6.031441 10.740791 14.067921 14.623301 14.623301 17.841351
137 -11.346649 5.711671 5.910371 5.910371 10.622331 13.810671 14.816851 14.816851 17.890941
138 -11.301179 5.537501 5.789781 5.789781 10.502441 13.552481 15.013551 15.013551 17.943271
139 -11.253459 5.359531 5.669861 5.669861 10.381491 13.294101 15.213231 15.213231 17.998411
140 -11.203499 5.178131 5.550811 5.550811 10.259881 13.036231 15.415691 15.415691 18.056391
141 -11.151279 4.993591 5.432801 5.432801 10.137951 12.779461 15.620781 15.620781 18.117261
142 -11.096799 4.806231 5.315981 5.315981 10.016031 12.524351 15.828381 15.828381 18.181071
143 -11.040039 4.616311 5.200491 5.200491 9.894431 12.271391 16.038371 16.038371 18.247861
144 -10.980999 4.424111 5.086441 5.086441 9.773451 12.021031 16.250651 16.250651 18.317681
145 -10.919669 4.229861 4.973941 4.973941 9.653341 11.773671 16.465121 16.465121 18.390571
146 -10.856049 4.033801 4.863101 4.863101 9.534371 11.529661 16.681721 16.681721 18.466581
147 -10.790129 3.836131 4.754011 4.754011 9.416751 11.289311 16.900371 16.900371 18.545741
148 -10.721919 3.637071 4.646751 4.646751 9.300701 11.052941 17.121001 17.121001 18.628101
149 -10.651409 3.436781 4.541401 4.541401 9.186411 10.820771 17.343551 17.343551 18.713681
150 -10.578609 3.235451 4.438031 4.438031 9.074041 10.593031 17.567971 17.567971 18.802521
151 -10.503529 3.033241 4.336711 4.336711 8.963761 10.369931 17.794211 17.794211 18.894641
152 -10.426159 2.830291 4.237491 4.237491 8.855701 10.151631 18.022231 18.022231 18.990041
153 -10.346529 2.626761 4.140431 4.140431 8.749981 9.938301 18.251981 18.251981 19.088741
154 -10.264639 2.422791 4.045581 4.045581 8.646711 9.730061 18.483391 18.483391 19.190731
155 -10.180499 2.218511 3.952991 3.952991 8.545991 9.527061 18.716431 18.716431 19.296001
156 -10.094139 2.014041 3.862701 3.862701 8.447881 9.329371 18.951041 18.951041 19.404511
157 -10.005589 1.809531 3.774761 3.774761 8.352481 9.137111 19.187121 19.187121 19.516221
158 -9.914859 1.605111 3.689201 3.689201 8.259841 8.950361 19.424621 19.424621 19.631061
159 -9.821989 1.400901 3.606071 3.606071 8.170001 8.769191 19.663431 19.663431 19.748951
160 -9.727019 1.197041 3.525391 3.525391 8.083001 8.593641 19.869781 19.903451 19.903451
161 -9.629989 0.993651 3.447191 3.447191 7.998891 8.423791 19.993421 20.144551 20.144551
162 -9.530949 0.790881 3.371501 3.371501 7.917681 8.259651 20.119721 20.386571 20.386571
163 -9.429959 0.588881 3.298361 3.298361 7.839401 8.101281 20.248471 20.629341 20.629341
164 -9.327089 0.387801 3.227771 3.227771 7.764051 7.948701 20.379471 20.872621 20.872621
165 -9.222409 0.187781 3.159771 3.159771 7.691651 7.801921 20.512461 21.116201 21.116201
166 -9.116009 -0.010969 3.094371 3.094371 7.622211 7.660981 20.647131 21.359731 21.359731
167 -9.007999 -0.208289 3.031601 3.031601 7.525871 7.555721 20.783161 21.602881 21.602881
168 -8.898499 -0.403979 2.971461 2.971461 7.396601 7.492181 20.920171 21.845271 21.845271
169 -8.787639 -0.597819 2.913971 2.913971 7.273181 7.431591 21.057751 22.086421 22.086421
170 -8.675579 -0.789569 2.859151 2.859151 7.155601 7.373941 21.195431 22.325811 22.325811
171 -8.562499 -0.978989 2.807001 2.807001 7.043871 7.319211 21.332711 22.562851 22.562851
172 -8.448629 -1.165769 2.757531 2.757531 6.937961 7.267401 21.469031 22.796881 22.796881
173 -8.334199 -1.349599 2.710751 2.710751 6.837881 7.218501 21.603821 23.027141 23.027141
174 -8.219519 -1.530119 2.666661 2.666661 6.743611 7.172491 21.736441 23.252831 23.252831
175 -8.104929 -1.706909 2.625271 2.625271 6.655141 7.129351 21.866211 23.473031 23.473031
176 -7.990839 -1.879509 2.586571 2.586571 6.572471 7.089081 21.992441 23.686771 23.686771
177 -7.877719 -2.047369 2.550561 2.550561 6.495571 7.051671 22.114411 23.893031 23.893031
178 -7.766129 -2.209889 2.517261 2.517261 6.424431 7.017081 22.231371 24.090681 24.090681
179 -7.656739 -2.366339 2.486641 2.486641 6.359051 6.985321 22.342561 24.278581 24.278581
180 -7.550319 -2.515899 2.458701 2.458701 6.299401 6.956371 22.447241 24.455551 24.455551
181 -7.447799 -2.657609 2.433461 2.433461 6.245481 6.930221 22.544661 24.620371 24.620371
182 -7.350209 -2.790359 2.410891 2.410891 6.197261 6.906851 22.634101 24.771851 24.771851
183 -7.258789 -2.912909 2.390991 2.390991 6.154751 6.886261 22.714861 24.908811 24.908811
184 -7.174889 -3.023849 2.373751 2.373751 6.117931 6.868441 22.786291 25.030121 25.030121
185 -7.100029 -3.121639 2.359181 2.359181 6.086791 6.853371 22.847811 25.134741 25.134741
186 -7.035769 -3.204699 2.347271 2.347271 6.061321 6.841051 22.898901 25.221721 25.221721
187 -6.983699 -3.271409 2.338011 2.338011 6.041521 6.831471 22.939121 25.290271 25.290271
188 -6.945279 -3.320309 2.331401 2.331401 6.027381 6.824641 22.968101 25.339711 25.339711
189 -6.921699 -3.350179 2.327431 2.327431 6.018901 6.820541 22.985601 25.369581 25.369581
190 -6.913749 -3.360229 2.326111 2.326111 6.016071 6.819171 22.991451 25.379571 25.379571
191 -6.913409 -3.358829 2.318651 2.319801 6.025921 6.828731 22.979341 25.352961 25.379801
192 -6.912419 -3.354619 2.296461 2.301071 6.055261 6.857221 22.943121 25.273741 25.380511
193 -6.910769 -3.347609 2.260101 2.270551 6.103481 6.904071 22.883101 25.143731 25.381671
194 -6.908469 -3.337799 2.210421 2.229181 6.169641 6.968441 22.799811 24.965831 25.383301
195 -6.905539 -3.325169 2.148531 2.178131 6.252581 7.049251 22.693921 24.743821 25.385361
196 -6.901989 -3.309739 2.075641 2.118711 6.351001 7.145261 22.566341 24.482221 25.387861
197 -6.897839 -3.291479 1.993031 2.052261 6.463581 7.255211 22.418061 24.185951 25.390761
198 -6.893119 -3.270399 1.901981 1.980071 6.589041 7.377841 22.250251 23.860171 25.394051
199 -6.887859 -3.246489 1.803681 1.903361 6.726181 7.511961 22.064131 23.510031 25.397721
200 -6.882079 -3.219759 1.699281 1.823261 6.873901 7.656461 21.861031 23.140481 25.401721
201 -6.875819 -3.190199 1.589761 1.740751 7.031231 7.810341 21.642321 22.756161 25.406031
202 -6.869109 -3.157799 1.476061 1.656711 7.197291 7.972701 21.409401 22.361301 25.410621
203 -6.862009 -3.122579 1.358971 1.571941 7.371311 8.142781 21.163661 21.959611 25.415461
204 -6.854539 -3.084529 1.239181 1.487101 7.552641 8.319891 20.906501 21.554301 25.420511
205 -6.846769 -3.043659 1.117331 1.402801 7.740661 8.503431 20.639301 21.148121 25.425731
206 -6.838749 -2.999969 0.993941 1.319551 7.934851 8.692901 20.363411 20.743301 25.431101
207 -6.830519 -2.953469 0.869491 1.237831 8.134711 8.887861 20.080101 20.341631 25.436561
208 -6.822139 -2.904179 0.744371 1.158031 8.339811 9.087951 19.790641 19.944501 25.442081
209 -6.813659 -2.852099 0.618961 1.080521 8.549701 9.292841 19.496231 19.552981 25.447631
210 -6.805159 -2.797249 0.493541 1.005631 8.763991 9.502271 19.167831 19.198041 25.453151
211 -6.796699 -2.739629 0.368401 0.933631 8.982231 9.716021 18.789571 18.897201 25.458621
212 -6.788319 -2.679279 0.243781 0.864811 9.203991 9.933901 18.418511 18.594811 25.463981
213 -6.780099 -2.616199 0.119881 0.799381 9.428781 10.155771 18.054781 18.291971 25.469211
214 -6.772109 -2.550419 -0.003089 0.737581 9.656021 10.381471 17.698461 17.989821 25.474261
215 -6.764399 -2.481949 -0.124989 0.679591 9.885071 10.610931 17.349441 17.689521 25.479111
216 -6.757029 -2.410829 -0.245659 0.625601 10.115131 10.844061 17.007581 17.392341 25.483701
217 -6.750069 -2.337079 -0.364959 0.575771 10.345191 11.080831 16.672691 17.099691 25.488021
218 -6.743579 -2.260709 -0.482779 0.530241 10.573991 11.321201 16.344541 16.813221 25.492021
219 -6.737599 -2.181769 -0.599009 0.489151 10.799831 11.565161 16.022861 16.534951 25.495691
220 -6.732199 -2.100279 -0.713549 0.452611 11.020471 11.812731 15.707391 16.267401 25.498981
221 -6.727419 -2.016269 -0.826319 0.420731 11.232881 12.063941 15.397851 16.013861 25.501891
222 -6.723289 -1.929779 -0.937219 0.393601 11.432891 12.318831 15.094011 15.778691 25.504391
223 -6.719859 -1.840829 -1.046179 0.371301 11.614931 12.577461 14.795591 15.567671 25.506461
224 -6.717169 -1.749479 -1.153139 0.353891 11.771661 12.839931 14.502351 15.388241 25.508081
225 -6.715219 -1.655749 -1.258029 0.341421 11.894151 13.106331 14.214051 15.249471 25.509251
226 -6.714049 -1.559699 -1.360789 0.333921 11.972871 13.376801 13.930491 15.160941 25.509961
227 -6.713649 -1.461359 -1.461359 0.331421 12.000131 13.651461 13.651471 15.130421 25.510191
228 -6.714899 -1.525979 -1.397649 0.337641 11.984641 13.470071 13.835911 15.148921 25.501951
229 -6.718439 -1.588419 -1.339129 0.357191 11.934551 13.300091 14.023541 15.199501 25.476891
230 -6.723969 -1.648639 -1.287369 0.391231 11.845551 13.151741 14.214371 15.276001 25.434571
231 -6.731189 -1.706629 -1.243539 0.440481 11.716931 13.030181 14.408451 15.373631 25.374751
232 -6.739819 -1.762379 -1.208239 0.505141 11.552921 12.934671 14.605891 15.488551 25.297301
233 -6.749609 -1.815869 -1.181509 0.584801 11.361181 12.860381 14.806681 15.617531 25.202261
234 -6.760309 -1.867089 -1.162819 0.678491 11.149861 12.801461 15.010921 15.757841 25.089831
235 -6.771709 -1.916039 -1.151279 0.784891 10.925791 12.753011 15.218681 15.907071 24.960371
236 -6.783599 -1.962679 -1.145819 0.902461 10.694061 12.711611 15.429981 16.063031 24.814391
237 -6.795789 -2.006999 -1.145319 1.029581 10.458261 12.675051 15.644891 16.223801 24.652511
238 -6.808109 -2.049019 -1.148699 1.164671 10.220991 12.641951 15.863491 16.387581 24.475541
239 -6.820419 -2.088689 -1.155019 1.306241 9.984191 12.611541 16.085791 16.552671 24.284341
240 -6.832559 -2.126019 -1.163479 1.452861 9.749341 12.583351 16.311841 16.717491 24.079871
241 -6.844419 -2.160989 -1.173379 1.603161 9.517721 12.557091 16.541681 16.880511 23.863211
242 -6.855889 -2.193599 -1.184159 1.755831 9.290461 12.532631 16.775361 17.040261 23.635451
243 -6.866859 -2.223829 -1.195369 1.909531 9.068701 12.509931 17.012831 17.195281 23.397701
244 -6.877239 -2.251669 -1.206629 2.062871 8.853591 12.488941 17.254121 17.344171 23.151151
245 -6.886959 -2.277129 -1.217629 2.214381 8.646381 12.469661 17.485591 17.499221 22.896941
246 -6.895949 -2.300179 -1.228139 2.362411 8.448541 12.452131 17.618181 17.748031 22.636201
247 -6.904139 -2.320829 -1.237969 2.505181 8.261681 12.436381 17.740711 18.000501 22.370031
248 -6.911479 -2.339059 -1.246929 2.640591 8.087701 12.422391 17.851981 18.256501 22.099551
249 -6.917939 -2.354869 -1.254909 2.766341 7.928801 12.410221 17.950871 18.515831 21.825801
250 -6.923459 -2.368259 -1.261829 2.879851 7.787441 12.399891 18.036381 18.778231 21.549821
251 -6.928019 -2.379219 -1.267569 2.978331 7.666291 12.391401 18.107641 19.043271 21.272741
252 -6.931589 -2.387749 -1.272099 3.058901 7.568171 12.384781 18.163861 19.310131 20.995931
253 -6.934159 -2.393839 -1.275369 3.118851 7.495741 12.380061 18.204461 19.576861 20.721741
254 -6.935699 -2.397499 -1.277349 3.155861 7.451251 12.377221 18.229001 19.835621 20.458391
255 -6.936219 -2.398719 -1.277999 3.168381 7.436241 12.376261 18.237221 20.005281 20.287201
