1 -19.0955 -2.4715 -2.4715 -2.4715 23.0505 23.0505 23.0505 26.7025
2 -19.0965 -2.4705 -2.4705 -2.4705 23.0265 23.0535 23.0535 26.7335
3 -19.0995 -2.4705 -2.4685 -2.4685 22.9585 23.0645 23.0645 26.8245
4 -19.1055 -2.4705 -2.4665 -2.4665 22.8515 23.0815 23.0815 26.9685
5 -19.1125 -2.4705 -2.4625 -2.4625 22.7155 23.1055 23.1055 27.1575
6 -19.1225 -2.4705 -2.4585 -2.4585 22.5555 23.1375 23.1375 27.3825
7 -19.1335 -2.4695 -2.4525 -2.4525 22.3815 23.1755 23.1755 27.6365
8 -19.1475 -2.4695 -2.4455 -2.4455 22.1965 23.2205 23.2205 27.9135
9 -19.1625 -2.4685 -2.4375 -2.4375 22.0065 23.2715 23.2715 28.2075
10 -19.1805 -2.4685 -2.4285 -2.4285 21.8135 23.3305 23.3305 28.5165
11 -19.2005 -2.4675 -2.4185 -2.4185 21.6205 23.3945 23.3945 28.8335
12 -19.2215 -2.4665 -2.4075 -2.4075 21.4285 23.4655 23.4655 29.1575
13 -19.2455 -2.4645 -2.3955 -2.3955 21.2395 23.5435 23.5435 29.4835
14 -19.2705 -2.4635 -2.3825 -2.3825 21.0545 23.6265 23.6265 29.8095
15 -19.2985 -2.4615 -2.3675 -2.3675 20.8745 23.7155 23.7155 30.1315
16 -19.3275 -2.4585 -2.3525 -2.3525 20.6985 23.8105 23.8105 30.4455
17 -19.3585 -2.4565 -2.3355 -2.3355 20.5275 23.9115 23.9115 30.7465
18 -19.3915 -2.4525 -2.3185 -2.3185 20.3625 24.0165 24.0165 31.0315
19 -19.4265 -2.4495 -2.2995 -2.2995 20.2025 24.1275 24.1275 31.2965
20 -19.4635 -2.4445 -2.2795 -2.2795 20.0475 24.2425 24.2425 31.5355
21 -19.5015 -2.4405 -2.2585 -2.2585 19.8985 24.3625 24.3625 31.7465
22 -19.5415 -2.4345 -2.2365 -2.2365 19.7545 24.4865 24.4865 31.9275
23 -19.5825 -2.4285 -2.2125 -2.2125 19.6155 24.6145 24.6145 32.0765
24 -19.6255 -2.4205 -2.1885 -2.1885 19.4805 24.7455 24.7455 32.1965
25 -19.6695 -2.4125 -2.1625 -2.1625 19.3505 24.8795 24.8795 32.2885
26 -19.7155 -2.4035 -2.1355 -2.1355 19.2245 25.0165 25.0165 32.3545
27 -19.7625 -2.3935 -2.1075 -2.1075 19.1025 25.1565 25.1565 32.4005
28 -19.8115 -2.3825 -2.0785 -2.0785 18.9825 25.2975 25.2975 32.4285
29 -19.8605 -2.3705 -2.0485 -2.0485 18.8665 25.4395 25.4395 32.4425
30 -19.9115 -2.3565 -2.0175 -2.0175 18.7525 25.5825 25.5825 32.4455
31 -19.9635 -2.3415 -1.9855 -1.9855 18.6405 25.7265 25.7265 32.4415
32 -20.0165 -2.3245 -1.9515 -1.9515 18.5305 25.8695 25.8695 32.4325
33 -20.0705 -2.3075 -1.9175 -1.9175 18.4205 26.0125 26.0125 32.4215
34 -20.1255 -2.2875 -1.8815 -1.8815 18.3125 26.1545 26.1545 32.4095
35 -20.1815 -2.2665 -1.8455 -1.8455 18.2035 26.2935 26.2935 32.3975
36 -20.2375 -2.2435 -1.8075 -1.8075 18.0945 26.4315 26.4315 32.3905
37 -20.2945 -2.2195 -1.7685 -1.7685 17.9855 26.5665 26.5665 32.3865
38 -20.3525 -2.1935 -1.7295 -1.7295 17.8745 26.6975 26.6975 32.3885
39 -20.4105 -2.1655 -1.6895 -1.6895 17.7625 26.8255 26.8255 32.3965
40 -20.4685 -2.1355 -1.6485 -1.6485 17.6475 26.9485 26.9485 32.4125
41 -20.5275 -2.1035 -1.6065 -1.6065 17.5315 27.0675 27.0675 32.4365
42 -20.5865 -2.0705 -1.5635 -1.5635 17.4135 27.1805 27.1805 32.4705
43 -20.6455 -2.0345 -1.5195 -1.5195 17.2925 27.2895 27.2895 32.5125
44 -20.7055 -1.9975 -1.4755 -1.4755 17.1685 27.3915 27.3915 32.5655
45 -20.7645 -1.9585 -1.4305 -1.4305 17.0415 27.4885 27.4885 32.6285
46 -20.8235 -1.9175 -1.3855 -1.3855 16.9125 27.5795 27.5795 32.7015
47 -20.8825 -1.8735 -1.3395 -1.3395 16.7795 27.6655 27.6655 32.7865
48 -20.9415 -1.8285 -1.2935 -1.2935 16.6445 27.7445 27.7445 32.8815
49 -20.9995 -1.7825 -1.2475 -1.2475 16.5065 27.8175 27.8175 32.9875
50 -21.0575 -1.7335 -1.2005 -1.2005 16.3655 27.8855 27.8855 33.1055
51 -21.1145 -1.6835 -1.1535 -1.1535 16.2225 27.9475 27.9475 33.2335
52 -21.1715 -1.6315 -1.1065 -1.1065 16.0765 28.0035 28.0035 33.3725
53 -21.2265 -1.5775 -1.0595 -1.0595 15.9295 28.0545 28.0545 33.5225
54 -21.2825 -1.5225 -1.0125 -1.0125 15.7795 28.1015 28.1015 33.6815
55 -21.3365 -1.4665 -0.9655 -0.9655 15.6285 28.1435 28.1435 33.8515
56 -21.3895 -1.4085 -0.9185 -0.9185 15.4765 28.1805 28.1805 34.0315
57 -21.4425 -1.3505 -0.8725 -0.8725 15.3245 28.2135 28.2135 34.2195
58 -21.4935 -1.2905 -0.8265 -0.8265 15.1705 28.2435 28.2435 34.4175
59 -21.5435 -1.2295 -0.7805 -0.7805 15.0175 28.2695 28.2695 34.6235
60 -21.5915 -1.1685 -0.7355 -0.7355 14.8655 28.2925 28.2925 34.8375
61 -21.6395 -1.1065 -0.6915 -0.6915 14.7135 28.3125 28.3125 35.0575
62 -21.6855 -1.0445 -0.6485 -0.6485 14.5625 28.3305 28.3305 35.2855
63 -21.7295 -0.9815 -0.6055 -0.6055 14.4135 28.3455 28.3455 35.5185
64 -21.7725 -0.9195 -0.5645 -0.5645 14.2665 28.3585 28.3585 35.7565
65 -21.8145 -0.8575 -0.5245 -0.5245 14.1225 28.3695 28.3695 35.9985
66 -21.8545 -0.7965 -0.4845 -0.4845 13.9815 28.3795 28.3795 36.2445
67 -21.8925 -0.7355 -0.4475 -0.4475 13.8445 28.3875 28.3875 36.4925
68 -21.9285 -0.6755 -0.4105 -0.4105 13.7105 28.3945 28.3945 36.7425
69 -21.9635 -0.6175 -0.3755 -0.3755 13.5825 28.4005 28.4005 36.9925
70 -21.9965 -0.5615 -0.3425 -0.3425 13.4585 28.4045 28.4045 37.2415
71 -22.0275 -0.5065 -0.3105 -0.3105 13.3395 28.4085 28.4085 37.4875
72 -22.0555 -0.4535 -0.2805 -0.2805 13.2265 28.4115 28.4115 37.7305
73 -22.0825 -0.4035 -0.2525 -0.2525 13.1205 28.4145 28.4145 37.9675
74 -22.1075 -0.3565 -0.2265 -0.2265 13.0205 28.4165 28.4165 38.1975
75 -22.1305 -0.3115 -0.2025 -0.2025 12.9285 28.4185 28.4185 38.4185
76 -22.1515 -0.2705 -0.1805 -0.1805 12.8425 28.4195 28.4195 38.6285
77 -22.1705 -0.2325 -0.1605 -0.1605 12.7655 28.4205 28.4205 38.8245
78 -22.1865 -0.1995 -0.1425 -0.1425 12.6965 28.4215 28.4215 39.0055
79 -22.2015 -0.1695 -0.1275 -0.1275 12.6365 28.4215 28.4215 39.1685
80 -22.2135 -0.1435 -0.1145 -0.1145 12.5845 28.4225 28.4225 39.3125
81 -22.2235 -0.1225 -0.1035 -0.1035 12.5415 28.4225 28.4225 39.4325
82 -22.2305 -0.1055 -0.0955 -0.0955 12.5085 28.4235 28.4235 39.5285
83 -22.2365 -0.0935 -0.0895 -0.0895 12.4845 28.4235 28.4235 39.5985
84 -22.2395 -0.0865 -0.0855 -0.0855 12.4705 28.4235 28.4235 39.6415
85 -22.2415 -0.0845 -0.0845 -0.0845 12.4655 28.4235 28.4235 39.6555
86 -22.2395 -0.0895 -0.0835 -0.0835 12.4705 28.4205 28.4265 39.6535
87 -22.2365 -0.1065 -0.0825 -0.0825 12.4845 28.4115 28.4355 39.6465
88 -22.2315 -0.1345 -0.0805 -0.0805 12.5075 28.3955 28.4495 39.6355
89 -22.2235 -0.1735 -0.0775 -0.0775 12.5405 28.3735 28.4705 39.6205
90 -22.2135 -0.2225 -0.0735 -0.0735 12.5815 28.3455 28.4975 39.6005
91 -22.2015 -0.2815 -0.0685 -0.0685 12.6325 28.3095 28.5295 39.5775
92 -22.1875 -0.3505 -0.0635 -0.0635 12.6915 28.2665 28.5675 39.5485
93 -22.1725 -0.4285 -0.0575 -0.0575 12.7585 28.2145 28.6125 39.5165
94 -22.1545 -0.5165 -0.0505 -0.0505 12.8335 28.1535 28.6625 39.4785
95 -22.1345 -0.6115 -0.0425 -0.0425 12.9165 28.0835 28.7175 39.4375
96 -22.1125 -0.7145 -0.0345 -0.0345 13.0055 28.0045 28.7795 39.3915
97 -22.0885 -0.8245 -0.0255 -0.0255 13.1025 27.9155 28.8465 39.3415
98 -22.0635 -0.9405 -0.0155 -0.0155 13.2055 27.8155 28.9205 39.2875
99 -22.0365 -1.0625 -0.0055 -0.0055 13.3155 27.7055 28.9985 39.2305
100 -22.0075 -1.1895 0.0055 0.0055 13.4305 27.5855 29.0835 39.1685
101 -21.9775 -1.3205 0.0175 0.0175 13.5525 27.4545 29.1735 39.1035
102 -21.9455 -1.4565 0.0285 0.0285 13.6785 27.3135 29.2685 39.0345
103 -21.9135 -1.5945 0.0415 0.0415 13.8095 27.1625 29.3695 38.9625
104 -21.8785 -1.7355 0.0535 0.0535 13.9465 27.0025 29.4755 38.8875
105 -21.8435 -1.8775 0.0665 0.0665 14.0865 26.8325 29.5875 38.8095
106 -21.8075 -2.0215 0.0805 0.0805 14.2315 26.6545 29.7035 38.7295
107 -21.7705 -2.1665 0.0935 0.0935 14.3815 26.4675 29.8255 38.6465
108 -21.7335 -2.3115 0.1075 0.1075 14.5345 26.2725 29.9525 38.5625
109 -21.6945 -2.4555 0.1205 0.1205 14.6915 26.0705 30.0845 38.4775
110 -21.6565 -2.5995 0.1345 0.1345 14.8515 25.8625 30.2205 38.3915
111 -21.6175 -2.7415 0.1485 0.1485 15.0155 25.6495 30.3615 38.3045
112 -21.5785 -2.8815 0.1625 0.1625 15.1825 25.4305 30.5065 38.2175
113 -21.5395 -3.0195 0.1755 0.1755 15.3525 25.2075 30.6555 38.1305
114 -21.5005 -3.1535 0.1895 0.1895 15.5255 24.9805 30.8075 38.0445
115 -21.4625 -3.2855 0.2025 0.2025 15.7015 24.7505 30.9645 37.9595
116 -21.4245 -3.4125 0.2155 0.2155 15.8805 24.5175 31.1235 37.8765
117 -21.3875 -3.5355 0.2285 0.2285 16.0615 24.2825 31.2855 37.7945
118 -21.3515 -3.6545 0.2405 0.2405 16.2445 24.0465 31.4495 37.7155
119 -21.3165 -3.7675 0.2525 0.2525 16.4295 23.8105 31.6145 37.6395
120 -21.2835 -3.8755 0.2635 0.2635 16.6165 23.5735 31.7815 37.5655
121 -21.2505 -3.9775 0.2745 0.2745 16.8045 23.3375 31.9475 37.4965
122 -21.2205 -4.0735 0.2845 0.2845 16.9945 23.1035 32.1125 37.4305
123 -21.1915 -4.1635 0.2945 0.2945 17.1835 22.8715 32.2755 37.3685
124 -21.1645 -4.2465 0.3025 0.3025 17.3725 22.6425 32.4355 37.3115
125 -21.1395 -4.3225 0.3115 0.3115 17.5605 22.4175 32.5905 37.2585
126 -21.1165 -4.3905 0.3185 0.3185 17.7465 22.1985 32.7385 37.2105
127 -21.0965 -4.4515 0.3245 0.3245 17.9275 21.9875 32.8775 37.1685
128 -21.0785 -4.5055 0.3305 0.3305 18.1025 21.7865 33.0055 37.1305
129 -21.0625 -4.5505 0.3355 0.3355 18.2675 21.5995 33.1205 37.0985
130 -21.0505 -4.5885 0.3395 0.3395 18.4185 21.4295 33.2185 37.0725
131 -21.0405 -4.6175 0.3425 0.3425 18.5485 21.2845 33.2985 37.0515
132 -21.0335 -4.6385 0.3455 0.3455 18.6505 21.1715 33.3575 37.0365
133 -21.0285 -4.6505 0.3465 0.3465 18.7175 21.0995 33.3935 37.0275
134 -21.0275 -4.6555 0.3475 0.3475 18.7405 21.0745 33.4065 37.0255
135 -21.0265 -4.6535 0.3425 0.3475 18.7395 21.0785 33.4075 36.9555
136 -21.0235 -4.6505 0.3295 0.3485 18.7365 21.0925 33.4125 36.7655
137 -21.0185 -4.6445 0.3085 0.3505 18.7315 21.1145 33.4215 36.4905
138 -21.0125 -4.6365 0.2795 0.3525 18.7255 21.1465 33.4325 36.1625
139 -21.0035 -4.6265 0.2415 0.3565 18.7165 21.1865 33.4475 35.8055
140 -20.9935 -4.6135 0.1955 0.3595 18.7065 21.2345 33.4635 35.4315
141 -20.9815 -4.5985 0.1425 0.3645 18.6935 21.2915 33.4825 35.0495
142 -20.9675 -4.5815 0.0815 0.3695 18.6785 21.3575 33.5025 34.6635
143 -20.9525 -4.5625 0.0145 0.3755 18.6615 21.4305 33.5235 34.2795
144 -20.9355 -4.5415 -0.0605 0.3825 18.6425 21.5105 33.5445 33.8985
145 -20.9165 -4.5185 -0.1405 0.3895 18.6215 21.5985 33.5225 33.5655
146 -20.8955 -4.4935 -0.2275 0.3965 18.5975 21.6945 33.1525 33.5845
147 -20.8745 -4.4665 -0.3195 0.4055 18.5715 21.7955 32.7905 33.6015
148 -20.8505 -4.4385 -0.4155 0.4135 18.5435 21.9045 32.4365 33.6155
149 -20.8265 -4.4075 -0.5165 0.4225 18.5125 22.0185 32.0925 33.6255
150 -20.8005 -4.3755 -0.6215 0.4325 18.4785 22.1395 31.7575 33.6315
151 -20.7735 -4.3425 -0.7305 0.4425 18.4425 22.2645 31.4325 33.6305
152 -20.7445 -4.3075 -0.8415 0.4525 18.4035 22.3955 31.1185 33.6235
153 -20.7155 -4.2715 -0.9555 0.4635 18.3625 22.5315 30.8155 33.6095
154 -20.6855 -4.2345 -1.0715 0.4745 18.3185 22.6725 30.5235 33.5865
155 -20.6545 -4.1965 -1.1895 0.4855 18.2725 22.8165 30.2425 33.5545
156 -20.6235 -4.1585 -1.3075 0.4975 18.2235 22.9655 29.9745 33.5145
157 -20.5915 -4.1185 -1.4265 0.5085 18.1715 23.1175 29.7175 33.4635
158 -20.5585 -4.0785 -1.5455 0.5205 18.1185 23.2735 29.4715 33.4035
159 -20.5255 -4.0385 -1.6635 0.5315 18.0625 23.4325 29.2385 33.3335
160 -20.4925 -3.9975 -1.7815 0.5435 18.0055 23.5935 29.0175 33.2535
161 -20.4595 -3.9565 -1.8975 0.5545 17.9465 23.7585 28.8075 33.1635
162 -20.4265 -3.9165 -2.0115 0.5665 17.8865 23.9245 28.6105 33.0645
163 -20.3935 -3.8755 -2.1235 0.5775 17.8255 24.0935 28.4245 32.9555
164 -20.3615 -3.8355 -2.2335 0.5885 17.7635 24.2635 28.2505 32.8385
165 -20.3295 -3.7965 -2.3405 0.5995 17.7005 24.4345 28.0865 32.7135
166 -20.2985 -3.7585 -2.4435 0.6105 17.6385 24.6065 27.9345 32.5815
167 -20.2675 -3.7205 -2.5425 0.6205 17.5765 24.7795 27.7935 32.4435
168 -20.2385 -3.6845 -2.6375 0.6305 17.5165 24.9515 27.6625 32.3005
169 -20.2105 -3.6495 -2.7285 0.6395 17.4565 25.1235 27.5415 32.1535
170 -20.1835 -3.6165 -2.8145 0.6495 17.3985 25.2945 27.4315 32.0035
171 -20.1575 -3.5845 -2.8955 0.6575 17.3435 25.4625 27.3305 31.8515
172 -20.1335 -3.5545 -2.9715 0.6655 17.2905 25.6285 27.2385 31.6985
173 -20.1105 -3.5275 -3.0415 0.6725 17.2405 25.7895 27.1565 31.5485
174 -20.0895 -3.5015 -3.1055 0.6795 17.1935 25.9455 27.0825 31.3995
175 -20.0705 -3.4775 -3.1625 0.6855 17.1505 26.0955 27.0175 31.2565
176 -20.0535 -3.4575 -3.2145 0.6915 17.1125 26.2365 26.9605 31.1205
177 -20.0385 -3.4385 -3.2595 0.6965 17.0785 26.3665 26.9125 30.9935
178 -20.0265 -3.4225 -3.2985 0.7005 17.0485 26.4835 26.8715 30.8785
179 -20.0155 -3.4095 -3.3295 0.7035 17.0245 26.5845 26.8375 30.7795
180 -20.0075 -3.3995 -3.3545 0.7065 17.0055 26.6675 26.8125 30.6975
181 -20.0015 -3.3925 -3.3725 0.7085 16.9915 26.7285 26.7945 30.6365
182 -19.9975 -3.3875 -3.3825 0.7095 16.9835 26.7665 26.7825 30.5995
183 -19.9965 -3.3865 -3.3865 0.7095 16.9805 26.7785 26.7785 30.5865
184 -19.9975 -3.3855 -3.3855 0.7095 16.9825 26.7705 26.7795 30.5985
185 -20.0005 -3.3845 -3.3815 0.7085 16.9905 26.7435 26.7815 30.6335
186 -20.0065 -3.3815 -3.3745 0.7065 17.0035 26.6995 26.7845 30.6905
187 -20.0145 -3.3775 -3.3645 0.7045 17.0205 26.6415 26.7885 30.7675
188 -20.0245 -3.3715 -3.3525 0.7005 17.0425 26.5715 26.7935 30.8635
189 -20.0365 -3.3655 -3.3375 0.6975 17.0685 26.4905 26.8005 30.9755
190 -20.0505 -3.3575 -3.3205 0.6925 17.0985 26.4025 26.8075 31.1005
191 -20.0665 -3.3485 -3.3005 0.6875 17.1315 26.3095 26.8165 31.2385
192 -20.0855 -3.3375 -3.2775 0.6815 17.1665 26.2145 26.8265 31.3855
193 -20.1055 -3.3255 -3.2525 0.6745 17.2035 26.1175 26.8365 31.5415
194 -20.1275 -3.3115 -3.2245 0.6675 17.2415 26.0235 26.8495 31.7045
195 -20.1525 -3.2965 -3.1945 0.6595 17.2795 25.9315 26.8625 31.8735
196 -20.1785 -3.2795 -3.1615 0.6515 17.3165 25.8445 26.8765 32.0455
197 -20.2065 -3.2605 -3.1265 0.6415 17.3515 25.7635 26.8915 32.2225
198 -20.2365 -3.2395 -3.0885 0.6325 17.3835 25.6915 26.9075 32.4025
199 -20.2685 -3.2175 -3.0485 0.6215 17.4115 25.6285 26.9245 32.5835
200 -20.3015 -3.1925 -3.0065 0.6105 17.4355 25.5765 26.9425 32.7665
201 -20.3365 -3.1665 -2.9615 0.5995 17.4525 25.5355 26.9615 32.9505
202 -20.3735 -3.1375 -2.9155 0.5875 17.4625 25.5075 26.9815 33.1335
203 -20.4115 -3.1075 -2.8665 0.5745 17.4645 25.4935 27.0025 33.3165
204 -20.4505 -3.0745 -2.8155 0.5615 17.4585 25.4925 27.0235 33.4975
205 -20.4905 -3.0385 -2.7625 0.5485 17.4425 25.5075 27.0465 33.6775
206 -20.5325 -3.0015 -2.7085 0.5345 17.4165 25.5365 27.0695 33.8545
207 -20.5755 -2.9615 -2.6515 0.5205 17.3815 25.5805 27.0935 34.0285
208 -20.6195 -2.9185 -2.5935 0.5055 17.3355 25.6385 27.1185 34.1975
209 -20.6645 -2.8745 -2.5335 0.4905 17.2795 25.7105 27.1435 34.3625
210 -20.7105 -2.8275 -2.4715 0.4745 17.2145 25.7965 27.1695 34.5215
211 -20.7565 -2.7775 -2.4085 0.4585 17.1395 25.8945 27.1965 34.6745
212 -20.8045 -2.7255 -2.3445 0.4425 17.0545 26.0035 27.2245 34.8205
213 -20.8515 -2.6715 -2.2785 0.4265 16.9615 26.1235 27.2525 34.9595
214 -20.9005 -2.6155 -2.2115 0.4095 16.8615 26.2515 27.2815 35.0905
215 -20.9485 -2.5565 -2.1435 0.3925 16.7535 26.3875 27.3115 35.2115
216 -20.9975 -2.4945 -2.0755 0.3755 16.6385 26.5305 27.3415 35.3255
217 -21.0465 -2.4315 -2.0055 0.3585 16.5175 26.6775 27.3725 35.4305
218 -21.0955 -2.3665 -1.9345 0.3415 16.3915 26.8275 27.4035 35.5285
219 -21.1455 -2.2985 -1.8635 0.3235 16.2615 26.9785 27.4345 35.6175
220 -21.1945 -2.2295 -1.7925 0.3065 16.1265 27.1305 27.4675 35.7015
221 -21.2435 -2.1575 -1.7205 0.2895 15.9895 27.2805 27.4995 35.7795
222 -21.2915 -2.0845 -1.6485 0.2715 15.8485 27.4275 27.5325 35.8545
223 -21.3395 -2.0095 -1.5755 0.2545 15.7055 27.5665 27.5695 35.9275
224 -21.3875 -1.9335 -1.5035 0.2375 15.5605 27.6005 27.7055 36.0005
225 -21.4345 -1.8565 -1.4315 0.2205 15.4145 27.6345 27.8345 36.0745
226 -21.4815 -1.7775 -1.3605 0.2035 15.2685 27.6685 27.9555 36.1525
227 -21.5265 -1.6975 -1.2885 0.1865 15.1215 27.7035 28.0665 36.2345
228 -21.5715 -1.6175 -1.2185 0.1705 14.9745 27.7385 28.1685 36.3245
229 -21.6155 -1.5365 -1.1485 0.1535 14.8275 27.7735 28.2595 36.4205
230 -21.6585 -1.4555 -1.0805 0.1375 14.6825 27.8085 28.3385 36.5245
231 -21.7005 -1.3735 -1.0125 0.1225 14.5385 27.8435 28.4075 36.6385
232 -21.7415 -1.2915 -0.9465 0.1075 14.3965 27.8795 28.4655 36.7605
233 -21.7815 -1.2105 -0.8815 0.0925 14.2565 27.9145 28.5135 36.8905
234 -21.8195 -1.1295 -0.8175 0.0775 14.1195 27.9495 28.5505 37.0295
235 -21.8565 -1.0505 -0.7555 0.0635 13.9855 27.9845 28.5785 37.1765
236 -21.8925 -0.9715 -0.6965 0.0505 13.8545 28.0185 28.5975 37.3295
237 -21.9265 -0.8945 -0.6385 0.0375 13.7265 28.0525 28.6095 37.4885
238 -21.9595 -0.8185 -0.5825 0.0245 13.6035 28.0855 28.6145 37.6525
239 -21.9905 -0.7445 -0.5295 0.0125 13.4845 28.1185 28.6135 37.8185
240 -22.0195 -0.6735 -0.4785 0.0015 13.3705 28.1505 28.6075 37.9875
241 -22.0475 -0.6045 -0.4295 -0.0095 13.2625 28.1815 28.5975 38.1565
242 -22.0735 -0.5395 -0.3845 -0.0195 13.1585 28.2115 28.5845 38.3235
243 -22.0975 -0.4765 -0.3415 -0.0285 13.0615 28.2395 28.5695 38.4885
244 -22.1205 -0.4185 -0.3015 -0.0375 12.9705 28.2665 28.5525 38.6485
245 -22.1415 -0.3635 -0.2645 -0.0455 12.8865 28.2915 28.5355 38.8025
246 -22.1595 -0.3125 -0.2315 -0.0525 12.8085 28.3155 28.5175 38.9485
247 -22.1765 -0.2665 -0.2005 -0.0595 12.7385 28.3375 28.5005 39.0845
248 -22.1915 -0.2245 -0.1735 -0.0645 12.6755 28.3565 28.4845 39.2105
249 -22.2045 -0.1885 -0.1505 -0.0705 12.6205 28.3735 28.4695 39.3235
250 -22.2155 -0.1565 -0.1305 -0.0745 12.5735 28.3885 28.4555 39.4215
251 -22.2245 -0.1305 -0.1135 -0.0775 12.5345 28.4005 28.4445 39.5035
252 -22.2315 -0.1105 -0.1005 -0.0805 12.5045 28.4105 28.4355 39.5695
253 -22.2365 -0.0955 -0.0915 -0.0825 12.4825 28.4175 28.4285 39.6165
254 -22.2395 -0.0875 -0.0865 -0.0835 12.4695 28.4215 28.4245 39.6455
255 -22.2415 -0.0845 -0.0845 -0.0845 12.4655 28.4235 28.4235 39.6555
