1 -8.9995 -1.7755 -1.7755 -1.7755 -0.0185 -0.0185 25.5745 25.5745
2 -8.9955 -1.7765 -1.7765 -1.7745 -0.0205 -0.0175 25.5485 25.5735
3 -8.9835 -1.7765 -1.7765 -1.7715 -0.0265 -0.0155 25.4695 25.5685
4 -8.9645 -1.7775 -1.7775 -1.7655 -0.0375 -0.0115 25.3455 25.5595
5 -8.9375 -1.7785 -1.7785 -1.7575 -0.0515 -0.0055 25.1825 25.5475
6 -8.9035 -1.7785 -1.7785 -1.7475 -0.0705 0.0015 24.9885 25.5285
7 -8.8615 -1.7795 -1.7795 -1.7345 -0.0925 0.0105 24.7715 25.5035
8 -8.8125 -1.7805 -1.7805 -1.7195 -0.1195 0.0205 24.5385 25.4695
9 -8.7565 -1.7815 -1.7815 -1.7025 -0.1495 0.0325 24.2925 25.4245
10 -8.6925 -1.7825 -1.7825 -1.6835 -0.1845 0.0455 24.0395 25.3685
11 -8.6215 -1.7835 -1.7835 -1.6625 -0.2225 0.0605 23.7815 25.2965
12 -8.5425 -1.7835 -1.7835 -1.6385 -0.2645 0.0765 23.5225 25.2095
13 -8.4575 -1.7835 -1.7835 -1.6135 -0.3105 0.0935 23.2625 25.1045
14 -8.3665 -1.7835 -1.7835 -1.5855 -0.3605 0.1125 23.0055 24.9795
15 -8.2675 -1.7825 -1.7825 -1.5555 -0.4135 0.1325 22.7505 24.8355
16 -8.1625 -1.7805 -1.7805 -1.5245 -0.4695 0.1535 22.5005 24.6715
17 -8.0515 -1.7785 -1.7785 -1.4905 -0.5295 0.1755 22.2545 24.4875
18 -7.9345 -1.7755 -1.7755 -1.4555 -0.5925 0.1985 22.0135 24.2855
19 -7.8115 -1.7715 -1.7715 -1.4175 -0.6595 0.2225 21.7775 24.0665
20 -7.6825 -1.7655 -1.7655 -1.3785 -0.7285 0.2475 21.5485 23.8315
21 -7.5495 -1.7595 -1.7595 -1.3385 -0.8005 0.2745 21.3255 23.5835
22 -7.4105 -1.7515 -1.7515 -1.2955 -0.8755 0.3015 21.1085 23.3235
23 -7.2675 -1.7415 -1.7415 -1.2515 -0.9535 0.3305 20.8985 23.0525
24 -7.1205 -1.7315 -1.7315 -1.2065 -1.0335 0.3605 20.6945 22.7725
25 -6.9695 -1.7185 -1.7185 -1.1595 -1.1155 0.3925 20.4975 22.4855
26 -6.8155 -1.7045 -1.7045 -1.2005 -1.1105 0.4265 20.3075 22.1925
27 -6.6585 -1.6875 -1.6875 -1.2875 -1.0605 0.4615 20.1235 21.8935
28 -6.4995 -1.6695 -1.6695 -1.3755 -1.0105 0.4995 19.9455 21.5915
29 -6.3395 -1.6485 -1.6485 -1.4655 -0.9575 0.5405 19.7755 21.2855
30 -6.1775 -1.6255 -1.6255 -1.5575 -0.9045 0.5835 19.6105 20.9775
31 -6.0165 -1.6495 -1.6005 -1.6005 -0.8505 0.6315 19.4535 20.6665
32 -5.8565 -1.7435 -1.5725 -1.5725 -0.7955 0.6825 19.3015 20.3555
33 -5.6975 -1.8385 -1.5435 -1.5435 -0.7405 0.7395 19.1555 20.0425
34 -5.5415 -1.9345 -1.5115 -1.5115 -0.6835 0.8015 19.0165 19.7305
35 -5.3885 -2.0305 -1.4765 -1.4765 -0.6265 0.8695 18.8825 19.4175
36 -5.2405 -2.1275 -1.4385 -1.4385 -0.5695 0.9455 18.7545 19.1055
37 -5.0985 -2.2245 -1.3985 -1.3985 -0.5105 1.0305 18.6325 18.7945
38 -4.9625 -2.3215 -1.3555 -1.3555 -0.4525 1.1235 18.4835 18.4835
39 -4.8345 -2.4185 -1.3105 -1.3105 -0.3935 1.2275 18.1755 18.1755
40 -4.7145 -2.5155 -1.2625 -1.2625 -0.3345 1.3425 17.8685 17.8685
41 -4.6045 -2.6115 -1.2115 -1.2115 -0.2765 1.4685 17.5635 17.5635
42 -4.5055 -2.7075 -1.1575 -1.1575 -0.2175 1.6075 17.2605 17.2605
43 -4.4155 -2.8025 -1.1015 -1.1015 -0.1585 1.7605 16.9595 16.9595
44 -4.3375 -2.8965 -1.0425 -1.0425 -0.1005 1.9255 16.6625 16.6625
45 -4.2705 -2.9895 -0.9805 -0.9805 -0.0425 2.1045 16.3675 16.3675
46 -4.2135 -3.0805 -0.9175 -0.9175 0.0145 2.2975 16.0755 16.0755
47 -4.1685 -3.1715 -0.8505 -0.8505 0.0715 2.5045 15.7875 15.7875
48 -4.1335 -3.2595 -0.7815 -0.7815 0.1275 2.7235 15.5035 15.5035
49 -4.1075 -3.3465 -0.7105 -0.7105 0.1835 2.9555 15.2225 15.2225
50 -4.0915 -3.4315 -0.6375 -0.6375 0.2385 3.2005 14.9465 14.9465
51 -4.0835 -3.5145 -0.5615 -0.5615 0.2915 3.4565 14.6745 14.6745
52 -4.0835 -3.5955 -0.4845 -0.4845 0.3445 3.7235 14.4075 14.4075
53 -4.0905 -3.6735 -0.4065 -0.4065 0.3955 4.0005 14.1455 14.1455
54 -4.1045 -3.7505 -0.3265 -0.3265 0.4455 4.2865 13.8895 13.8895
55 -4.1225 -3.8245 -0.2445 -0.2445 0.4935 4.5815 13.6385 13.6385
56 -4.1455 -3.8955 -0.1625 -0.1625 0.5415 4.8845 13.3935 13.3935
57 -4.1715 -3.9645 -0.0795 -0.0795 0.5865 5.1945 13.1545 13.1545
58 -4.2025 -4.0305 0.0035 0.0035 0.6305 5.5105 12.9225 12.9225
59 -4.2345 -4.0935 0.0865 0.0865 0.6725 5.8315 12.6985 12.6985
60 -4.2675 -4.1535 0.1695 0.1695 0.7135 6.1565 12.4815 12.4815
61 -4.3025 -4.2115 0.2515 0.2515 0.7525 6.4845 12.2725 12.2725
62 -4.3375 -4.2655 0.3325 0.3325 0.7885 6.8155 12.0715 12.0715
63 -4.3735 -4.3165 0.4125 0.4125 0.8235 7.1465 11.8805 11.8805
64 -4.4085 -4.3645 0.4895 0.4895 0.8555 7.4785 11.6985 11.6985
65 -4.4425 -4.4085 0.5645 0.5645 0.8865 7.8075 11.5275 11.5275
66 -4.4745 -4.4495 0.6365 0.6365 0.9145 8.1325 11.3665 11.3665
67 -4.5055 -4.4865 0.7045 0.7045 0.9405 8.4525 11.2175 11.2175
68 -4.5345 -4.5215 0.7675 0.7675 0.9635 8.7625 11.0795 11.0795
69 -4.5615 -4.5525 0.8265 0.8265 0.9855 9.0625 10.9545 10.9545
70 -4.5855 -4.5795 0.8805 0.8805 1.0045 9.3465 10.8425 10.8425
71 -4.6075 -4.6025 0.9275 0.9275 1.0205 9.6105 10.7445 10.7445
72 -4.6255 -4.6235 0.9695 0.9695 1.0345 9.8495 10.6605 10.6605
73 -4.6415 -4.6395 1.0035 1.0035 1.0455 10.0585 10.5905 10.5905
74 -4.6535 -4.6525 1.0305 1.0305 1.0545 10.2305 10.5355 10.5355
75 -4.6615 -4.6615 1.0505 1.0505 1.0615 10.3585 10.4965 10.4965
76 -4.6675 -4.6665 1.0625 1.0625 1.0645 10.4385 10.4735 10.4735
77 -4.6685 -4.6685 1.0665 1.0665 1.0665 10.4655 10.4655 10.4655
78 -4.6675 -4.6675 1.0605 1.0625 1.0665 10.4525 10.4595 10.4735
79 -4.6615 -4.6615 1.0445 1.0505 1.0675 10.4145 10.4405 10.4965
80 -4.6525 -4.6525 1.0175 1.0305 1.0685 10.3525 10.4105 10.5355
81 -4.6405 -4.6405 0.9795 1.0035 1.0705 10.2675 10.3695 10.5895
82 -4.6245 -4.6245 0.9325 0.9685 1.0725 10.1625 10.3195 10.6575
83 -4.6055 -4.6055 0.8755 0.9265 1.0755 10.0385 10.2605 10.7405
84 -4.5835 -4.5825 0.8095 0.8775 1.0795 9.8985 10.1935 10.8365
85 -4.5575 -4.5565 0.7355 0.8225 1.0835 9.7445 10.1225 10.9465
86 -4.5295 -4.5265 0.6545 0.7595 1.0875 9.5785 10.0455 11.0685
87 -4.4985 -4.4925 0.5655 0.6925 1.0925 9.4025 9.9665 11.2015
88 -4.4655 -4.4565 0.4715 0.6195 1.0975 9.2185 9.8855 11.3465
89 -4.4305 -4.4155 0.3715 0.5415 1.1035 9.0265 9.8035 11.5015
90 -4.3945 -4.3725 0.2665 0.4595 1.1095 8.8285 9.7225 11.6665
91 -4.3565 -4.3245 0.1575 0.3745 1.1155 8.6255 9.6415 11.8405
92 -4.3175 -4.2735 0.0445 0.2875 1.1225 8.4185 9.5625 12.0235
93 -4.2775 -4.2195 -0.0705 0.1985 1.1295 8.2085 9.4855 12.2135
94 -4.2385 -4.1615 -0.1875 0.1085 1.1375 7.9945 9.4115 12.4115
95 -4.1995 -4.1005 -0.3065 0.0185 1.1455 7.7795 9.3395 12.6165
96 -4.1625 -4.0355 -0.4265 -0.0705 1.1535 7.5615 9.2715 12.8285
97 -4.1275 -3.9665 -0.5475 -0.1575 1.1615 7.3435 9.2075 13.0465
98 -4.0945 -3.8945 -0.6685 -0.2405 1.1705 7.1235 9.1465 13.2695
99 -4.0655 -3.8195 -0.7895 -0.3195 1.1795 6.9025 9.0885 13.4985
100 -4.0415 -3.7405 -0.9105 -0.3935 1.1885 6.6815 9.0345 13.7325
101 -4.0215 -3.6585 -1.0295 -0.4605 1.1975 6.4605 8.9845 13.9715
102 -4.0075 -3.5735 -1.1475 -0.5205 1.2065 6.2395 8.9375 14.2145
103 -3.9995 -3.4845 -1.2645 -0.5735 1.2155 6.0175 8.8935 14.4615
104 -3.9985 -3.3915 -1.3795 -0.6155 1.2245 5.7965 8.8535 14.7135
105 -4.0045 -3.2955 -1.4905 -0.6495 1.2335 5.5765 8.8165 14.9685
106 -4.0185 -3.1965 -1.6015 -0.6735 1.2435 5.3565 8.7825 15.2275
107 -4.0385 -3.0945 -1.7085 -0.6885 1.2525 5.1365 8.7505 15.4895
108 -4.0655 -2.9885 -1.8135 -0.6935 1.2615 4.9185 8.7215 15.7555
109 -4.0995 -2.8795 -1.9155 -0.6895 1.2705 4.7005 8.6955 16.0235
110 -4.1385 -2.7665 -2.0135 -0.6775 1.2795 4.4845 8.6725 16.2945
111 -4.1815 -2.6505 -2.1085 -0.6585 1.2875 4.2685 8.6505 16.5685
112 -4.2295 -2.5315 -2.1995 -0.6325 1.2965 4.0545 8.6315 16.8455
113 -4.2795 -2.4095 -2.2865 -0.6015 1.3045 3.8415 8.6135 17.1235
114 -4.3325 -2.3705 -2.2845 -0.5665 1.3125 3.6305 8.5975 17.4045
115 -4.3865 -2.4495 -2.1555 -0.5275 1.3205 3.4205 8.5835 17.6865
116 -4.4415 -2.5245 -2.0235 -0.4855 1.3275 3.2115 8.5715 17.9705
117 -4.4945 -2.5955 -1.8885 -0.4415 1.3345 3.0045 8.5605 18.2555
118 -4.5475 -2.6615 -1.7505 -0.3975 1.3415 2.7995 8.5505 18.5415
119 -4.5995 -2.7235 -1.6095 -0.3535 1.3475 2.5965 8.5425 18.6785
120 -4.6485 -2.7805 -1.4645 -0.3105 1.3535 2.3945 8.5355 18.7065
121 -4.6945 -2.8335 -1.3185 -0.2685 1.3585 2.1955 8.5285 18.7335
122 -4.7375 -2.8805 -1.1685 -0.2295 1.3635 1.9975 8.5235 18.7595
123 -4.7775 -2.9235 -1.0155 -0.1925 1.3685 1.8015 8.5185 18.7825
124 -4.8125 -2.9615 -0.8595 -0.1585 1.3725 1.6085 8.5145 18.8035
125 -4.8445 -2.9945 -0.7005 -0.1285 1.3755 1.4175 8.5115 18.8225
126 -4.8705 -3.0225 -0.5395 -0.1015 1.2285 1.3785 8.5085 18.8395
127 -4.8935 -3.0455 -0.3765 -0.0795 1.0415 1.3815 8.5065 18.8535
128 -4.9115 -3.0645 -0.2105 -0.0625 0.8585 1.3825 8.5055 18.8635
129 -4.9235 -3.0775 -0.0505 -0.0435 0.6785 1.3845 8.5035 18.8715
130 -4.9315 -3.0845 -0.0425 0.1205 0.5065 1.3845 8.5035 18.8765
131 -4.9335 -3.0875 -0.0405 0.2345 0.3905 1.3855 8.5035 18.8785
132 -4.9345 -3.0865 -0.0425 0.2335 0.3785 1.3815 8.5225 18.8825
133 -4.9355 -3.0835 -0.0495 0.2335 0.3445 1.3725 8.5815 18.8965
134 -4.9375 -3.0785 -0.0615 0.2315 0.2915 1.3555 8.6785 18.9195
135 -4.9415 -3.0705 -0.0845 0.2245 0.2295 1.3325 8.8115 18.9515
136 -4.9465 -3.0615 -0.1225 0.1525 0.2265 1.3035 8.9775 18.9935
137 -4.9525 -3.0505 -0.1875 0.0905 0.2225 1.2685 9.1745 19.0435
138 -4.9625 -3.0375 -0.2845 0.0455 0.2185 1.2275 9.3995 19.1035
139 -4.9745 -3.0225 -0.4055 0.0145 0.2135 1.1805 9.6485 19.1715
140 -4.9905 -3.0055 -0.5415 -0.0095 0.2085 1.1285 9.9205 19.2485
141 -5.0105 -2.9875 -0.6855 -0.0295 0.2025 1.0715 10.2125 19.3335
142 -5.0365 -2.9665 -0.8325 -0.0475 0.1965 1.0095 10.5225 19.4285
143 -5.0685 -2.9445 -0.9795 -0.0645 0.1895 0.9425 10.8475 19.5305
144 -5.1085 -2.9205 -1.1225 -0.0815 0.1825 0.8725 11.1875 19.6415
145 -5.1565 -2.8955 -1.2585 -0.0985 0.1755 0.7975 11.5385 19.7605
146 -5.2125 -2.8685 -1.3855 -0.1155 0.1675 0.7205 11.9015 19.8865
147 -5.2795 -2.8405 -1.5025 -0.1335 0.1595 0.6395 12.2745 20.0215
148 -5.3555 -2.8105 -1.6075 -0.1505 0.1515 0.5555 12.6565 20.1625
149 -5.4425 -2.7795 -1.7005 -0.1675 0.1435 0.4695 13.0455 20.3115
150 -5.5385 -2.7475 -1.7795 -0.1845 0.1355 0.3825 13.4415 20.4675
151 -5.6455 -2.7135 -1.8465 -0.2005 0.1265 0.2925 13.8445 20.6295
152 -5.7605 -2.6795 -1.9005 -0.2165 0.1185 0.2025 14.2525 20.7985
153 -5.8845 -2.6445 -1.9425 -0.2315 0.1105 0.1105 14.6655 20.9735
154 -6.0145 -2.6085 -1.9735 -0.2465 0.0185 0.1025 15.0825 21.1535
155 -6.1505 -2.5725 -1.9945 -0.2595 -0.0725 0.0945 15.5025 21.3395
156 -6.2905 -2.5345 -2.0075 -0.2715 -0.1655 0.0865 15.9255 21.5295
157 -6.4335 -2.4975 -2.0125 -0.2835 -0.2575 0.0785 16.3515 21.7245
158 -6.5795 -2.4595 -2.0115 -0.3475 -0.2925 0.0715 16.7785 21.9235
159 -6.7255 -2.4215 -2.0055 -0.4375 -0.2995 0.0645 17.2075 22.1255
160 -6.8715 -2.3825 -1.9945 -0.5265 -0.3045 0.0575 17.6365 22.3305
161 -7.0175 -2.3445 -1.9815 -0.6135 -0.3075 0.0505 18.0655 22.5385
162 -7.1605 -2.3065 -1.9665 -0.6985 -0.3085 0.0445 18.4945 22.7465
163 -7.3015 -2.2695 -1.9495 -0.7825 -0.3065 0.0385 18.9215 22.9555
164 -7.4395 -2.2325 -1.9315 -0.8625 -0.3025 0.0325 19.3465 23.1635
165 -7.5735 -2.1965 -1.9135 -0.9415 -0.2955 0.0275 19.7695 23.3705
166 -7.7035 -2.1605 -1.8965 -1.0175 -0.2865 0.0225 20.1885 23.5755
167 -7.8285 -2.1255 -1.8795 -1.0905 -0.2755 0.0175 20.6025 23.7755
168 -7.9495 -2.0915 -1.8645 -1.1605 -0.2625 0.0135 21.0115 23.9715
169 -8.0645 -2.0585 -1.8505 -1.2275 -0.2475 0.0095 21.4145 24.1595
170 -8.1735 -2.0275 -1.8375 -1.2915 -0.2305 0.0055 21.8095 24.3405
171 -8.2765 -1.9975 -1.8255 -1.3525 -0.2125 0.0025 22.1965 24.5105
172 -8.3735 -1.9685 -1.8165 -1.4085 -0.1925 -0.000500000000001 22.5735 24.6705
173 -8.4645 -1.9415 -1.8085 -1.4615 -0.1735 -0.0045 22.9395 24.8185
174 -8.5475 -1.9165 -1.8015 -1.5115 -0.1535 -0.0065 23.2915 24.9525
175 -8.6255 -1.8935 -1.7955 -1.5565 -0.1335 -0.0085 23.6295 25.0725
176 -8.6955 -1.8715 -1.7905 -1.5975 -0.1145 -0.0105 23.9505 25.1785
177 -8.7585 -1.8515 -1.7865 -1.6345 -0.0965 -0.0125 24.2525 25.2695
178 -8.8145 -1.8345 -1.7835 -1.6675 -0.0795 -0.0145 24.5335 25.3475
179 -8.8635 -1.8195 -1.7815 -1.6965 -0.0645 -0.0155 24.7875 25.4125
180 -8.9045 -1.8065 -1.7795 -1.7205 -0.0505 -0.0165 25.0145 25.4645
181 -8.9385 -1.7955 -1.7785 -1.7405 -0.0395 -0.0175 25.2075 25.5055
182 -8.9645 -1.7865 -1.7775 -1.7555 -0.0305 -0.0175 25.3645 25.5365
183 -8.9835 -1.7805 -1.7765 -1.7675 -0.0235 -0.0185 25.4795 25.5585
184 -8.9955 -1.7775 -1.7765 -1.7735 -0.0195 -0.0185 25.5505 25.5705
185 -8.9995 -1.7755 -1.7755 -1.7755 -0.0185 -0.0185 25.5745 25.5745
186 -8.9955 -1.7765 -1.7765 -1.7735 -0.0195 -0.0195 25.5605 25.5605
187 -8.9855 -1.7785 -1.7785 -1.7665 -0.0205 -0.0205 25.5165 25.5165
188 -8.9685 -1.7825 -1.7825 -1.7555 -0.0235 -0.0235 25.4435 25.4435
189 -8.9455 -1.7885 -1.7885 -1.7385 -0.0275 -0.0275 25.3425 25.3425
190 -8.9145 -1.7955 -1.7955 -1.7185 -0.0315 -0.0315 25.2155 25.2155
191 -8.8775 -1.8035 -1.8035 -1.6925 -0.0375 -0.0375 25.0635 25.0635
192 -8.8345 -1.8135 -1.8135 -1.6625 -0.0435 -0.0435 24.8885 24.8885
193 -8.7845 -1.8255 -1.8255 -1.6285 -0.0505 -0.0505 24.6925 24.6925
194 -8.7275 -1.8395 -1.8395 -1.5895 -0.0575 -0.0575 24.4775 24.4775
195 -8.6645 -1.8555 -1.8555 -1.5455 -0.0645 -0.0645 24.2465 24.2465
196 -8.5955 -1.8725 -1.8725 -1.4975 -0.0715 -0.0715 23.9995 23.9995
197 -8.5205 -1.8915 -1.8915 -1.4445 -0.0795 -0.0795 23.7415 23.7415
198 -8.4385 -1.9125 -1.9125 -1.3885 -0.0865 -0.0865 23.4725 23.4725
199 -8.3515 -1.9355 -1.9355 -1.3265 -0.0925 -0.0925 23.1945 23.1945
200 -8.2585 -1.9605 -1.9605 -1.2605 -0.0985 -0.0985 22.9095 22.9095
201 -8.1595 -1.9875 -1.9875 -1.1915 -0.1035 -0.1035 22.6185 22.6185
202 -8.0555 -2.0165 -2.0165 -1.1175 -0.1085 -0.1085 22.3225 22.3225
203 -7.9455 -2.0475 -2.0475 -1.0395 -0.1115 -0.1115 22.0235 22.0235
204 -7.8315 -2.0795 -2.0795 -0.9575 -0.1145 -0.1145 21.7215 21.7215
205 -7.7115 -2.1125 -2.1125 -0.8715 -0.1155 -0.1155 21.4175 21.4175
206 -7.5865 -2.1485 -2.1485 -0.7805 -0.1165 -0.1165 21.1135 21.1135
207 -7.4575 -2.1855 -2.1855 -0.6865 -0.1165 -0.1165 20.8075 20.8075
208 -7.3245 -2.2235 -2.2235 -0.5885 -0.1145 -0.1145 20.5025 20.5025
209 -7.1875 -2.2625 -2.2625 -0.4865 -0.1115 -0.1115 20.1985 20.1985
210 -7.0465 -2.3025 -2.3025 -0.3805 -0.1075 -0.1075 19.8945 19.8945
211 -6.9015 -2.3435 -2.3435 -0.2705 -0.1025 -0.1025 19.5915 19.5915
212 -6.7535 -2.3855 -2.3855 -0.1565 -0.0965 -0.0965 19.2915 19.2915
213 -6.6025 -2.4265 -2.4265 -0.0895 -0.0895 -0.0395 18.9925 18.9925
214 -6.4495 -2.4685 -2.4685 -0.0815 -0.0815 0.0815 18.6955 18.6955
215 -6.2945 -2.5105 -2.5105 -0.0725 -0.0725 0.2065 18.4015 18.4015
216 -6.1365 -2.5525 -2.5525 -0.0635 -0.0635 0.3355 18.1095 18.1095
217 -5.9775 -2.5945 -2.5945 -0.0535 -0.0535 0.4675 17.8195 17.8195
218 -5.8185 -2.6355 -2.6355 -0.0425 -0.0425 0.6045 17.5335 17.5335
219 -5.6575 -2.6755 -2.6755 -0.0315 -0.0315 0.7445 17.2495 17.2495
220 -5.4975 -2.7155 -2.7155 -0.0195 -0.0195 0.8895 16.9695 16.9695
221 -5.3365 -2.7535 -2.7535 -0.0075 -0.0075 1.0385 16.6915 16.6915
222 -5.1775 -2.7915 -2.7915 0.0045 0.0045 1.1915 16.4175 16.4175
223 -5.0195 -2.8275 -2.8275 0.0175 0.0175 1.3495 16.1465 16.1465
224 -4.8635 -2.8625 -2.8625 0.0305 0.0305 1.5115 15.8785 15.8785
225 -4.7095 -2.8955 -2.8955 0.0435 0.0435 1.6785 15.6145 15.6145
226 -4.5585 -2.9275 -2.9275 0.0565 0.0565 1.8505 15.3535 15.3535
227 -4.4115 -2.9575 -2.9575 0.0695 0.0695 2.0275 15.0965 15.0965
228 -4.2685 -2.9865 -2.9865 0.0815 0.0815 2.2105 14.8425 14.8425
229 -4.1305 -3.0135 -3.0135 0.0945 0.0945 2.3985 14.5925 14.5925
230 -3.9975 -3.0375 -3.0375 0.1075 0.1075 2.5925 14.3455 14.3455
231 -3.8705 -3.0615 -3.0615 0.1195 0.1195 2.7925 14.1025 14.1025
232 -3.7495 -3.0815 -3.0815 0.1315 0.1315 2.9985 13.8625 13.8625
233 -3.6355 -3.1005 -3.1005 0.1445 0.1445 3.2115 13.6265 13.6265
234 -3.5285 -3.1175 -3.1175 0.1555 0.1555 3.4315 13.3945 13.3945
235 -3.4285 -3.1325 -3.1325 0.1665 0.1665 3.6575 13.1665 13.1665
236 -3.3375 -3.1445 -3.1445 0.1775 0.1775 3.8915 12.9415 12.9415
237 -3.2535 -3.1555 -3.1555 0.1875 0.1875 4.1315 12.7205 12.7205
238 -3.1785 -3.1635 -3.1635 0.1975 0.1975 4.3795 12.5025 12.5025
239 -3.1705 -3.1705 -3.1115 0.2065 0.2065 4.6335 12.2895 12.2895
240 -3.1745 -3.1745 -3.0535 0.2155 0.2155 4.8955 12.0795 12.0795
241 -3.1775 -3.1775 -3.0035 0.2235 0.2235 5.1635 11.8735 11.8735
242 -3.1785 -3.1785 -2.9625 0.2315 0.2315 5.4395 11.6715 11.6715
243 -3.1765 -3.1765 -2.9295 0.2385 0.2385 5.7215 11.4735 11.4735
244 -3.1735 -3.1735 -2.9035 0.2455 0.2455 6.0105 11.2795 11.2795
245 -3.1685 -3.1685 -2.8865 0.2515 0.2515 6.3055 11.0885 11.0885
246 -3.1615 -3.1615 -2.8755 0.2575 0.2575 6.6065 10.9025 10.9025
247 -3.1525 -3.1525 -2.8725 0.2625 0.2625 6.9125 10.7205 10.7205
248 -3.1425 -3.1425 -2.8755 0.2675 0.2675 7.2225 10.5425 10.5425
249 -3.1315 -3.1315 -2.8845 0.2715 0.2715 7.5375 10.3685 10.3685
250 -3.1185 -3.1185 -2.8995 0.2745 0.2745 7.8555 10.1995 10.1995
251 -3.1045 -3.1045 -2.9195 0.2775 0.2775 8.1755 10.0335 10.0335
252 -3.0895 -3.0895 -2.9445 0.2795 0.2795 8.4945 9.8735 9.8735
253 -3.0735 -3.0735 -2.9725 0.2805 0.2805 8.8105 9.7165 9.7165
254 -3.0565 -3.0565 -3.0045 0.2815 0.2815 9.1205 9.5655 9.5655
255 -3.0395 -3.0395 -3.0395 0.2815 0.2815 9.4185 9.4185 9.4185
