1 -14.0229 -3.0499 -3.0499 -1.7709 7.1701 9.4381 9.4381 9.8001
2 -14.0229 -3.0539 -3.0479 -1.7669 7.1681 9.4181 9.4431 9.8211
3 -14.0239 -3.0659 -3.0409 -1.7529 7.1631 9.3671 9.4571 9.8751
4 -14.0259 -3.0859 -3.0299 -1.7299 7.1541 9.3001 9.4811 9.9471
5 -14.0289 -3.1129 -3.0139 -1.6989 7.1421 9.2271 9.5141 10.0281
6 -14.0319 -3.1449 -2.9939 -1.6609 7.1271 9.1501 9.5551 10.1141
7 -14.0369 -3.1819 -2.9699 -1.6179 7.1111 9.0711 9.6051 10.2031
8 -14.0419 -3.2239 -2.9409 -1.5689 7.0921 8.9931 9.6621 10.2941
9 -14.0469 -3.2679 -2.9079 -1.5159 7.0731 8.9141 9.7261 10.3871
10 -14.0529 -3.3149 -2.8709 -1.4599 7.0531 8.8351 9.7971 10.4811
11 -14.0599 -3.3629 -2.8299 -1.4009 7.0321 8.7561 9.8741 10.5761
12 -14.0679 -3.4129 -2.7839 -1.3399 7.0131 8.6781 9.9561 10.6711
13 -14.0759 -3.4629 -2.7349 -1.2769 6.9941 8.6001 10.0441 10.7671
14 -14.0839 -3.5149 -2.6809 -1.2129 6.9771 8.5231 10.1371 10.8621
15 -14.0939 -3.5659 -2.6239 -1.1479 6.9611 8.4461 10.2341 10.9551
16 -14.1029 -3.6169 -2.5619 -1.0819 6.9471 8.3691 10.3351 11.0461
17 -14.1129 -3.6679 -2.4969 -1.0169 6.9361 8.2921 10.4411 11.1341
18 -14.1229 -3.7179 -2.4289 -0.9509 6.9271 8.2151 10.5491 11.2151
19 -14.1339 -3.7679 -2.3569 -0.8859 6.9221 8.1381 10.6611 11.2871
20 -14.1449 -3.8169 -2.2809 -0.8209 6.9201 8.0611 10.7761 11.3451
21 -14.1559 -3.8659 -2.2029 -0.7569 6.9211 7.9831 10.8941 11.3811
22 -14.1669 -3.9129 -2.1209 -0.6929 6.9261 7.9051 11.0151 11.3871
23 -14.1789 -3.9589 -2.0359 -0.6309 6.9351 7.8271 11.1381 11.3561
24 -14.1899 -4.0039 -1.9489 -0.5699 6.9481 7.7471 11.2631 11.2871
25 -14.2019 -4.0479 -1.8589 -0.5099 6.9651 7.6661 11.1861 11.3901
26 -14.2139 -4.0909 -1.7659 -0.4519 6.9871 7.5841 11.0631 11.5181
27 -14.2249 -4.1319 -1.6709 -0.3949 7.0131 7.5001 10.9281 11.6481
28 -14.2369 -4.1719 -1.5739 -0.3409 7.0441 7.4141 10.7851 11.7791
29 -14.2479 -4.2109 -1.4759 -0.2879 7.0791 7.3271 10.6411 11.9101
30 -14.2589 -4.2479 -1.3749 -0.2369 7.1191 7.2381 10.4971 12.0401
31 -14.2699 -4.2839 -1.2739 -0.1869 7.1461 7.1651 10.3571 12.1661
32 -14.2809 -4.3179 -1.1709 -0.1409 7.0531 7.2151 10.2211 12.2801
33 -14.2909 -4.3509 -1.0679 -0.0959 6.9581 7.2701 10.0911 12.3481
34 -14.3009 -4.3819 -0.9639 -0.0529 6.8611 7.3301 9.9671 12.2931
35 -14.3109 -4.4119 -0.8599 -0.0129 6.7621 7.3951 9.8501 12.1471
36 -14.3209 -4.4399 -0.7569 0.0251 6.6621 7.4641 9.7401 11.9741
37 -14.3299 -4.4669 -0.6549 0.0601 6.5621 7.5391 9.6371 11.7961
38 -14.3379 -4.4909 -0.5539 0.0941 6.4611 7.6191 9.5431 11.6151
39 -14.3459 -4.5149 -0.4549 0.1241 6.3611 7.7031 9.4561 11.4361
40 -14.3539 -4.5359 -0.3589 0.1531 6.2621 7.7921 9.3761 11.2581
41 -14.3609 -4.5559 -0.2659 0.1791 6.1651 7.8851 9.3041 11.0821
42 -14.3669 -4.5739 -0.1769 0.2031 6.0721 7.9821 9.2391 10.9091
43 -14.3729 -4.5899 -0.0929 0.2241 5.9831 8.0841 9.1811 10.7391
44 -14.3789 -4.6049 -0.0139 0.2441 5.8991 8.1891 9.1301 10.5731
45 -14.3839 -4.6179 0.0581 0.2601 5.8211 8.2971 9.0851 10.4101
46 -14.3879 -4.6299 0.1231 0.2751 5.7511 8.4081 9.0471 10.2521
47 -14.3909 -4.6389 0.1791 0.2871 5.6901 8.5211 9.0151 10.0991
48 -14.3939 -4.6469 0.2271 0.2971 5.6381 8.6331 8.9901 9.9541
49 -14.3959 -4.6529 0.2651 0.3051 5.5971 8.7421 8.9701 9.8201
50 -14.3979 -4.6569 0.2931 0.3111 5.5671 8.8401 8.9551 9.7041
51 -14.3989 -4.6599 0.3101 0.3141 5.5481 8.9151 8.9471 9.6181
52 -14.3989 -4.6609 0.3151 0.3151 5.5421 8.9441 8.9441 9.5851
53 -14.3999 -4.6579 0.3161 0.3161 5.5431 8.9451 8.9451 9.5871
54 -14.4029 -4.6509 0.3171 0.3171 5.5441 8.9481 8.9481 9.5901
55 -14.4069 -4.6389 0.3191 0.3191 5.5471 8.9531 8.9531 9.5961
56 -14.4119 -4.6219 0.3221 0.3221 5.5521 8.9591 8.9591 9.6051
57 -14.4189 -4.5999 0.3251 0.3251 5.5571 8.9681 8.9681 9.6161
58 -14.4279 -4.5729 0.3291 0.3291 5.5631 8.9781 8.9781 9.6301
59 -14.4369 -4.5419 0.3351 0.3351 5.5711 8.9911 8.9911 9.6461
60 -14.4489 -4.5059 0.3411 0.3411 5.5801 9.0051 9.0051 9.6641
61 -14.4619 -4.4649 0.3471 0.3471 5.5901 9.0211 9.0211 9.6851
62 -14.4759 -4.4199 0.3551 0.3551 5.6011 9.0391 9.0391 9.7081
63 -14.4909 -4.3699 0.3631 0.3631 5.6131 9.0581 9.0581 9.7341
64 -14.5079 -4.3159 0.3721 0.3721 5.6271 9.0801 9.0801 9.7621
65 -14.5249 -4.2569 0.3811 0.3811 5.6411 9.1031 9.1031 9.7921
66 -14.5439 -4.1949 0.3921 0.3921 5.6571 9.1281 9.1281 9.8251
67 -14.5639 -4.1279 0.4031 0.4031 5.6741 9.1541 9.1541 9.8601
68 -14.5839 -4.0569 0.4151 0.4151 5.6921 9.1831 9.1831 9.8971
69 -14.6059 -3.9809 0.4271 0.4271 5.7111 9.2121 9.2121 9.9371
70 -14.6279 -3.9019 0.4401 0.4401 5.7311 9.2441 9.2441 9.9781
71 -14.6509 -3.8199 0.4531 0.4531 5.7521 9.2771 9.2771 10.0221
72 -14.6749 -3.7329 0.4681 0.4681 5.7741 9.3111 9.3111 10.0671
73 -14.6989 -3.6429 0.4821 0.4821 5.7971 9.3461 9.3461 10.1151
74 -14.7239 -3.5499 0.4971 0.4971 5.8211 9.3831 9.3831 10.1641
75 -14.7489 -3.4529 0.5131 0.5131 5.8461 9.4211 9.4211 10.2141
76 -14.7739 -3.3529 0.5291 0.5291 5.8711 9.4601 9.4601 10.2651
77 -14.7999 -3.2499 0.5461 0.5461 5.8981 9.4991 9.4991 10.3161
78 -14.8249 -3.1429 0.5631 0.5631 5.9241 9.5391 9.5391 10.3651
79 -14.8509 -3.0339 0.5811 0.5811 5.9511 9.5801 9.5801 10.4061
80 -14.8769 -2.9219 0.5981 0.5981 5.9791 9.6211 9.6211 10.4241
81 -14.9039 -2.8069 0.6171 0.6171 6.0061 9.6621 9.6621 10.3861
82 -14.9289 -2.6899 0.6351 0.6351 6.0341 9.7021 9.7021 10.2871
83 -14.9549 -2.5699 0.6541 0.6541 6.0611 9.7421 9.7421 10.1591
84 -14.9809 -2.4489 0.6721 0.6721 6.0871 9.7801 9.7801 10.0221
85 -15.0059 -2.3239 0.6911 0.6911 6.1121 9.8171 9.8171 9.8841
86 -15.0309 -2.1979 0.7101 0.7101 6.1361 9.7471 9.8511 9.8511
87 -15.0559 -2.0699 0.7301 0.7301 6.1581 9.6131 9.8831 9.8831
88 -15.0799 -1.9409 0.7491 0.7491 6.1771 9.4841 9.9111 9.9111
89 -15.1039 -1.8089 0.7681 0.7681 6.1931 9.3611 9.9351 9.9351
90 -15.1279 -1.6769 0.7871 0.7871 6.2061 9.2441 9.9551 9.9551
91 -15.1499 -1.5429 0.8061 0.8061 6.2131 9.1351 9.9701 9.9701
92 -15.1729 -1.4079 0.8251 0.8251 6.2141 9.0341 9.9791 9.9791
93 -15.1939 -1.2719 0.8431 0.8431 6.2101 8.9431 9.9831 9.9831
94 -15.2149 -1.1349 0.8611 0.8611 6.1971 8.8631 9.9811 9.9811
95 -15.2359 -0.9979 0.8791 0.8791 6.1761 8.7951 9.9741 9.9741
96 -15.2549 -0.8609 0.8971 0.8971 6.1471 8.7391 9.9621 9.9621
97 -15.2739 -0.7239 0.9141 0.9141 6.1081 8.6971 9.9461 9.9461
98 -15.2919 -0.5879 0.9301 0.9301 6.0601 8.6681 9.9271 9.9271
99 -15.3089 -0.4519 0.9471 0.9471 6.0031 8.6521 9.9061 9.9061
100 -15.3249 -0.3179 0.9621 0.9621 5.9381 8.6491 9.8821 9.8821
101 -15.3409 -0.1849 0.9771 0.9771 5.8661 8.6591 9.8571 9.8571
102 -15.3549 -0.0539 0.9911 0.9911 5.7881 8.6801 9.8311 9.8311
103 -15.3689 0.0741 1.0041 1.0041 5.7061 8.7121 9.8051 9.8051
104 -15.3819 0.1991 1.0171 1.0171 5.6201 8.7531 9.7791 9.7791
105 -15.3929 0.3191 1.0291 1.0291 5.5321 8.8041 9.7551 9.7551
106 -15.4039 0.4351 1.0401 1.0401 5.4441 8.8621 9.7311 9.7311
107 -15.4139 0.5461 1.0501 1.0501 5.3581 8.9281 9.7091 9.7091
108 -15.4229 0.6491 1.0591 1.0591 5.2741 9.0011 9.6881 9.6881
109 -15.4299 0.7451 1.0671 1.0671 5.1951 9.0791 9.6701 9.6701
110 -15.4369 0.8321 1.0741 1.0741 5.1221 9.1621 9.6531 9.6531
111 -15.4429 0.9081 1.0801 1.0801 5.0571 9.2491 9.6391 9.6391
112 -15.4469 0.9731 1.0851 1.0851 5.0011 9.3391 9.6271 9.6271
113 -15.4509 1.0251 1.0891 1.0891 4.9561 9.4281 9.6181 9.6181
114 -15.4539 1.0631 1.0921 1.0921 4.9221 9.5121 9.6111 9.6111
115 -15.4549 1.0861 1.0931 1.0931 4.9021 9.5791 9.6071 9.6071
116 -15.4559 1.0941 1.0941 1.0941 4.8951 9.6061 9.6061 9.6061
117 -15.4549 1.0881 1.0921 1.0921 4.9021 9.5761 9.6091 9.6091
118 -15.4539 1.0701 1.0881 1.0881 4.9231 9.5041 9.6161 9.6161
119 -15.4509 1.0421 1.0801 1.0801 4.9561 9.4111 9.6291 9.6291
120 -15.4469 1.0021 1.0701 1.0701 5.0021 9.3091 9.6471 9.6471
121 -15.4429 0.9531 1.0571 1.0571 5.0601 9.2041 9.6701 9.6701
122 -15.4369 0.8951 1.0401 1.0401 5.1291 9.0981 9.6971 9.6971
123 -15.4299 0.8291 1.0211 1.0211 5.2081 8.9911 9.7301 9.7301
124 -15.4219 0.7551 1.0001 1.0001 5.2951 8.8851 9.7671 9.7671
125 -15.4139 0.6751 0.9761 0.9761 5.3901 8.7801 9.8091 9.8091
126 -15.4039 0.5901 0.9491 0.9491 5.4921 8.6761 9.8551 9.8551
127 -15.3929 0.5011 0.9201 0.9201 5.6001 8.5731 9.9051 9.9051
128 -15.3809 0.4071 0.8891 0.8891 5.7121 8.4711 9.9601 9.9601
129 -15.3689 0.3101 0.8561 0.8561 5.8281 8.3711 10.0191 10.0191
130 -15.3549 0.2101 0.8211 0.8211 5.9471 8.2721 10.0811 10.0811
131 -15.3399 0.1081 0.7841 0.7841 6.0681 8.1741 10.1471 10.1471
132 -15.3249 0.0051 0.7451 0.7451 6.1901 8.0781 10.2171 10.2171
133 -15.3079 -0.1009 0.7051 0.7051 6.3111 7.9841 10.2901 10.2901
134 -15.2909 -0.2069 0.6631 0.6631 6.4321 7.8911 10.3661 10.3661
135 -15.2719 -0.3139 0.6201 0.6201 6.5491 7.8001 10.2551 10.4451
136 -15.2529 -0.4219 0.5761 0.5761 6.6621 7.7101 10.1241 10.5261
137 -15.2329 -0.5299 0.5311 0.5311 6.7681 7.6221 10.0031 10.6111
138 -15.2119 -0.6379 0.4851 0.4851 6.8661 7.5351 9.8971 10.6971
139 -15.1899 -0.7459 0.4381 0.4381 6.9531 7.4501 9.8061 10.7861
140 -15.1679 -0.8539 0.3901 0.3901 7.0251 7.3671 9.7331 10.8771
141 -15.1449 -0.9609 0.3421 0.3421 7.0801 7.2851 9.6821 10.9701
142 -15.1209 -1.0679 0.2941 0.2941 7.1171 7.2051 9.6551 11.0641
143 -15.0969 -1.1749 0.2451 0.2451 7.1261 7.1321 9.6521 11.1611
144 -15.0709 -1.2809 0.1961 0.1961 7.0501 7.1271 9.6751 11.2581
145 -15.0449 -1.3859 0.1471 0.1471 6.9741 7.1011 9.7211 11.3571
146 -15.0189 -1.4899 0.0981 0.0981 6.9011 7.0581 9.7901 11.4571
147 -14.9919 -1.5929 0.0491 0.0491 6.8291 6.9991 9.8781 11.5581
148 -14.9649 -1.6949 9.99999999998e-05 9.99999999998e-05 6.7581 6.9271 9.9821 11.6601
149 -14.9369 -1.7959 -0.0479 -0.0479 6.6901 6.8451 10.1001 11.7631
150 -14.9079 -1.8959 -0.0959 -0.0959 6.6221 6.7561 10.2301 11.8671
151 -14.8789 -1.9949 -0.1439 -0.1439 6.5571 6.6621 10.3681 11.9711
152 -14.8499 -2.0919 -0.1919 -0.1919 6.4931 6.5631 10.5131 12.0761
153 -14.8209 -2.1879 -0.2379 -0.2379 6.4311 6.4621 10.6651 12.1811
154 -14.7909 -2.2829 -0.2839 -0.2839 6.3591 6.3711 10.8211 12.2861
155 -14.7609 -2.3759 -0.3299 -0.3299 6.2561 6.3121 10.9811 12.3921
156 -14.7309 -2.4669 -0.3749 -0.3749 6.1531 6.2541 11.1431 12.4981
157 -14.7009 -2.5569 -0.4189 -0.4189 6.0501 6.1991 11.3081 12.6051
158 -14.6709 -2.6449 -0.4619 -0.4619 5.9481 6.1451 11.4751 12.7111
159 -14.6399 -2.7319 -0.5039 -0.5039 5.8481 6.0931 11.6431 12.8171
160 -14.6099 -2.8159 -0.5449 -0.5449 5.7501 6.0421 11.8111 12.9241
161 -14.5799 -2.8989 -0.5859 -0.5859 5.6531 5.9931 11.9801 13.0301
162 -14.5499 -2.9799 -0.6249 -0.6249 5.5591 5.9461 12.1491 13.1361
163 -14.5199 -3.0589 -0.6629 -0.6629 5.4671 5.9001 12.3171 13.2421
164 -14.4909 -3.1359 -0.6999 -0.6999 5.3781 5.8561 12.4841 13.3471
165 -14.4619 -3.2099 -0.7359 -0.7359 5.2911 5.8141 12.6501 13.4521
166 -14.4329 -3.2829 -0.7709 -0.7709 5.2081 5.7731 12.8151 13.5571
167 -14.4049 -3.3529 -0.8039 -0.8039 5.1271 5.7341 12.9781 13.6611
168 -14.3779 -3.4209 -0.8369 -0.8369 5.0491 5.6971 13.1391 13.7641
169 -14.3509 -3.4859 -0.8679 -0.8679 4.9741 5.6611 13.2981 13.8671
170 -14.3249 -3.5489 -0.8979 -0.8979 4.9031 5.6271 13.4541 13.9681
171 -14.2989 -3.6099 -0.9259 -0.9259 4.8351 5.5951 13.6071 14.0691
172 -14.2739 -3.6669 -0.9529 -0.9529 4.7691 5.5641 13.7561 14.1681
173 -14.2499 -3.7229 -0.9789 -0.9789 4.7081 5.5351 13.9021 14.2651
174 -14.2279 -3.7749 -1.0039 -1.0039 4.6491 5.5081 14.0441 14.3611
175 -14.2059 -3.8249 -1.0269 -1.0269 4.5941 5.4821 14.1821 14.4541
176 -14.1849 -3.8719 -1.0479 -1.0479 4.5431 5.4581 14.3141 14.5451
177 -14.1649 -3.9149 -1.0679 -1.0679 4.4951 5.4351 14.4411 14.6341
178 -14.1469 -3.9559 -1.0869 -1.0869 4.4501 5.4151 14.5631 14.7191
179 -14.1299 -3.9939 -1.1049 -1.1049 4.4091 5.3961 14.6781 14.8001
180 -14.1139 -4.0289 -1.1199 -1.1199 4.3711 5.3781 14.7871 14.8781
181 -14.0989 -4.0599 -1.1349 -1.1349 4.3371 5.3621 14.8871 14.9511
182 -14.0859 -4.0889 -1.1479 -1.1479 4.3061 5.3481 14.9801 15.0181
183 -14.0749 -4.1139 -1.1589 -1.1589 4.2791 5.3361 15.0641 15.0801
184 -14.0639 -4.1359 -1.1689 -1.1689 4.2561 5.3251 15.1351 15.1351
185 -14.0559 -4.1549 -1.1769 -1.1769 4.2361 5.3161 15.1831 15.1831
186 -14.0489 -4.1699 -1.1839 -1.1839 4.2201 5.3081 15.2231 15.2231
187 -14.0429 -4.1819 -1.1889 -1.1889 4.2071 5.3031 15.2551 15.2551
188 -14.0389 -4.1899 -1.1929 -1.1929 4.1981 5.2981 15.2791 15.2791
189 -14.0369 -4.1949 -1.1959 -1.1959 4.1931 5.2961 15.2931 15.2931
190 -14.0359 -4.1969 -1.1959 -1.1959 4.1911 5.2951 15.2971 15.2971
191 -14.0359 -4.1959 -1.1989 -1.1979 4.1951 5.2991 15.2821 15.2981
192 -14.0359 -4.1939 -1.2059 -1.2009 4.2061 5.3121 15.2351 15.3001
193 -14.0359 -4.1889 -1.2179 -1.2079 4.2251 5.3321 15.1611 15.2811
194 -14.0349 -4.1829 -1.2349 -1.2159 4.2501 5.3611 15.0611 15.2201
195 -14.0349 -4.1749 -1.2569 -1.2269 4.2841 5.3981 14.9411 15.1401
196 -14.0349 -4.1649 -1.2829 -1.2399 4.3241 5.4431 14.8021 15.0401
197 -14.0349 -4.1539 -1.3129 -1.2549 4.3711 5.4951 14.6491 14.9231
198 -14.0339 -4.1409 -1.3469 -1.2719 4.4241 5.5551 14.4851 14.7911
199 -14.0339 -4.1259 -1.3849 -1.2899 4.4841 5.6221 14.3111 14.6451
200 -14.0339 -4.1089 -1.4269 -1.3099 4.5511 5.6961 14.1301 14.4891
201 -14.0329 -4.0909 -1.4709 -1.3309 4.6231 5.7761 13.9431 14.3251
202 -14.0329 -4.0699 -1.5189 -1.3539 4.7011 5.8631 13.7521 14.1541
203 -14.0319 -4.0489 -1.5699 -1.3769 4.7851 5.9561 13.5581 13.9771
204 -14.0319 -4.0249 -1.6219 -1.3999 4.8731 6.0551 13.3611 13.7961
205 -14.0309 -3.9999 -1.6769 -1.4249 4.9671 6.1591 13.1631 13.6111
206 -14.0309 -3.9729 -1.7339 -1.4489 5.0651 6.2691 12.9641 13.4241
207 -14.0299 -3.9439 -1.7929 -1.4729 5.1681 6.3831 12.7641 13.2341
208 -14.0289 -3.9139 -1.8529 -1.4979 5.2741 6.5031 12.5651 13.0431
209 -14.0289 -3.8819 -1.9149 -1.5219 5.3841 6.6271 12.3661 12.8511
210 -14.0279 -3.8479 -1.9769 -1.5459 5.4981 6.7551 12.1691 12.6571
211 -14.0279 -3.8129 -2.0409 -1.5689 5.6141 6.8881 11.9731 12.4641
212 -14.0269 -3.7759 -2.1049 -1.5909 5.7331 7.0241 11.7801 12.2701
213 -14.0269 -3.7379 -2.1689 -1.6119 5.8541 7.1641 11.5891 12.0751
214 -14.0259 -3.6979 -2.2339 -1.6329 5.9771 7.3081 11.4011 11.8811
215 -14.0259 -3.6569 -2.2989 -1.6519 6.1001 7.4551 11.2171 11.6881
216 -14.0249 -3.6139 -2.3639 -1.6699 6.2241 7.6061 11.0381 11.4951
217 -14.0249 -3.5689 -2.4289 -1.6869 6.3471 7.7601 10.8641 11.3021
218 -14.0239 -3.5229 -2.4929 -1.7029 6.4691 7.9161 10.6971 11.1101
219 -14.0239 -3.4759 -2.5579 -1.7169 6.5871 8.0751 10.5371 10.9191
220 -14.0239 -3.4269 -2.6219 -1.7289 6.7011 8.2381 10.3871 10.7301
221 -14.0239 -3.3769 -2.6849 -1.7399 6.8091 8.4021 10.2481 10.5411
222 -14.0229 -3.3259 -2.7479 -1.7499 6.9081 8.5691 10.1221 10.3531
223 -14.0229 -3.2729 -2.8099 -1.7579 6.9951 8.7391 10.0131 10.1671
224 -14.0229 -3.2189 -2.8709 -1.7639 7.0681 8.9111 9.9231 9.9831
225 -14.0229 -3.1639 -2.9319 -1.7679 7.1241 9.0851 9.8001 9.8561
226 -14.0229 -3.1069 -2.9909 -1.7709 7.1581 9.2601 9.6181 9.8141
227 -14.0229 -3.0499 -3.0499 -1.7709 7.1701 9.4381 9.4381 9.8001
228 -14.0229 -3.0879 -3.0129 -1.7689 7.1641 9.3171 9.5571 9.8121
229 -14.0229 -3.1239 -2.9779 -1.7609 7.1451 9.1961 9.6771 9.8431
230 -14.0239 -3.1589 -2.9459 -1.7489 7.1121 9.0831 9.7981 9.8851
231 -14.0249 -3.1929 -2.9169 -1.7299 7.0661 8.9811 9.9211 9.9371
232 -14.0259 -3.2259 -2.8919 -1.7059 7.0061 8.8891 9.9981 10.0441
233 -14.0279 -3.2569 -2.8699 -1.6749 6.9331 8.8081 10.0671 10.1681
234 -14.0289 -3.2879 -2.8519 -1.6399 6.8481 8.7381 10.1441 10.2931
235 -14.0309 -3.3159 -2.8379 -1.5989 6.7551 8.6781 10.2281 10.4191
236 -14.0329 -3.3439 -2.8269 -1.5539 6.6531 8.6261 10.3191 10.5461
237 -14.0349 -3.3699 -2.8189 -1.5049 6.5461 8.5811 10.4151 10.6731
238 -14.0369 -3.3949 -2.8129 -1.4529 6.4351 8.5431 10.5171 10.8011
239 -14.0389 -3.4179 -2.8099 -1.3979 6.3221 8.5091 10.6241 10.9291
240 -14.0409 -3.4399 -2.8079 -1.3409 6.2081 8.4801 10.7361 11.0571
241 -14.0429 -3.4609 -2.8079 -1.2839 6.0961 8.4541 10.8521 11.1851
242 -14.0449 -3.4799 -2.8089 -1.2259 5.9861 8.4321 10.9721 11.3131
243 -14.0469 -3.4979 -2.8109 -1.1679 5.8781 8.4121 11.0961 11.4411
244 -14.0479 -3.5149 -2.8129 -1.1119 5.7761 8.3941 11.2221 11.5671
245 -14.0499 -3.5299 -2.8159 -1.0569 5.6781 8.3781 11.3521 11.6921
246 -14.0519 -3.5429 -2.8189 -1.0049 5.5871 8.3651 11.4851 11.8151
247 -14.0529 -3.5559 -2.8219 -0.9559 5.5031 8.3521 11.6201 11.9351
248 -14.0549 -3.5659 -2.8249 -0.9109 5.4271 8.3421 11.7571 12.0521
249 -14.0559 -3.5759 -2.8279 -0.8709 5.3591 8.3331 11.8971 12.1631
250 -14.0569 -3.5839 -2.8299 -0.8349 5.3011 8.3261 12.0381 12.2671
251 -14.0579 -3.5899 -2.8319 -0.8059 5.2521 8.3201 12.1811 12.3611
252 -14.0579 -3.5949 -2.8339 -0.7819 5.2141 8.3151 12.3251 12.4411
253 -14.0589 -3.5989 -2.8349 -0.7649 5.1861 8.3121 12.4701 12.5041
254 -14.0589 -3.6009 -2.8359 -0.7549 5.1691 8.3101 12.5441 12.6141
255 -14.0589 -3.6019 -2.8359 -0.7509 5.1641 8.3091 12.5581 12.7261
