1 -14.031266 -3.035006 -3.035006 -1.787856 7.597034 10.208194 10.208204 11.237964 20.281634
2 -14.031656 -3.039256 -3.032796 -1.782996 7.596184 10.196724 10.212364 11.250914 20.256644
3 -14.032846 -3.051816 -3.026156 -1.768636 7.593674 10.163984 10.224824 11.288014 20.182614
4 -14.034826 -3.072086 -3.015086 -1.745366 7.589634 10.114134 10.245474 11.344954 20.062294
5 -14.037586 -3.099216 -2.999606 -1.714056 7.584244 10.051894 10.274144 11.416724 19.899964
6 -14.041116 -3.132226 -2.979726 -1.675706 7.577764 9.981364 10.310634 11.498854 19.701074
7 -14.045396 -3.170106 -2.955456 -1.631346 7.570504 9.905624 10.354674 11.587734 19.471784
8 -14.050426 -3.211916 -2.926816 -1.581956 7.562814 9.826874 10.405984 11.680544 19.218574
9 -14.056166 -3.256806 -2.893836 -1.528426 7.555044 9.746574 10.464264 11.775004 18.947884
10 -14.062606 -3.304046 -2.856556 -1.471526 7.547604 9.665754 10.529234 11.869164 18.665874
11 -14.069716 -3.353016 -2.815026 -1.411916 7.540874 9.585074 10.600584 11.961214 18.378284
12 -14.077456 -3.403216 -2.769286 -1.350166 7.535234 9.504964 10.678044 12.049344 18.090354
13 -14.085806 -3.454196 -2.719406 -1.286766 7.531074 9.425714 10.761374 12.131654 17.806894
14 -14.094716 -3.505616 -2.665466 -1.222126 7.528734 9.347474 10.850344 12.206094 17.532334
15 -14.104156 -3.557166 -2.607536 -1.156636 7.528574 9.270324 10.944764 12.270344 17.270824
16 -14.114076 -3.608596 -2.545706 -1.090586 7.530904 9.194274 11.044474 12.321844 17.026314
17 -14.124446 -3.659716 -2.480086 -1.024276 7.536024 9.119314 11.149374 12.357824 16.802614
18 -14.135206 -3.710326 -2.410766 -0.957966 7.544204 9.045364 11.259364 12.375464 16.603284
19 -14.146316 -3.760276 -2.337866 -0.891876 7.555694 8.972354 11.374414 12.372064 16.431474
20 -14.157726 -3.809446 -2.261526 -0.826236 7.570714 8.900164 11.494524 12.345494 16.289664
21 -14.169396 -3.857716 -2.181866 -0.761236 7.589444 8.828664 11.619734 12.294494 16.179284
22 -14.181276 -3.904976 -2.099036 -0.697046 7.612054 8.757704 11.750134 12.219044 16.100454
23 -14.193306 -3.951156 -2.013196 -0.633856 7.638654 8.687104 11.885854 12.120424 16.051924
24 -14.205446 -3.996166 -1.924506 -0.571826 7.669354 8.616684 12.001044 12.027074 16.031294
25 -14.217646 -4.039946 -1.833146 -0.511086 7.704184 8.546224 11.864124 12.173994 16.035334
26 -14.229866 -4.082426 -1.739316 -0.451786 7.743164 8.475484 11.713254 12.326904 16.060454
27 -14.242046 -4.123556 -1.643206 -0.394066 7.786264 8.404214 11.552024 12.486094 16.103064
28 -14.254156 -4.163296 -1.545056 -0.338026 7.833394 8.332144 11.383854 12.651914 16.159804
29 -14.266136 -4.201576 -1.445096 -0.283796 7.884434 8.258974 11.211794 12.824754 16.227654
30 -14.277946 -4.238376 -1.343596 -0.231456 7.939204 8.184394 11.038564 13.005034 16.304014
31 -14.289546 -4.273656 -1.240846 -0.181116 7.997444 8.108104 10.866514 13.193174 16.386634
32 -14.300896 -4.307366 -1.137136 -0.132846 8.029834 8.058864 10.697684 13.389594 16.473594
33 -14.311956 -4.339506 -1.032836 -0.086716 7.949334 8.123094 10.533814 13.594734 16.563274
34 -14.322686 -4.370026 -0.928286 -0.042796 7.866414 8.189734 10.376394 13.808924 16.654284
35 -14.333056 -4.398916 -0.823906 -0.001136 7.781004 8.258294 10.226664 14.032454 16.745434
36 -14.343016 -4.426146 -0.720126 0.038214 7.693164 8.328224 10.085614 14.265434 16.835664
37 -14.352546 -4.451706 -0.617446 0.075234 7.603114 8.398954 9.953994 14.507774 16.924094
38 -14.361606 -4.475586 -0.516386 0.109884 7.511254 8.469834 9.832314 14.759104 17.009914
39 -14.370176 -4.497766 -0.417506 0.142154 7.418204 8.540194 9.720864 15.018684 17.092434
40 -14.378226 -4.518246 -0.321456 0.172024 7.324794 8.609314 9.619694 15.285244 17.171034
41 -14.385716 -4.537026 -0.228886 0.199474 7.232024 8.676454 9.528704 15.556974 17.245164
42 -14.392646 -4.554116 -0.140526 0.224524 7.141044 8.740894 9.447614 15.831324 17.314344
43 -14.398976 -4.569496 -0.057116 0.247154 7.053134 8.801874 9.376064 16.104974 17.378134
44 -14.404696 -4.583206 0.020534 0.267374 6.969614 8.858694 9.313624 16.373754 17.436174
45 -14.409786 -4.595236 0.091624 0.285194 6.891864 8.910664 9.259814 16.632654 17.488134
46 -14.414226 -4.605616 0.155334 0.300624 6.821224 8.957134 9.214214 16.875924 17.533714
47 -14.418006 -4.614356 0.210884 0.313654 6.758964 8.997514 9.176384 17.097254 17.572674
48 -14.421116 -4.621476 0.257504 0.324304 6.706254 9.031304 9.145954 17.290124 17.604834
49 -14.423546 -4.626986 0.294544 0.332584 6.664114 9.058054 9.122624 17.448154 17.630004
50 -14.425286 -4.630916 0.321434 0.338494 6.633384 9.077414 9.106144 17.565654 17.648074
51 -14.426326 -4.633266 0.337744 0.342034 6.614684 9.089134 9.096324 17.638104 17.658954
52 -14.426676 -4.634046 0.343214 0.343214 6.608404 9.093064 9.093064 17.662584 17.662584
53 -14.427476 -4.631436 0.343524 0.343524 6.609594 9.094044 9.094044 17.650124 17.650124
54 -14.429856 -4.623596 0.344444 0.344444 6.613144 9.097004 9.097004 17.613024 17.613024
55 -14.433816 -4.610536 0.345994 0.345994 6.619074 9.101924 9.101924 17.552144 17.552154
56 -14.439336 -4.592296 0.348184 0.348184 6.627394 9.108794 9.108804 17.468874 17.468884
57 -14.446386 -4.568876 0.351014 0.351024 6.638124 9.117614 9.117614 17.364994 17.365004
58 -14.454936 -4.540336 0.354524 0.354524 6.651264 9.128344 9.128344 17.242644 17.242654
59 -14.464946 -4.506706 0.358714 0.358714 6.666864 9.140974 9.140974 17.104124 17.104144
60 -14.476376 -4.468046 0.363604 0.363604 6.684944 9.155474 9.155484 16.951914 16.951924
61 -14.489176 -4.424416 0.369224 0.369234 6.705534 9.171824 9.171824 16.788394 16.788414
62 -14.503276 -4.375856 0.375594 0.375594 6.728684 9.189984 9.189994 16.615914 16.615924
63 -14.518636 -4.322456 0.382714 0.382714 6.754414 9.209924 9.209934 16.436674 16.436684
64 -14.535176 -4.264276 0.390604 0.390604 6.782774 9.231624 9.231634 16.252624 16.252644
65 -14.552836 -4.201426 0.399274 0.399274 6.813814 9.255024 9.255034 16.065594 16.065614
66 -14.571536 -4.133956 0.408724 0.408734 6.847574 9.280104 9.280114 15.877084 15.877104
67 -14.591216 -4.061976 0.418974 0.418974 6.884114 9.306814 9.306824 15.688404 15.688424
68 -14.611786 -3.985576 0.430004 0.430004 6.923474 9.335114 9.335124 15.500684 15.500704
69 -14.633176 -3.904856 0.441814 0.441814 6.965704 9.364954 9.364964 15.314814 15.314834
70 -14.655316 -3.819896 0.454394 0.454394 7.010854 9.396274 9.396284 15.131534 15.131544
71 -14.678106 -3.730846 0.467724 0.467734 7.058954 9.429024 9.429044 14.951464 14.951484
72 -14.701486 -3.637766 0.481804 0.481814 7.110054 9.463144 9.463154 14.775054 14.775074
73 -14.725376 -3.540806 0.496604 0.496614 7.164174 9.498544 9.498554 14.602734 14.602744
74 -14.749686 -3.440076 0.512104 0.512114 7.221354 9.535144 9.535164 14.434774 14.434794
75 -14.774356 -3.335676 0.528284 0.528284 7.281604 9.572854 9.572864 14.271444 14.271454
76 -14.799306 -3.227746 0.545094 0.545104 7.344914 9.611544 9.611564 14.112964 14.112984
77 -14.824456 -3.116416 0.562534 0.562534 7.411274 9.651104 9.651124 13.959524 13.959544
78 -14.849726 -3.001826 0.580544 0.580544 7.480654 9.691354 9.691374 13.811334 13.811354
79 -14.875076 -2.884116 0.599094 0.599104 7.552994 9.732134 9.732154 13.668574 13.668584
80 -14.900416 -2.763416 0.618154 0.618164 7.628244 9.773224 9.773244 13.531434 13.531454
81 -14.925686 -2.639896 0.637684 0.637684 7.706264 9.814384 9.814404 13.400184 13.400194
82 -14.950826 -2.513706 0.657634 0.657644 7.786944 9.855314 9.855334 13.275064 13.275074
83 -14.975766 -2.385036 0.677964 0.677964 7.870104 9.895694 9.895714 13.156394 13.156404
84 -15.000466 -2.254046 0.698624 0.698624 7.955544 9.935134 9.935154 13.044524 13.044534
85 -15.024876 -2.120916 0.719564 0.719574 8.043034 9.973204 9.973224 12.939844 12.939854
86 -15.048916 -1.985866 0.740744 0.740744 8.132284 10.009404 10.009434 12.842824 12.842834
87 -15.072566 -1.849096 0.762104 0.762104 8.222994 10.043214 10.043234 12.753954 12.753964
88 -15.095766 -1.710856 0.783584 0.783584 8.314764 10.074034 10.074054 12.673784 12.673794
89 -15.118476 -1.571366 0.805134 0.805134 8.407214 10.101264 10.101284 12.602834 12.602844
90 -15.140656 -1.430876 0.826694 0.826694 8.499904 10.124314 10.124334 12.541644 12.541654
91 -15.162266 -1.289696 0.848204 0.848214 8.592344 10.142614 10.142644 12.490694 12.490704
92 -15.183276 -1.148076 0.869614 0.869614 8.684054 10.155724 10.155744 12.450334 12.450344
93 -15.203656 -1.006376 0.890844 0.890844 8.774464 10.163274 10.163304 12.420804 12.420814
94 -15.223366 -0.864916 0.911834 0.911844 8.863054 10.165144 10.165164 12.402104 12.402114
95 -15.242376 -0.724036 0.932534 0.932534 8.949274 10.161344 10.161374 12.394024 12.394024
96 -15.260676 -0.584166 0.952864 0.952864 9.032574 10.152154 10.152174 12.396104 12.396114
97 -15.278226 -0.445686 0.972764 0.972764 9.112434 10.137984 10.138014 12.407694 12.407704
98 -15.295006 -0.309076 0.992154 0.992164 9.188364 10.119454 10.119474 12.427914 12.427924
99 -15.311006 -0.174786 1.010984 1.010994 9.259914 10.097244 10.097264 12.455764 12.455774
100 -15.326186 -0.043316 1.029184 1.029184 9.326724 10.072114 10.072134 12.490154 12.490164
101 -15.340546 0.084774 1.046684 1.046684 9.388454 10.044834 10.044844 12.529914 12.529914
102 -15.354066 0.208934 1.063414 1.063414 9.444884 10.016144 10.016164 12.573874 12.573874
103 -15.366716 0.328584 1.079314 1.079324 9.495904 9.986744 9.986764 12.620874 12.620884
104 -15.378506 0.443064 1.094334 1.094334 9.541444 9.957294 9.957304 12.669764 12.669774
105 -15.389396 0.551774 1.108394 1.108394 9.581574 9.928344 9.928354 12.719464 12.719464
106 -15.399386 0.654024 1.121444 1.121444 9.616454 9.900424 9.900444 12.768884 12.768884
107 -15.408466 0.749154 1.133434 1.133434 9.646304 9.873984 9.873994 12.817034 12.817034
108 -15.416616 0.836524 1.144304 1.144304 9.671454 9.849384 9.849394 12.862954 12.862954
109 -15.423836 0.915454 1.154014 1.154024 9.692254 9.826984 9.826994 12.905764 12.905764
110 -15.430106 0.985344 1.162524 1.162524 9.709134 9.807044 9.807044 12.944644 12.944644
111 -15.435436 1.045594 1.169794 1.169794 9.722494 9.789794 9.789804 12.978864 12.978864
112 -15.439796 1.095674 1.175784 1.175784 9.732754 9.775444 9.775444 13.007784 13.007784
113 -15.443196 1.135134 1.180474 1.180474 9.740294 9.764124 9.764124 13.030864 13.030864
114 -15.445636 1.163594 1.183834 1.183834 9.745424 9.755964 9.755964 13.047654 13.047654
115 -15.447096 1.180784 1.185864 1.185864 9.748404 9.751034 9.751034 13.057864 13.057864
116 -15.447576 1.186534 1.186534 1.186534 9.749384 9.749384 9.749384 13.061294 13.061294
117 -15.447096 1.182804 1.184864 1.184864 9.745214 9.752624 9.752624 13.053604 13.062134
118 -15.445636 1.171634 1.179844 1.179844 9.732754 9.762354 9.762354 13.030614 13.064684
119 -15.443206 1.153084 1.171504 1.171504 9.712124 9.778524 9.778524 12.992484 13.068934
120 -15.439816 1.127264 1.159904 1.159904 9.683514 9.801094 9.801094 12.939524 13.074874
121 -15.435456 1.094334 1.145104 1.145104 9.647174 9.829994 9.829994 12.872124 13.082514
122 -15.430126 1.054474 1.127174 1.127174 9.603464 9.865124 9.865124 12.790794 13.091834
123 -15.423846 1.007894 1.106224 1.106224 9.552734 9.906394 9.906394 12.696124 13.102854
124 -15.416606 0.954864 1.082354 1.082354 9.495454 9.953664 9.953664 12.588814 13.115564
125 -15.408406 0.895654 1.055694 1.055694 9.432084 10.006814 10.006814 12.469604 13.129944
126 -15.399276 0.830554 1.026364 1.026364 9.363124 10.065694 10.065694 12.339314 13.146014
127 -15.389196 0.759894 0.994524 0.994524 9.289104 10.130134 10.130134 12.198804 13.163754
128 -15.378196 0.684014 0.960304 0.960304 9.210574 10.199984 10.199984 12.048984 13.183154
129 -15.366256 0.603244 0.923864 0.923864 9.128054 10.275074 10.275074 11.890734 13.204224
130 -15.353406 0.517954 0.885354 0.885354 9.042094 10.355214 10.355214 11.725014 13.226954
131 -15.339646 0.428474 0.844944 0.844944 8.953224 10.440234 10.440234 11.552724 13.251334
132 -15.324986 0.335184 0.802784 0.802784 8.861944 10.529964 10.529964 11.374764 13.277354
133 -15.309426 0.238424 0.759034 0.759034 8.768744 10.624224 10.624224 11.192034 13.305004
134 -15.292996 0.138554 0.713854 0.713854 8.674094 10.722814 10.722814 11.005374 13.334284
135 -15.275696 0.035914 0.667384 0.667384 8.578394 10.815584 10.825594 10.825594 13.365194
136 -15.257546 -0.069146 0.619794 0.619794 8.482084 10.623464 10.932364 10.932364 13.397704
137 -15.238556 -0.176316 0.571224 0.571224 8.385514 10.429694 11.042984 11.042984 13.431824
138 -15.218746 -0.285256 0.521814 0.521814 8.289024 10.234994 11.157274 11.157274 13.467534
139 -15.198126 -0.395686 0.471704 0.471704 8.192914 10.039954 11.275094 11.275094 13.504824
140 -15.176726 -0.507296 0.421024 0.421024 8.097474 9.845144 11.396304 11.396304 13.543684
141 -15.154556 -0.619816 0.369904 0.369904 8.002934 9.651104 11.520744 11.520744 13.584104
142 -15.131656 -0.732966 0.318464 0.318464 7.909514 9.458304 11.648304 11.648304 13.626074
143 -15.108026 -0.846526 0.266824 0.266824 7.817394 9.267154 11.778864 11.778864 13.669584
144 -15.083706 -0.960226 0.215094 0.215094 7.726764 9.078054 11.912304 11.912304 13.714604
145 -15.058726 -1.073856 0.163384 0.163384 7.637734 8.891354 12.048544 12.048544 13.761134
146 -15.033106 -1.187216 0.111794 0.111794 7.550444 8.707324 12.187494 12.187494 13.809164
147 -15.006896 -1.300106 0.060424 0.060424 7.464984 8.526264 12.329064 12.329064 13.858664
148 -14.980106 -1.412336 0.009354 0.009354 7.381444 8.348404 12.473204 12.473204 13.909614
149 -14.952796 -1.523756 -0.041316 -0.041316 7.299884 8.173924 12.619884 12.619884 13.962004
150 -14.924986 -1.634186 -0.091506 -0.091506 7.220364 8.003034 12.769034 12.769034 14.015804
151 -14.896726 -1.743496 -0.141146 -0.141146 7.142924 7.835864 12.920674 12.920674 14.070994
152 -14.868056 -1.851536 -0.190146 -0.190146 7.067604 7.672554 13.074774 13.074774 14.127544
153 -14.839016 -1.958196 -0.238446 -0.238446 6.994424 7.513224 13.231354 13.231354 14.185424
154 -14.809656 -2.063346 -0.285986 -0.285986 6.923374 7.357944 13.390464 13.390464 14.244604
155 -14.780026 -2.166876 -0.332686 -0.332686 6.854504 7.206814 13.552124 13.552124 14.305034
156 -14.750186 -2.268696 -0.378486 -0.378486 6.787784 7.059894 13.716434 13.716434 14.366684
157 -14.720166 -2.368696 -0.423346 -0.423346 6.723214 6.917224 13.883474 13.883474 14.429504
158 -14.690036 -2.466786 -0.467196 -0.467196 6.660814 6.778864 14.053344 14.053344 14.493434
159 -14.659846 -2.562876 -0.509996 -0.509996 6.600544 6.644844 14.226174 14.226174 14.558414
160 -14.629656 -2.656896 -0.551686 -0.551686 6.515174 6.542404 14.402134 14.402134 14.624374
161 -14.599536 -2.748746 -0.592226 -0.592226 6.389884 6.486384 14.581364 14.581364 14.691244
162 -14.569526 -2.838366 -0.631576 -0.631576 6.268984 6.432464 14.758924 14.764054 14.764054
163 -14.539716 -2.925686 -0.669696 -0.669696 6.152474 6.380624 14.827324 14.950434 14.950434
164 -14.510146 -3.010616 -0.706536 -0.706536 6.040364 6.330844 14.896324 15.140674 15.140674
165 -14.480906 -3.093096 -0.742066 -0.742066 5.932644 6.283124 14.965804 15.335024 15.335024
166 -14.452046 -3.173056 -0.776256 -0.776256 5.829314 6.237424 15.035634 15.533674 15.533674
167 -14.423636 -3.250426 -0.809076 -0.809076 5.730364 6.193744 15.105644 15.736854 15.736854
168 -14.395746 -3.325136 -0.840486 -0.840486 5.635774 6.152054 15.175684 15.944764 15.944764
169 -14.368456 -3.397116 -0.870476 -0.870476 5.545554 6.112344 15.245554 16.157534 16.157534
170 -14.341836 -3.466306 -0.899006 -0.899006 5.459674 6.074594 15.315044 16.375274 16.375274
171 -14.315936 -3.532646 -0.926076 -0.926076 5.378114 6.038784 15.383954 16.598024 16.598024
172 -14.290846 -3.596056 -0.951656 -0.951656 5.300874 6.004914 15.452024 16.825684 16.825684
173 -14.266636 -3.656476 -0.975736 -0.975736 5.227934 5.972944 15.519004 17.058054 17.058054
174 -14.243356 -3.713856 -0.998316 -0.998316 5.159264 5.942884 15.584624 17.294774 17.294774
175 -14.221096 -3.768116 -1.019376 -1.019376 5.094864 5.914704 15.648574 17.535204 17.535204
176 -14.199916 -3.819206 -1.038926 -1.038926 5.034704 5.888404 15.710564 17.778504 17.778504
177 -14.179866 -3.867066 -1.056966 -1.056966 4.978774 5.863964 15.770264 18.023534 18.023534
178 -14.161036 -3.911636 -1.073516 -1.073516 4.927054 5.841374 15.827354 18.268744 18.268744
179 -14.143456 -3.952866 -1.088586 -1.088586 4.879534 5.820624 15.881494 18.512254 18.512254
180 -14.127206 -3.990706 -1.102196 -1.102196 4.836204 5.801714 15.932354 18.751714 18.751714
181 -14.112326 -4.025096 -1.114366 -1.114366 4.797044 5.784624 15.979594 18.984414 18.984414
182 -14.098876 -4.055996 -1.125136 -1.125136 4.762034 5.769354 16.022894 19.207194 19.207194
183 -14.086896 -4.083356 -1.134516 -1.134516 4.731174 5.755904 16.061934 19.416564 19.416564
184 -14.076426 -4.107156 -1.142566 -1.142566 4.704454 5.744244 16.096434 19.608774 19.608774
185 -14.067496 -4.127356 -1.149296 -1.149296 4.681854 5.734394 16.126124 19.779994 19.779994
186 -14.060156 -4.143916 -1.154756 -1.154756 4.663384 5.726344 16.150754 19.926404 19.926404
187 -14.054416 -4.156826 -1.158966 -1.158966 4.649014 5.720084 16.170134 20.044494 20.044494
188 -14.050296 -4.166066 -1.161946 -1.161946 4.638764 5.715614 16.184094 20.131234 20.131234
189 -14.047826 -4.171606 -1.163736 -1.163736 4.632614 5.712934 16.192514 20.184264 20.184264
190 -14.046996 -4.173456 -1.164326 -1.164326 4.630564 5.712034 16.195334 20.202114 20.202114
191 -14.046966 -4.172656 -1.166806 -1.165736 4.634464 5.716464 16.185694 20.163664 20.202254
192 -14.046866 -4.170246 -1.174236 -1.169946 4.646144 5.729714 16.156924 20.050344 20.202674
193 -14.046706 -4.166226 -1.186546 -1.176886 4.665564 5.751744 16.109484 19.868014 20.203374
194 -14.046486 -4.160566 -1.203646 -1.186486 4.692604 5.782424 16.044114 19.625484 20.204344
195 -14.046196 -4.153256 -1.225376 -1.198596 4.727154 5.821634 15.961764 19.333474 20.205574
196 -14.045866 -4.144276 -1.251576 -1.213066 4.769044 5.869194 15.863594 19.003454 20.207074
197 -14.045476 -4.133586 -1.282056 -1.229716 4.818084 5.924894 15.750864 18.646494 20.208814
198 -14.045036 -4.121186 -1.316576 -1.248356 4.874064 5.988514 15.624934 18.272684 20.210794
199 -14.044556 -4.107056 -1.354896 -1.268756 4.936734 6.059794 15.487174 17.890514 20.212994
200 -14.044036 -4.091166 -1.396766 -1.290696 5.005854 6.138494 15.338914 17.506764 20.215394
201 -14.043486 -4.073526 -1.441916 -1.313956 5.081134 6.224324 15.181484 17.126634 20.217994
202 -14.042906 -4.054116 -1.490086 -1.338306 5.162304 6.317014 15.016114 16.753744 20.220764
203 -14.042296 -4.032946 -1.540996 -1.363516 5.249064 6.416304 14.843974 16.390494 20.223684
204 -14.041676 -4.010006 -1.594396 -1.389356 5.341094 6.521904 14.666184 16.038334 20.226734
205 -14.041036 -3.985316 -1.650006 -1.415616 5.438074 6.633544 14.483724 15.697894 20.229894
206 -14.040386 -3.958866 -1.707576 -1.442086 5.539674 6.750974 14.297554 15.369274 20.233144
207 -14.039726 -3.930686 -1.766876 -1.468576 5.645524 6.873934 14.108574 15.052224 20.236464
208 -14.039066 -3.900776 -1.827656 -1.494886 5.755254 7.002174 13.917604 14.746214 20.239814
209 -14.038416 -3.869166 -1.889706 -1.520846 5.868484 7.135484 13.725464 14.450544 20.243194
210 -14.037766 -3.835856 -1.952796 -1.546286 5.984764 7.273634 13.532944 14.164514 20.246564
211 -14.037126 -3.800876 -2.016756 -1.571046 6.103644 7.416414 13.340814 13.887334 20.249894
212 -14.036506 -3.764236 -2.081376 -1.594996 6.224594 7.563624 13.149894 13.618284 20.253174
213 -14.035896 -3.725976 -2.146486 -1.617986 6.347044 7.715094 12.960974 13.356644 20.256384
214 -14.035316 -3.686096 -2.211926 -1.639896 6.470354 7.870644 12.774934 13.101744 20.259484
215 -14.034766 -3.644636 -2.277526 -1.660616 6.593774 8.030124 12.592734 12.853004 20.262454
216 -14.034246 -3.601626 -2.343166 -1.680046 6.716434 8.193364 12.415384 12.609884 20.265274
217 -14.033756 -3.557076 -2.408706 -1.698086 6.837354 8.360264 12.244044 12.371904 20.267934
218 -14.033306 -3.511026 -2.474016 -1.714656 6.955334 8.530674 12.080034 12.138654 20.270404
219 -14.032886 -3.463516 -2.538986 -1.729676 7.069034 8.704484 11.909784 11.924844 20.272664
220 -14.032516 -3.414566 -2.603506 -1.743076 7.176864 8.881614 11.684964 11.780144 20.274694
221 -14.032186 -3.364216 -2.667476 -1.754816 7.276994 9.061954 11.463954 11.647894 20.276494
222 -14.031906 -3.312506 -2.730806 -1.764826 7.367364 9.245424 11.246544 11.530194 20.278044
223 -14.031676 -3.259466 -2.793406 -1.773066 7.445764 9.431994 11.032524 11.429344 20.279324
224 -14.031496 -3.205156 -2.855196 -1.779516 7.509914 9.621574 10.821784 11.347684 20.280324
225 -14.031366 -3.149606 -2.916106 -1.784146 7.557624 9.814154 10.614194 11.287424 20.281054
226 -14.031286 -3.092866 -2.976066 -1.786926 7.587074 10.009694 10.409694 11.250444 20.281484
227 -14.031266 -3.035006 -3.035006 -1.787856 7.597034 10.208194 10.208204 11.237964 20.281634
228 -14.031436 -3.073016 -2.997476 -1.785356 7.592154 10.074394 10.341274 11.248004 20.271104
229 -14.031926 -3.109816 -2.962436 -1.777596 7.576874 9.940914 10.476194 11.275254 20.239384
230 -14.032696 -3.145416 -2.930376 -1.764236 7.550344 9.812044 10.613004 11.316454 20.186474
231 -14.033726 -3.179776 -2.901706 -1.745026 7.511914 9.690794 10.751714 11.369384 20.112694
232 -14.034986 -3.212876 -2.876716 -1.719896 7.461284 9.579174 10.892324 11.432494 20.018694
233 -14.036426 -3.244706 -2.855506 -1.688916 7.398524 9.478344 11.034904 11.504594 19.905384
234 -14.038036 -3.275236 -2.838066 -1.652356 7.324234 9.388784 11.179424 11.584704 19.773924
235 -14.039776 -3.304456 -2.824216 -1.610626 7.239444 9.310314 11.325954 11.671934 19.625714
236 -14.041606 -3.332346 -2.813666 -1.564276 7.145594 9.242304 11.474504 11.765414 19.462284
237 -14.043526 -3.358896 -2.806066 -1.513976 7.044414 9.183834 11.625044 11.864284 19.285334
238 -14.045476 -3.384086 -2.801026 -1.460426 6.937714 9.133764 11.777634 11.967664 19.096584
239 -14.047456 -3.407896 -2.798126 -1.404386 6.827364 9.090994 11.932194 12.074594 18.897834
240 -14.049436 -3.430336 -2.796986 -1.346626 6.715124 9.054414 12.088734 12.184094 18.690914
241 -14.051396 -3.451366 -2.797246 -1.287876 6.602654 9.023104 12.247144 12.295114 18.477544
242 -14.053296 -3.470996 -2.798586 -1.228926 6.491484 8.996244 12.406504 12.407304 18.259524
243 -14.055146 -3.489206 -2.800726 -1.170496 6.382974 8.973134 12.517124 12.569024 18.038504
244 -14.056896 -3.505986 -2.803406 -1.113316 6.278404 8.953234 12.625684 12.732024 17.816174
245 -14.058556 -3.521346 -2.806426 -1.058096 6.178874 8.936064 12.730934 12.895914 17.594234
246 -14.060106 -3.535256 -2.809596 -1.005526 6.085454 8.921304 12.831544 13.060094 17.374364
247 -14.061516 -3.547716 -2.812776 -0.956306 5.999104 8.908664 12.926154 13.223694 17.158444
248 -14.062796 -3.558726 -2.815846 -0.911056 5.920674 8.897904 13.013474 13.385504 16.948574
249 -14.063916 -3.568276 -2.818686 -0.870396 5.850964 8.888864 13.092214 13.543654 16.747324
250 -14.064886 -3.576366 -2.821226 -0.834916 5.790684 8.881394 13.161164 13.695454 16.558084
251 -14.065686 -3.582986 -2.823386 -0.805116 5.740474 8.875424 13.219224 13.836844 16.385364
252 -14.066316 -3.588146 -2.825116 -0.781446 5.700834 8.870834 13.265464 13.961964 16.235484
253 -14.066766 -3.591826 -2.826386 -0.764266 5.672214 8.867594 13.299064 14.062674 16.116864
254 -14.067036 -3.594036 -2.827156 -0.753846 5.654914 8.865674 13.319464 14.129164 16.039514
255 -14.067126 -3.594776 -2.827406 -0.750356 5.649124 8.865034 13.326304 14.152594 16.012484
