1 -4.5919 -3.4059 -3.4059 -1.0719 0.9551 9.4611 9.4611 11.2271 12.2101
2 -4.5899 -3.4089 -3.4039 -1.0719 0.9521 9.4441 9.4481 11.2491 12.2281
3 -4.5859 -3.4159 -3.3999 -1.0709 0.9431 9.3931 9.4091 11.3121 12.2811
4 -4.5779 -3.4279 -3.3919 -1.0709 0.9291 9.3131 9.3501 11.4111 12.3641
5 -4.5679 -3.4449 -3.3799 -1.0709 0.9101 9.2071 9.2771 11.5401 12.4741
6 -4.5549 -3.4659 -3.3659 -1.0709 0.8851 9.0801 9.1951 11.6921 12.6051
7 -4.5379 -3.4919 -3.3479 -1.0719 0.8571 8.9381 9.1091 11.8651 12.7541
8 -4.5189 -3.5219 -3.3269 -1.0739 0.8241 8.7831 9.0221 12.0531 12.9161
9 -4.4969 -3.5559 -3.3029 -1.0779 0.7891 8.6181 8.9361 12.2551 13.0891
10 -4.4729 -3.5939 -3.2759 -1.0839 0.7511 8.4461 8.8531 12.4671 13.2701
11 -4.4449 -3.6349 -3.2459 -1.0929 0.7121 8.2681 8.7731 12.6891 13.4581
12 -4.4149 -3.6789 -3.2119 -1.1059 0.6721 8.0851 8.6981 12.9201 13.6521
13 -4.3829 -3.7259 -3.1749 -1.1229 0.6331 7.8991 8.6281 13.1581 13.8491
14 -4.3479 -3.7759 -3.1349 -1.1439 0.5951 7.7101 8.5621 13.4031 14.0491
15 -4.3109 -3.8289 -3.0919 -1.1709 0.5591 7.5201 8.5021 13.6541 14.2531
16 -4.2719 -3.8829 -3.0459 -1.2019 0.5261 7.3281 8.4471 13.9101 14.4571
17 -4.2299 -3.9399 -2.9959 -1.2389 0.4961 7.1351 8.3971 14.1711 14.6641
18 -4.1869 -3.9979 -2.9429 -1.2819 0.4691 6.9411 8.3521 14.4361 14.8711
19 -4.1419 -4.0579 -2.8869 -1.3299 0.4471 6.7461 8.3111 14.7051 15.0781
20 -4.1199 -4.0949 -2.8279 -1.3829 0.4291 6.5511 8.2751 14.9781 15.2861
21 -4.1819 -4.0459 -2.7659 -1.4399 0.4141 6.3571 8.2421 15.2541 15.4931
22 -4.2459 -3.9969 -2.6999 -1.5009 0.4031 6.1621 8.2141 15.5331 15.6981
23 -4.3099 -3.9459 -2.6319 -1.5659 0.3961 5.9671 8.1891 15.8151 15.9031
24 -4.3749 -3.8939 -2.5599 -1.6319 0.3911 5.7731 8.1681 16.0991 16.1051
25 -4.4399 -3.8419 -2.4849 -1.7009 0.3891 5.5791 8.1501 16.3051 16.3851
26 -4.5049 -3.7889 -2.4059 -1.7709 0.3901 5.3861 8.1341 16.5011 16.6721
27 -4.5709 -3.7349 -2.3239 -1.8419 0.3921 5.1931 8.1211 16.6941 16.9611
28 -4.6359 -3.6819 -2.2389 -1.9119 0.3961 5.0011 8.1111 16.8821 17.2511
29 -4.6999 -3.6289 -2.1509 -1.9819 0.4011 4.8101 8.1021 17.0641 17.5421
30 -4.7639 -3.5749 -2.0599 -2.0509 0.4071 4.6201 8.0961 17.2391 17.8331
31 -4.8269 -3.5229 -2.1179 -1.9649 0.4141 4.4301 8.0911 17.4061 18.1251
32 -4.8889 -3.4709 -2.1839 -1.8669 0.4221 4.2421 8.0871 17.5651 18.4161
33 -4.9499 -3.4199 -2.2479 -1.7659 0.4291 4.0541 8.0851 17.7131 18.7071
34 -5.0089 -3.3699 -2.3089 -1.6609 0.4381 3.8681 8.0841 17.8491 18.9971
35 -5.0659 -3.3219 -2.3679 -1.5529 0.4461 3.6831 8.0851 17.9731 19.2851
36 -5.1209 -3.2749 -2.4239 -1.4429 0.4541 3.4991 8.0851 18.0821 19.5711
37 -5.1739 -3.2299 -2.4769 -1.3289 0.4621 3.3161 8.0871 18.1771 19.8541
38 -5.2249 -3.1869 -2.5269 -1.2119 0.4701 3.1351 8.0891 18.2581 20.1341
39 -5.2729 -3.1459 -2.5729 -1.0919 0.4771 2.9551 8.0911 18.3231 20.4091
40 -5.3179 -3.1069 -2.6169 -0.9689 0.4841 2.7771 8.0941 18.3751 20.6791
41 -5.3609 -3.0709 -2.6569 -0.8429 0.4911 2.6011 8.0971 18.4141 20.9421
42 -5.3999 -3.0379 -2.6939 -0.7149 0.4971 2.4261 8.1001 18.4421 21.1971
43 -5.4359 -3.0069 -2.7269 -0.5839 0.5031 2.2531 8.1031 18.4611 21.4411
44 -5.4689 -2.9789 -2.7569 -0.4499 0.5081 2.0821 8.1051 18.4721 21.6741
45 -5.4979 -2.9539 -2.7839 -0.3149 0.5121 1.9131 8.1081 18.4781 21.8911
46 -5.5239 -2.9319 -2.8069 -0.1769 0.5161 1.7471 8.1101 18.4791 22.0911
47 -5.5449 -2.9129 -2.8259 -0.0389 0.5201 1.5841 8.1131 18.4781 22.2691
48 -5.5629 -2.8979 -2.8419 0.1001 0.5231 1.4251 8.1141 18.4751 22.4221
49 -5.5769 -2.8859 -2.8539 0.2381 0.5251 1.2721 8.1161 18.4721 22.5471
50 -5.5869 -2.8769 -2.8629 0.3681 0.5261 1.1311 8.1171 18.4691 22.6391
51 -5.5929 -2.8719 -2.8679 0.4781 0.5271 1.0141 8.1181 18.4681 22.6961
52 -5.5949 -2.8699 -2.8699 0.5281 0.5281 0.9621 8.1181 18.4671 22.7151
53 -5.5949 -2.8699 -2.8699 0.5261 0.5261 0.9521 8.1311 18.4691 22.7191
54 -5.5929 -2.8679 -2.8679 0.5201 0.5201 0.9211 8.1701 18.4761 22.7291
55 -5.5909 -2.8639 -2.8639 0.5111 0.5111 0.8711 8.2351 18.4881 22.7451
56 -5.5869 -2.8599 -2.8599 0.4981 0.4981 0.8021 8.3251 18.5041 22.7681
57 -5.5819 -2.8539 -2.8539 0.4821 0.4821 0.7151 8.4371 18.5251 22.7981
58 -5.5769 -2.8469 -2.8469 0.4621 0.4621 0.6141 8.5701 18.5511 22.8341
59 -5.5699 -2.8389 -2.8389 0.4381 0.4381 0.4991 8.7231 18.5811 22.8761
60 -5.5629 -2.8299 -2.8299 0.3721 0.4111 0.4111 8.8931 18.6151 22.9231
61 -5.5549 -2.8189 -2.8189 0.2351 0.3811 0.3811 9.0791 18.6541 22.9771
62 -5.5459 -2.8079 -2.8079 0.0901 0.3491 0.3491 9.2801 18.6971 23.0351
63 -5.5369 -2.7949 -2.7949 -0.0609 0.3131 0.3131 9.4931 18.7451 23.0991
64 -5.5279 -2.7819 -2.7819 -0.2179 0.2741 0.2741 9.7181 18.7961 23.1671
65 -5.5189 -2.7669 -2.7669 -0.3789 0.2331 0.2331 9.9521 18.8521 23.2391
66 -5.5089 -2.7509 -2.7509 -0.5419 0.1891 0.1891 10.1961 18.9111 23.3141
67 -5.4999 -2.7349 -2.7349 -0.7059 0.1441 0.1441 10.4481 18.9741 23.3931
68 -5.4919 -2.7179 -2.7179 -0.8709 0.0961 0.0961 10.7061 19.0411 23.4741
69 -5.4839 -2.6999 -2.6999 -1.0349 0.0471 0.0471 10.9711 19.1111 23.5571
70 -5.4769 -2.6819 -2.6819 -1.1969 -0.0039 -0.0039 11.2411 19.1841 23.6421
71 -5.4719 -2.6629 -2.6629 -1.3569 -0.0569 -0.0569 11.5161 19.2591 23.7271
72 -5.4689 -2.6439 -2.6439 -1.5129 -0.1099 -0.1099 11.7961 19.3381 23.8121
73 -5.4679 -2.6239 -2.6239 -1.6649 -0.1639 -0.1639 12.0791 19.4181 23.8961
74 -5.4699 -2.6049 -2.6049 -1.8119 -0.2189 -0.2189 12.3651 19.5011 23.9791
75 -5.4749 -2.5849 -2.5849 -1.9529 -0.2739 -0.2739 12.6551 19.5841 24.0591
76 -5.4839 -2.5649 -2.5649 -2.0869 -0.3289 -0.3289 12.9471 19.6691 24.1361
77 -5.4969 -2.5459 -2.5459 -2.2139 -0.3839 -0.3839 13.2411 19.7541 24.2101
78 -5.5139 -2.5269 -2.5269 -2.3329 -0.4379 -0.4379 13.5361 19.8391 24.2781
79 -5.5369 -2.5089 -2.5089 -2.4429 -0.4919 -0.4919 13.8341 19.9231 24.3421
80 -5.5649 -2.5439 -2.4919 -2.4919 -0.5439 -0.5439 14.1321 20.0051 24.4001
81 -5.5999 -2.6359 -2.4749 -2.4749 -0.5949 -0.5949 14.4321 20.0861 24.4521
82 -5.6399 -2.7169 -2.4599 -2.4599 -0.6449 -0.6449 14.7321 20.1641 24.4971
83 -5.6859 -2.7889 -2.4459 -2.4459 -0.6919 -0.6919 15.0331 20.2381 24.5361
84 -5.7379 -2.8509 -2.4339 -2.4339 -0.7369 -0.7369 15.3341 20.3071 24.5691
85 -5.7959 -2.9029 -2.4239 -2.4239 -0.7799 -0.7799 15.6351 20.3721 24.5951
86 -5.8589 -2.9459 -2.4159 -2.4159 -0.8189 -0.8189 15.9361 20.4311 24.6141
87 -5.9259 -2.9799 -2.4109 -2.4109 -0.8559 -0.8559 16.2371 20.4841 24.6271
88 -5.9969 -3.0059 -2.4069 -2.4069 -0.8889 -0.8889 16.5361 20.5301 24.6351
89 -6.0719 -3.0249 -2.4059 -2.4059 -0.9189 -0.9189 16.8351 20.5691 24.6371
90 -6.1479 -3.0369 -2.4079 -2.4079 -0.9449 -0.9449 17.1321 20.6011 24.6341
91 -6.2269 -3.0439 -2.4129 -2.4129 -0.9679 -0.9679 17.4271 20.6271 24.6271
92 -6.3069 -3.0449 -2.4199 -2.4199 -0.9869 -0.9869 17.7191 20.6471 24.6151
93 -6.3869 -3.0419 -2.4289 -2.4289 -1.0019 -1.0019 18.0081 20.6631 24.6001
94 -6.4669 -3.0349 -2.4409 -2.4409 -1.0139 -1.0139 18.2911 20.6761 24.5821
95 -6.5459 -3.0249 -2.4539 -2.4539 -1.0229 -1.0229 18.5661 20.6891 24.5621
96 -6.6239 -3.0119 -2.4699 -2.4699 -1.0289 -1.0289 18.8311 20.7061 24.5391
97 -6.6999 -2.9979 -2.4869 -2.4869 -1.0329 -1.0329 19.0801 20.7321 24.5151
98 -6.7739 -2.9809 -2.5049 -2.5049 -1.0339 -1.0339 19.3061 20.7771 24.4891
99 -6.8449 -2.9639 -2.5239 -2.5239 -1.0329 -1.0329 19.4991 20.8491 24.4621
100 -6.9139 -2.9459 -2.5439 -2.5439 -1.0309 -1.0309 19.6491 20.9611 24.4351
101 -6.9799 -2.9269 -2.5639 -2.5639 -1.0269 -1.0269 19.7531 21.1151 24.4081
102 -7.0419 -2.9079 -2.5829 -2.5829 -1.0219 -1.0219 19.8151 21.3081 24.3811
103 -7.1009 -2.8889 -2.6029 -2.6029 -1.0159 -1.0159 19.8461 21.5301 24.3541
104 -7.1559 -2.8709 -2.6219 -2.6219 -1.0099 -1.0099 19.8561 21.7711 24.3281
105 -7.2079 -2.8529 -2.6399 -2.6399 -1.0039 -1.0039 19.8511 22.0241 24.3031
106 -7.2549 -2.8359 -2.6569 -2.6569 -0.9969 -0.9969 19.8391 22.2831 24.2801
107 -7.2979 -2.8199 -2.6729 -2.6729 -0.9899 -0.9899 19.8211 22.5441 24.2581
108 -7.3369 -2.8059 -2.6879 -2.6879 -0.9839 -0.9839 19.8011 22.8021 24.2381
109 -7.3719 -2.7919 -2.7019 -2.7019 -0.9779 -0.9779 19.7811 23.0541 24.2191
110 -7.4019 -2.7809 -2.7129 -2.7129 -0.9729 -0.9729 19.7611 23.2961 24.2031
111 -7.4269 -2.7709 -2.7229 -2.7229 -0.9679 -0.9679 19.7431 23.5221 24.1891
112 -7.4479 -2.7619 -2.7319 -2.7319 -0.9639 -0.9639 19.7281 23.7271 24.1781
113 -7.4639 -2.7559 -2.7379 -2.7379 -0.9609 -0.9609 19.7151 23.9031 24.1691
114 -7.4759 -2.7509 -2.7429 -2.7429 -0.9589 -0.9589 19.7061 24.0391 24.1621
115 -7.4829 -2.7479 -2.7459 -2.7459 -0.9569 -0.9569 19.7001 24.1271 24.1581
116 -7.4859 -2.7469 -2.7469 -2.7469 -0.9569 -0.9569 19.6981 24.1571 24.1571
117 -7.4829 -2.7479 -2.7459 -2.7459 -0.9579 -0.9559 19.7001 24.1381 24.1521
118 -7.4759 -2.7529 -2.7419 -2.7419 -0.9629 -0.9549 19.7061 24.0841 24.1391
119 -7.4639 -2.7599 -2.7359 -2.7359 -0.9709 -0.9519 19.7151 23.9991 24.1161
120 -7.4479 -2.7699 -2.7279 -2.7279 -0.9809 -0.9479 19.7281 23.8891 24.0841
121 -7.4269 -2.7829 -2.7169 -2.7169 -0.9939 -0.9419 19.7451 23.7601 24.0431
122 -7.4019 -2.7979 -2.7039 -2.7039 -1.0109 -0.9359 19.7651 23.6171 23.9931
123 -7.3719 -2.8169 -2.6879 -2.6879 -1.0299 -0.9289 19.7891 23.4641 23.9341
124 -7.3369 -2.8379 -2.6709 -2.6709 -1.0519 -0.9199 19.8161 23.3051 23.8651
125 -7.2979 -2.8619 -2.6499 -2.6499 -1.0759 -0.9099 19.8471 23.1431 23.7871
126 -7.2539 -2.8879 -2.6279 -2.6279 -1.1029 -0.8999 19.8801 22.9801 23.6991
127 -7.2069 -2.9159 -2.6029 -2.6029 -1.1329 -0.8879 19.9171 22.8171 23.6021
128 -7.1549 -2.9479 -2.5759 -2.5759 -1.1639 -0.8749 19.9561 22.6551 23.4961
129 -7.0989 -2.9809 -2.5459 -2.5459 -1.1979 -0.8609 19.9981 22.4951 23.3801
130 -7.0389 -3.0159 -2.5149 -2.5149 -1.2339 -0.8459 20.0431 22.3381 23.2561
131 -6.9749 -3.0539 -2.4809 -2.4809 -1.2709 -0.8299 20.0891 22.1851 23.1241
132 -6.9069 -3.0939 -2.4449 -2.4449 -1.3099 -0.8129 20.1381 22.0351 22.9831
133 -6.8359 -3.1349 -2.4059 -2.4059 -1.3499 -0.7949 20.1891 21.8891 22.8351
134 -6.7609 -3.1789 -2.3649 -2.3649 -1.3909 -0.7759 20.2421 21.7471 22.6791
135 -6.6839 -3.2239 -2.3229 -2.3229 -1.4329 -0.7559 20.2971 21.6091 22.5161
136 -6.6029 -3.2699 -2.2779 -2.2779 -1.4749 -0.7359 20.3531 21.4751 22.3471
137 -6.5199 -3.3179 -2.2309 -2.2309 -1.5169 -0.7139 20.4101 21.3451 22.1721
138 -6.4339 -3.3679 -2.1819 -2.1819 -1.5589 -0.6919 20.4681 21.2191 21.9921
139 -6.3469 -3.4179 -2.1309 -2.1309 -1.5999 -0.6689 20.5271 21.0961 21.8071
140 -6.2579 -3.4699 -2.0779 -2.0779 -1.6399 -0.6459 20.5861 20.9771 21.6171
141 -6.1679 -3.5229 -2.0229 -2.0229 -1.6779 -0.6209 20.6471 20.8601 21.4231
142 -6.0769 -3.5759 -1.9659 -1.9659 -1.7129 -0.5959 20.7071 20.7461 21.2261
143 -5.9859 -3.6299 -1.9069 -1.9069 -1.7449 -0.5709 20.6341 20.7681 21.0261
144 -5.8949 -3.6849 -1.8459 -1.8459 -1.7739 -0.5449 20.5221 20.8231 20.8231
145 -5.8059 -3.7409 -1.7979 -1.7839 -1.7839 -0.5179 20.4121 20.6181 20.6181
146 -5.7189 -3.7969 -1.8159 -1.7199 -1.7199 -0.4909 20.3011 20.4111 20.4111
147 -5.6349 -3.8529 -1.8279 -1.6539 -1.6539 -0.4629 20.1891 20.2031 20.2031
148 -5.5549 -3.9089 -1.8329 -1.5869 -1.5869 -0.4349 19.9931 19.9931 20.0741
149 -5.4789 -3.9649 -1.8299 -1.5179 -1.5179 -0.4069 19.7831 19.7831 19.9561
150 -5.4079 -4.0219 -1.8169 -1.4479 -1.4479 -0.3779 19.5731 19.5731 19.8331
151 -5.3439 -4.0779 -1.7949 -1.3769 -1.3769 -0.3499 19.3621 19.3621 19.7041
152 -5.2869 -4.1339 -1.7609 -1.3039 -1.3039 -0.3209 19.1521 19.1521 19.5671
153 -5.2369 -4.1899 -1.7159 -1.2299 -1.2299 -0.2909 18.9421 18.9421 19.4201
154 -5.1959 -4.2449 -1.6589 -1.1549 -1.1549 -0.2619 18.7331 18.7331 19.2631
155 -5.1619 -4.2999 -1.5899 -1.0789 -1.0789 -0.2329 18.5251 18.5251 19.0941
156 -5.1369 -4.3539 -1.5089 -1.0019 -1.0019 -0.2039 18.3191 18.3191 18.9121
157 -5.1199 -4.4069 -1.4149 -0.9239 -0.9239 -0.1749 18.1141 18.1141 18.7161
158 -5.1109 -4.4599 -1.3099 -0.8459 -0.8459 -0.1459 17.9111 17.9111 18.5081
159 -5.1089 -4.5119 -1.1929 -0.7669 -0.7669 -0.1169 17.7101 17.7101 18.2861
160 -5.1129 -4.5629 -1.0659 -0.6879 -0.6879 -0.0879 17.5121 17.5121 18.0521
161 -5.1239 -4.6129 -0.9289 -0.6089 -0.6089 -0.0599 17.3171 17.3171 17.8061
162 -5.1389 -4.6619 -0.7829 -0.5289 -0.5289 -0.0319 17.1241 17.1241 17.5511
163 -5.1589 -4.7089 -0.6289 -0.4499 -0.4499 -0.0039 16.9351 16.9351 17.2871
164 -5.1829 -4.7559 -0.4679 -0.3699 -0.3699 0.0231 16.7491 16.7491 17.0161
165 -5.2099 -4.8009 -0.2989 -0.2909 -0.2909 0.0491 16.5671 16.5671 16.7401
166 -5.2389 -4.8449 -0.2129 -0.2129 -0.1249 0.0761 16.3891 16.3891 16.4591
167 -5.2699 -4.8879 -0.1349 -0.1349 0.0541 0.1011 16.1751 16.2151 16.2151
168 -5.3029 -4.9289 -0.0589 -0.0589 0.1261 0.2381 15.8891 16.0461 16.0461
169 -5.3369 -4.9689 0.0171 0.0171 0.1501 0.4251 15.6031 15.8811 15.8811
170 -5.3709 -5.0069 0.0911 0.0911 0.1731 0.6161 15.3171 15.7221 15.7221
171 -5.4059 -5.0429 0.1641 0.1641 0.1961 0.8081 15.0331 15.5681 15.5681
172 -5.4399 -5.0779 0.2171 0.2351 0.2351 1.0021 14.7501 15.4201 15.4201
173 -5.4739 -5.1119 0.2381 0.3031 0.3031 1.1971 14.4721 15.2771 15.2771
174 -5.5069 -5.1429 0.2581 0.3701 0.3701 1.3911 14.1981 15.1411 15.1411
175 -5.5389 -5.1729 0.2771 0.4341 0.4341 1.5851 13.9291 15.0111 15.0111
176 -5.5699 -5.2009 0.2951 0.4961 0.4961 1.7761 13.6671 14.8881 14.8881
177 -5.5989 -5.2269 0.3121 0.5541 0.5541 1.9641 13.4131 14.7721 14.7721
178 -5.6269 -5.2519 0.3271 0.6091 0.6091 2.1481 13.1671 14.6631 14.6631
179 -5.6529 -5.2749 0.3421 0.6611 0.6611 2.3261 12.9321 14.5621 14.5621
180 -5.6779 -5.2949 0.3551 0.7101 0.7101 2.4981 12.7091 14.4691 14.4691
181 -5.6999 -5.3139 0.3671 0.7541 0.7541 2.6611 12.4991 14.3841 14.3841
182 -5.7199 -5.3309 0.3781 0.7951 0.7951 2.8141 12.3041 14.3071 14.3071
183 -5.7379 -5.3459 0.3881 0.8311 0.8311 2.9551 12.1251 14.2381 14.2381
184 -5.7539 -5.3589 0.3971 0.8621 0.8621 3.0831 11.9661 14.1781 14.1781
185 -5.7679 -5.3699 0.4041 0.8901 0.8901 3.1951 11.8261 14.1271 14.1271
186 -5.7789 -5.3789 0.4101 0.9121 0.9121 3.2891 11.7091 14.0861 14.0861
187 -5.7879 -5.3859 0.4151 0.9301 0.9301 3.3651 11.6161 14.0531 14.0531
188 -5.7939 -5.3909 0.4181 0.9421 0.9421 3.4201 11.5481 14.0291 14.0291
189 -5.7979 -5.3939 0.4201 0.9501 0.9501 3.4541 11.5071 14.0151 14.0151
190 -5.7989 -5.3949 0.4211 0.9521 0.9521 3.4651 11.4931 14.0111 14.0111
191 -5.7969 -5.3939 0.4181 0.9401 0.9521 3.4791 11.4931 14.0051 14.0061
192 -5.7919 -5.3889 0.4121 0.9031 0.9521 3.5191 11.4921 13.9901 13.9911
193 -5.7839 -5.3819 0.4021 0.8451 0.9521 3.5841 11.4901 13.9641 13.9671
194 -5.7729 -5.3709 0.3871 0.7681 0.9521 3.6711 11.4871 13.9281 13.9331
195 -5.7579 -5.3579 0.3681 0.6751 0.9521 3.7751 11.4841 13.8841 13.8891
196 -5.7399 -5.3409 0.3461 0.5701 0.9521 3.8941 11.4801 13.8321 13.8371
197 -5.7189 -5.3219 0.3191 0.4541 0.9531 4.0261 11.4751 13.7721 13.7761
198 -5.6949 -5.2989 0.2881 0.3321 0.9531 4.1681 11.4701 13.7061 13.7071
199 -5.6689 -5.2739 0.2031 0.2541 0.9531 4.3191 11.4641 13.6281 13.6371
200 -5.6389 -5.2459 0.0701 0.2161 0.9531 4.4761 11.4571 13.5431 13.5631
201 -5.6059 -5.2139 -0.0659 0.1751 0.9531 4.6381 11.4501 13.4501 13.4861
202 -5.5709 -5.1799 -0.2039 0.1301 0.9531 4.8061 11.4421 13.3501 13.4071
203 -5.5329 -5.1429 -0.3429 0.0831 0.9531 4.9771 11.4331 13.2431 13.3271
204 -5.4929 -5.1029 -0.4839 0.0321 0.9531 5.1521 11.4241 13.1301 13.2471
205 -5.4509 -5.0599 -0.6249 -0.0209 0.9531 5.3291 11.4151 13.0121 13.1671
206 -5.4069 -5.0139 -0.7659 -0.0769 0.9531 5.5091 11.4051 12.8871 13.0881
207 -5.3609 -4.9649 -0.9059 -0.1349 0.9531 5.6911 11.3951 12.7581 13.0111
208 -5.3129 -4.9139 -1.0459 -0.1949 0.9541 5.8741 11.3841 12.6241 12.9361
209 -5.2639 -4.8589 -1.1849 -0.2559 0.9541 6.0591 11.3731 12.4851 12.8641
210 -5.2139 -4.8019 -1.3229 -0.3179 0.9541 6.2461 11.3621 12.3411 12.7941
211 -5.1629 -4.7409 -1.4599 -0.3809 0.9541 6.4331 11.3511 12.1941 12.7281
212 -5.1109 -4.6779 -1.5959 -0.4449 0.9541 6.6221 11.3391 12.0431 12.6651
213 -5.0599 -4.6119 -1.7299 -0.5079 0.9541 6.8111 11.3281 11.8891 12.6061
214 -5.0089 -4.5439 -1.8619 -0.5709 0.9541 7.0011 11.3171 11.7311 12.5511
215 -4.9579 -4.4719 -1.9929 -0.6319 0.9541 7.1911 11.3061 11.5701 12.5001
216 -4.9089 -4.3979 -2.1219 -0.6919 0.9541 7.3811 11.2951 11.4061 12.4541
217 -4.8609 -4.3209 -2.2499 -0.7499 0.9541 7.5721 11.2391 11.2841 12.4111
218 -4.8159 -4.2409 -2.3749 -0.8049 0.9541 7.7621 11.0701 11.2751 12.3721
219 -4.7729 -4.1589 -2.4979 -0.8559 0.9551 7.9531 10.8991 11.2661 12.3381
220 -4.7339 -4.0739 -2.6189 -0.9029 0.9551 8.1431 10.7251 11.2571 12.3081
221 -4.6979 -3.9859 -2.7389 -0.9459 0.9551 8.3331 10.5501 11.2501 12.2821
222 -4.6669 -3.8959 -2.8559 -0.9829 0.9551 8.5231 10.3721 11.2431 12.2601
223 -4.6409 -3.8029 -2.9699 -1.0139 0.9551 8.7121 10.1931 11.2381 12.2421
224 -4.6199 -3.7069 -3.0829 -1.0389 0.9551 8.9011 10.0121 11.2331 12.2281
225 -4.6039 -3.6089 -3.1929 -1.0569 0.9551 9.0881 9.8301 11.2301 12.2181
226 -4.5949 -3.5089 -3.3009 -1.0679 0.9551 9.2751 9.6461 11.2281 12.2121
227 -4.5919 -3.4059 -3.4059 -1.0719 0.9551 9.4611 9.4611 11.2271 12.2101
228 -4.5929 -3.4749 -3.3369 -1.0699 0.9541 9.3411 9.5681 11.2371 12.2191
229 -4.5949 -3.5429 -3.2659 -1.0649 0.9501 9.2231 9.6421 11.2641 12.2481
230 -4.5989 -3.6099 -3.1949 -1.0579 0.9441 9.1091 9.6831 11.3041 12.3021
231 -4.6049 -3.6749 -3.1219 -1.0469 0.9351 8.9991 9.6951 11.3501 12.3841
232 -4.6119 -3.7389 -3.0489 -1.0339 0.9251 8.8931 9.6831 11.3941 12.4961
233 -4.6219 -3.7999 -2.9759 -1.0189 0.9111 8.7901 9.6531 11.4311 12.6371
234 -4.6329 -3.8589 -2.9019 -1.0009 0.8961 8.6911 9.6111 11.4611 12.8041
235 -4.6469 -3.9139 -2.8279 -0.9819 0.8781 8.5971 9.5591 11.4831 12.9911
236 -4.6619 -3.9669 -2.7539 -0.9619 0.8581 8.5061 9.5011 11.4991 13.1941
237 -4.6799 -4.0149 -2.6799 -0.9399 0.8361 8.4201 9.4391 11.5111 13.4091
238 -4.6999 -4.0589 -2.6069 -0.9169 0.8131 8.3381 9.3761 11.5191 13.6321
239 -4.7209 -4.0999 -2.5339 -0.8939 0.7871 8.2601 9.3121 11.5251 13.8621
240 -4.7449 -4.1359 -2.4629 -0.8699 0.7601 8.1861 9.2491 11.5301 14.0971
241 -4.7689 -4.1679 -2.3929 -0.8469 0.7321 8.1181 9.1861 11.5341 14.3331
242 -4.7949 -4.1959 -2.3239 -0.8229 0.7031 8.0531 9.1261 11.5361 14.5701
243 -4.8209 -4.2209 -2.2579 -0.7999 0.6731 7.9941 9.0681 11.5381 14.8071
244 -4.8459 -4.2429 -2.1939 -0.7779 0.6431 7.9391 9.0141 11.5401 15.0421
245 -4.8709 -4.2619 -2.1329 -0.7569 0.6131 7.8881 8.9631 11.5411 15.2721
246 -4.8949 -4.2779 -2.0749 -0.7369 0.5831 7.8431 8.9151 11.5421 15.4971
247 -4.9179 -4.2919 -2.0209 -0.7189 0.5551 7.8021 8.8721 11.5431 15.7141
248 -4.9379 -4.3029 -1.9719 -0.7019 0.5281 7.7651 8.8341 11.5441 15.9201
249 -4.9569 -4.3129 -1.9269 -0.6869 0.5031 7.7341 8.8001 11.5451 16.1121
250 -4.9729 -4.3209 -1.8889 -0.6739 0.4801 7.7071 8.7701 11.5451 16.2871
251 -4.9869 -4.3279 -1.8559 -0.6629 0.4611 7.6861 8.7461 11.5461 16.4401
252 -4.9969 -4.3319 -1.8299 -0.6549 0.4461 7.6691 8.7271 11.5461 16.5661
253 -5.0049 -4.3359 -1.8109 -0.6489 0.4341 7.6571 8.7141 11.5461 16.6611
254 -5.0099 -4.3379 -1.7999 -0.6449 0.4271 7.6491 8.7061 11.5471 16.7191
255 -5.0109 -4.3389 -1.7959 -0.6439 0.4251 7.6471 8.7031 11.5471 16.7391
