1 -57.5723 -57.5723 -57.5723 -57.5643 -57.5583 -17.5173 -9.3833 -9.3833 -7.5303 4.3467 7.1077 7.1077 8.6757
2 -57.5723 -57.5723 -57.5723 -57.5643 -57.5583 -17.5183 -9.3903 -9.3793 -7.5223 4.3427 7.0987 7.1157 8.6857
3 -57.5723 -57.5723 -57.5713 -57.5643 -57.5583 -17.5233 -9.4103 -9.3673 -7.4983 4.3297 7.0737 7.1397 8.7147
4 -57.5733 -57.5723 -57.5713 -57.5643 -57.5583 -17.5303 -9.4423 -9.3463 -7.4593 4.3097 7.0337 7.1797 8.7617
5 -57.5733 -57.5723 -57.5713 -57.5643 -57.5583 -17.5403 -9.4853 -9.3183 -7.4073 4.2817 6.9817 7.2347 8.8227
6 -57.5733 -57.5723 -57.5703 -57.5643 -57.5583 -17.5543 -9.5373 -9.2813 -7.3433 4.2487 6.9197 7.3037 8.8967
7 -57.5733 -57.5723 -57.5703 -57.5643 -57.5593 -17.5693 -9.5963 -9.2373 -7.2703 4.2097 6.8507 7.3857 8.9807
8 -57.5733 -57.5723 -57.5703 -57.5643 -57.5593 -17.5883 -9.6613 -9.1853 -7.1883 4.1677 6.7757 7.4787 9.0717
9 -57.5743 -57.5723 -57.5703 -57.5643 -57.5593 -17.6093 -9.7313 -9.1263 -7.0993 4.1227 6.6967 7.5837 9.1687
10 -57.5743 -57.5723 -57.5693 -57.5643 -57.5593 -17.6323 -9.8043 -9.0593 -7.0053 4.0757 6.6147 7.6977 9.2687
11 -57.5743 -57.5723 -57.5693 -57.5643 -57.5593 -17.6573 -9.8793 -8.9853 -6.9063 4.0287 6.5307 7.8197 9.3707
12 -57.5743 -57.5723 -57.5693 -57.5643 -57.5593 -17.6843 -9.9563 -8.9043 -6.8033 3.9817 6.4457 7.9507 9.4737
13 -57.5743 -57.5733 -57.5683 -57.5643 -57.5593 -17.7143 -10.0343 -8.8163 -6.6983 3.9347 6.3607 8.0897 9.5747
14 -57.5743 -57.5733 -57.5683 -57.5643 -57.5603 -17.7443 -10.1123 -8.7223 -6.5903 3.8897 6.2747 8.2347 9.6727
15 -57.5753 -57.5733 -57.5683 -57.5643 -57.5603 -17.7763 -10.1903 -8.6223 -6.4803 3.8477 6.1897 8.3857 9.7647
16 -57.5753 -57.5733 -57.5673 -57.5653 -57.5603 -17.8103 -10.2683 -8.5153 -6.3693 3.8077 6.1047 8.5427 9.8477
17 -57.5753 -57.5733 -57.5673 -57.5653 -57.5603 -17.8443 -10.3463 -8.4033 -6.2573 3.7707 6.0207 8.7057 9.9187
18 -57.5753 -57.5733 -57.5673 -57.5653 -57.5603 -17.8793 -10.4223 -8.2853 -6.1453 3.7377 5.9377 8.8727 9.9727
19 -57.5753 -57.5733 -57.5663 -57.5653 -57.5603 -17.9153 -10.4973 -8.1623 -6.0323 3.7097 5.8557 9.0457 10.0047
20 -57.5753 -57.5733 -57.5663 -57.5663 -57.5603 -17.9523 -10.5713 -8.0343 -5.9203 3.6847 5.7737 9.2227 10.0097
21 -57.5753 -57.5733 -57.5663 -57.5663 -57.5603 -17.9883 -10.6443 -7.9023 -5.8093 3.6657 5.6937 9.4037 9.9817
22 -57.5753 -57.5733 -57.5663 -57.5653 -57.5603 -18.0263 -10.7153 -7.7653 -5.6983 3.6517 5.6137 9.5887 9.9177
23 -57.5763 -57.5733 -57.5673 -57.5653 -57.5603 -18.0633 -10.7843 -7.6233 -5.5893 3.6427 5.5357 9.7767 9.8167
24 -57.5763 -57.5733 -57.5673 -57.5653 -57.5603 -18.1003 -10.8523 -7.4783 -5.4813 3.6397 5.4577 9.6807 9.9697
25 -57.5763 -57.5743 -57.5683 -57.5653 -57.5603 -18.1363 -10.9173 -7.3293 -5.3763 3.6427 5.3807 9.5147 10.1657
26 -57.5763 -57.5743 -57.5683 -57.5643 -57.5603 -18.1733 -10.9813 -7.1773 -5.2723 3.6527 5.3047 9.3247 10.3637
27 -57.5763 -57.5743 -57.5683 -57.5643 -57.5603 -18.2093 -11.0433 -7.0223 -5.1713 3.6687 5.2287 9.1167 10.5647
28 -57.5763 -57.5743 -57.5693 -57.5643 -57.5603 -18.2443 -11.1023 -6.8653 -5.0723 3.6907 5.1537 8.8957 10.7677
29 -57.5763 -57.5743 -57.5693 -57.5633 -57.5603 -18.2793 -11.1603 -6.7053 -4.9763 3.7207 5.0777 8.6677 10.9707
30 -57.5763 -57.5743 -57.5703 -57.5633 -57.5603 -18.3123 -11.2153 -6.5433 -4.8843 3.7567 5.0017 8.4347 11.1727
31 -57.5763 -57.5743 -57.5703 -57.5633 -57.5603 -18.3453 -11.2683 -6.3803 -4.7943 3.7997 4.9257 8.2017 11.3667
32 -57.5763 -57.5743 -57.5713 -57.5623 -57.5603 -18.3773 -11.3193 -6.2163 -4.7093 3.8507 4.8477 7.9697 11.5377
33 -57.5763 -57.5743 -57.5713 -57.5623 -57.5603 -18.4083 -11.3673 -6.0513 -4.6273 3.9087 4.7687 7.7417 11.6307
34 -57.5763 -57.5743 -57.5713 -57.5623 -57.5603 -18.4373 -11.4143 -5.8863 -4.5483 3.9737 4.6877 7.5207 11.5517
35 -57.5763 -57.5753 -57.5723 -57.5623 -57.5603 -18.4663 -11.4573 -5.7213 -4.4743 4.0457 4.6047 7.3077 11.3457
36 -57.5763 -57.5753 -57.5723 -57.5623 -57.5603 -18.4933 -11.4993 -5.5583 -4.4043 4.1247 4.5187 7.1037 11.0987
37 -57.5763 -57.5753 -57.5723 -57.5613 -57.5603 -18.5183 -11.5383 -5.3963 -4.3383 4.2107 4.4297 6.9107 10.8407
38 -57.5763 -57.5753 -57.5733 -57.5613 -57.5603 -18.5433 -11.5753 -5.2373 -4.2763 4.3027 4.3377 6.7307 10.5817
39 -57.5763 -57.5753 -57.5733 -57.5613 -57.5603 -18.5663 -11.6093 -5.0813 -4.2193 4.2417 4.4007 6.5637 10.3247
40 -57.5763 -57.5753 -57.5733 -57.5613 -57.5603 -18.5873 -11.6403 -4.9293 -4.1663 4.1437 4.5047 6.4117 10.0727
41 -57.5763 -57.5753 -57.5733 -57.5613 -57.5603 -18.6073 -11.6703 -4.7833 -4.1173 4.0427 4.6147 6.2737 9.8257
42 -57.5763 -57.5753 -57.5743 -57.5603 -57.5603 -18.6253 -11.6963 -4.6423 -4.0733 3.9407 4.7277 6.1517 9.5867
43 -57.5763 -57.5763 -57.5743 -57.5603 -57.5603 -18.6413 -11.7213 -4.5103 -4.0333 3.8397 4.8437 6.0437 9.3557
44 -57.5763 -57.5763 -57.5743 -57.5603 -57.5603 -18.6563 -11.7423 -4.3863 -3.9973 3.7417 4.9627 5.9497 9.1357
45 -57.5763 -57.5763 -57.5743 -57.5603 -57.5603 -18.6693 -11.7613 -4.2723 -3.9663 3.6467 5.0807 5.8697 8.9267
46 -57.5763 -57.5763 -57.5743 -57.5603 -57.5603 -18.6813 -11.7783 -4.1693 -3.9393 3.5597 5.1967 5.8017 8.7327
47 -57.5763 -57.5763 -57.5743 -57.5603 -57.5603 -18.6913 -11.7923 -4.0803 -3.9163 3.4807 5.3077 5.7467 8.5547
48 -57.5763 -57.5763 -57.5743 -57.5603 -57.5603 -18.6993 -11.8043 -4.0043 -3.8973 3.4127 5.4097 5.7017 8.3987
49 -57.5763 -57.5763 -57.5743 -57.5603 -57.5603 -18.7053 -11.8133 -3.9443 -3.8833 3.3577 5.4977 5.6687 8.2687
50 -57.5763 -57.5763 -57.5743 -57.5603 -57.5603 -18.7093 -11.8193 -3.9003 -3.8733 3.3177 5.5667 5.6447 8.1697
51 -57.5763 -57.5763 -57.5743 -57.5603 -57.5603 -18.7123 -11.8233 -3.8733 -3.8663 3.2927 5.6107 5.6307 8.1077
52 -57.5763 -57.5763 -57.5743 -57.5603 -57.5603 -18.7133 -11.8243 -3.8643 -3.8643 3.2837 5.6257 5.6257 8.0867
53 -57.5763 -57.5763 -57.5743 -57.5603 -57.5603 -18.7163 -11.8193 -3.8643 -3.8643 3.2847 5.6277 5.6277 8.0877
54 -57.5763 -57.5763 -57.5743 -57.5603 -57.5603 -18.7253 -11.8023 -3.8623 -3.8623 3.2867 5.6317 5.6317 8.0937
55 -57.5763 -57.5763 -57.5743 -57.5603 -57.5603 -18.7403 -11.7753 -3.8593 -3.8593 3.2897 5.6387 5.6387 8.1027
56 -57.5763 -57.5763 -57.5743 -57.5603 -57.5603 -18.7613 -11.7373 -3.8553 -3.8553 3.2947 5.6497 5.6497 8.1167
57 -57.5763 -57.5763 -57.5743 -57.5603 -57.5603 -18.7883 -11.6893 -3.8493 -3.8493 3.3007 5.6627 5.6627 8.1327
58 -57.5763 -57.5763 -57.5743 -57.5603 -57.5603 -18.8203 -11.6313 -3.8433 -3.8433 3.3087 5.6787 5.6787 8.1537
59 -57.5763 -57.5763 -57.5743 -57.5603 -57.5603 -18.8563 -11.5633 -3.8353 -3.8353 3.3177 5.6977 5.6977 8.1777
60 -57.5763 -57.5763 -57.5743 -57.5603 -57.5603 -18.8983 -11.4863 -3.8263 -3.8263 3.3277 5.7197 5.7197 8.2057
61 -57.5763 -57.5763 -57.5753 -57.5603 -57.5603 -18.9443 -11.3993 -3.8163 -3.8163 3.3397 5.7447 5.7447 8.2377
62 -57.5763 -57.5763 -57.5753 -57.5603 -57.5603 -18.9943 -11.3043 -3.8043 -3.8043 3.3527 5.7727 5.7727 8.2727
63 -57.5763 -57.5763 -57.5753 -57.5613 -57.5613 -19.0483 -11.2003 -3.7923 -3.7923 3.3677 5.8027 5.8027 8.3117
64 -57.5763 -57.5763 -57.5753 -57.5613 -57.5613 -19.1053 -11.0883 -3.7783 -3.7783 3.3837 5.8367 5.8367 8.3537
65 -57.5763 -57.5763 -57.5753 -57.5613 -57.5613 -19.1653 -10.9693 -3.7643 -3.7643 3.4007 5.8727 5.8727 8.3997
66 -57.5763 -57.5763 -57.5753 -57.5613 -57.5613 -19.2273 -10.8433 -3.7483 -3.7483 3.4197 5.9107 5.9107 8.4487
67 -57.5763 -57.5763 -57.5753 -57.5613 -57.5613 -19.2913 -10.7103 -3.7313 -3.7313 3.4407 5.9517 5.9517 8.5007
68 -57.5763 -57.5763 -57.5753 -57.5623 -57.5623 -19.3583 -10.5713 -3.7133 -3.7133 3.4637 5.9957 5.9957 8.5567
69 -57.5763 -57.5763 -57.5753 -57.5623 -57.5623 -19.4263 -10.4253 -3.6943 -3.6943 3.4877 6.0417 6.0417 8.6157
70 -57.5763 -57.5763 -57.5753 -57.5623 -57.5623 -19.4953 -10.2743 -3.6743 -3.6743 3.5127 6.0897 6.0897 8.6777
71 -57.5763 -57.5763 -57.5753 -57.5623 -57.5623 -19.5653 -10.1173 -3.6533 -3.6533 3.5397 6.1407 6.1407 8.7427
72 -57.5763 -57.5763 -57.5753 -57.5633 -57.5633 -19.6363 -9.9563 -3.6313 -3.6313 3.5697 6.1927 6.1927 8.8107
73 -57.5763 -57.5763 -57.5753 -57.5633 -57.5633 -19.7073 -9.7893 -3.6083 -3.6083 3.5997 6.2477 6.2477 8.8807
74 -57.5763 -57.5763 -57.5753 -57.5633 -57.5633 -19.7783 -9.6183 -3.5843 -3.5843 3.6327 6.3047 6.3047 8.9537
75 -57.5763 -57.5763 -57.5763 -57.5643 -57.5643 -19.8503 -9.4433 -3.5603 -3.5603 3.6667 6.3617 6.3617 9.0297
76 -57.5763 -57.5763 -57.5763 -57.5643 -57.5643 -19.9213 -9.2643 -3.5343 -3.5343 3.7037 6.4217 6.4217 9.1067
77 -57.5763 -57.5763 -57.5763 -57.5643 -57.5643 -19.9923 -9.0813 -3.5083 -3.5083 3.7417 6.4817 6.4817 9.1857
78 -57.5763 -57.5763 -57.5763 -57.5643 -57.5643 -20.0633 -8.8943 -3.4813 -3.4813 3.7817 6.5427 6.5427 9.2657
79 -57.5763 -57.5763 -57.5763 -57.5653 -57.5653 -20.1333 -8.7053 -3.4533 -3.4533 3.8237 6.6047 6.6047 9.3467
80 -57.5763 -57.5763 -57.5763 -57.5653 -57.5653 -20.2023 -8.5123 -3.4243 -3.4243 3.8677 6.6667 6.6667 9.4277
81 -57.5763 -57.5763 -57.5763 -57.5653 -57.5653 -20.2703 -8.3173 -3.3953 -3.3953 3.9137 6.7277 6.7277 9.5067
82 -57.5763 -57.5763 -57.5763 -57.5653 -57.5653 -20.3373 -8.1193 -3.3663 -3.3663 3.9617 6.7877 6.7877 9.5817
83 -57.5763 -57.5763 -57.5763 -57.5663 -57.5663 -20.4033 -7.9183 -3.3363 -3.3363 4.0117 6.8467 6.8467 9.6507
84 -57.5773 -57.5763 -57.5763 -57.5663 -57.5663 -20.4683 -7.7163 -3.3053 -3.3053 4.0647 6.9027 6.9027 9.7087
85 -57.5773 -57.5763 -57.5763 -57.5663 -57.5663 -20.5313 -7.5123 -3.2743 -3.2743 4.1187 6.9557 6.9557 9.7487
86 -57.5773 -57.5763 -57.5763 -57.5673 -57.5673 -20.5933 -7.3063 -3.2433 -3.2433 4.1757 7.0047 7.0047 9.7617
87 -57.5773 -57.5763 -57.5763 -57.5673 -57.5673 -20.6543 -7.0983 -3.2113 -3.2113 4.2347 7.0487 7.0487 9.7397
88 -57.5773 -57.5763 -57.5763 -57.5673 -57.5673 -20.7133 -6.8903 -3.1793 -3.1793 4.2957 7.0867 7.0867 9.6767
89 -57.5773 -57.5763 -57.5763 -57.5673 -57.5673 -20.7703 -6.6813 -3.1483 -3.1483 4.3587 7.1177 7.1177 9.5777
90 -57.5773 -57.5763 -57.5763 -57.5673 -57.5673 -20.8263 -6.4713 -3.1163 -3.1163 4.4247 7.1417 7.1417 9.4527
91 -57.5773 -57.5763 -57.5763 -57.5683 -57.5683 -20.8803 -6.2613 -3.0843 -3.0843 4.4927 7.1567 7.1567 9.3097
92 -57.5783 -57.5773 -57.5773 -57.5683 -57.5683 -20.9323 -6.0513 -3.0523 -3.0523 4.5637 7.1627 7.1627 9.1567
93 -57.5783 -57.5773 -57.5773 -57.5683 -57.5683 -20.9823 -5.8423 -3.0213 -3.0213 4.6357 7.1597 7.1597 8.9977
94 -57.5783 -57.5773 -57.5773 -57.5683 -57.5683 -21.0313 -5.6333 -2.9893 -2.9893 4.7107 7.1477 7.1477 8.8347
95 -57.5783 -57.5773 -57.5773 -57.5683 -57.5683 -21.0773 -5.4263 -2.9593 -2.9593 4.7887 7.1277 7.1277 8.6697
96 -57.5783 -57.5773 -57.5773 -57.5683 -57.5683 -21.1223 -5.2203 -2.9283 -2.9283 4.8677 7.1007 7.1007 8.5047
97 -57.5783 -57.5773 -57.5773 -57.5683 -57.5683 -21.1643 -5.0173 -2.8993 -2.8993 4.9497 7.0677 7.0677 8.3407
98 -57.5783 -57.5773 -57.5773 -57.5683 -57.5683 -21.2053 -4.8163 -2.8703 -2.8703 5.0337 7.0297 7.0297 8.1787
99 -57.5783 -57.5783 -57.5783 -57.5693 -57.5693 -21.2433 -4.6193 -2.8423 -2.8423 5.1207 6.9877 6.9877 8.0187
100 -57.5783 -57.5783 -57.5783 -57.5693 -57.5693 -21.2793 -4.4253 -2.8143 -2.8143 5.2087 6.9437 6.9437 7.8607
101 -57.5783 -57.5783 -57.5783 -57.5693 -57.5693 -21.3143 -4.2373 -2.7883 -2.7883 5.2997 6.8967 6.8967 7.7077
102 -57.5783 -57.5783 -57.5783 -57.5693 -57.5693 -21.3463 -4.0533 -2.7633 -2.7633 5.3917 6.8497 6.8497 7.5577
103 -57.5793 -57.5783 -57.5783 -57.5693 -57.5693 -21.3763 -3.8763 -2.7393 -2.7393 5.4847 6.8027 6.8027 7.4127
104 -57.5793 -57.5783 -57.5783 -57.5693 -57.5693 -21.4043 -3.7053 -2.7163 -2.7163 5.5797 6.7577 6.7577 7.2737
105 -57.5793 -57.5783 -57.5783 -57.5693 -57.5693 -21.4293 -3.5433 -2.6953 -2.6953 5.6757 6.7127 6.7127 7.1397
106 -57.5793 -57.5793 -57.5793 -57.5693 -57.5693 -21.4533 -3.3903 -2.6753 -2.6753 5.7707 6.6707 6.6707 7.0137
107 -57.5793 -57.5793 -57.5793 -57.5693 -57.5693 -21.4743 -3.2463 -2.6573 -2.6573 5.8667 6.6317 6.6317 6.8957
108 -57.5793 -57.5793 -57.5793 -57.5693 -57.5693 -21.4933 -3.1143 -2.6403 -2.6403 5.9597 6.5957 6.5957 6.7867
109 -57.5793 -57.5793 -57.5793 -57.5693 -57.5693 -21.5103 -2.9943 -2.6263 -2.6263 6.0507 6.5627 6.5627 6.6877
110 -57.5793 -57.5793 -57.5793 -57.5693 -57.5693 -21.5253 -2.8873 -2.6133 -2.6133 6.1377 6.5337 6.5337 6.5997
111 -57.5793 -57.5793 -57.5793 -57.5693 -57.5693 -21.5373 -2.7943 -2.6023 -2.6023 6.2167 6.5087 6.5087 6.5237
112 -57.5793 -57.5793 -57.5793 -57.5693 -57.5693 -21.5473 -2.7173 -2.5923 -2.5923 6.2857 6.4627 6.4887 6.4887
113 -57.5793 -57.5793 -57.5793 -57.5693 -57.5693 -21.5553 -2.6563 -2.5853 -2.5853 6.3347 6.4227 6.4727 6.4727
114 -57.5793 -57.5793 -57.5793 -57.5693 -57.5693 -21.5613 -2.6123 -2.5803 -2.5803 6.3427 6.4237 6.4607 6.4607
115 -57.5793 -57.5793 -57.5793 -57.5693 -57.5693 -21.5643 -2.5853 -2.5773 -2.5773 6.3307 6.4427 6.4537 6.4537
116 -57.5793 -57.5793 -57.5793 -57.5693 -57.5693 -21.5653 -2.5763 -2.5763 -2.5763 6.3247 6.4507 6.4507 6.4507
117 -57.5793 -57.5793 -57.5793 -57.5693 -57.5693 -21.5643 -2.5813 -2.5793 -2.5793 6.3307 6.4387 6.4557 6.4557
118 -57.5793 -57.5793 -57.5793 -57.5693 -57.5693 -21.5613 -2.5973 -2.5883 -2.5883 6.3487 6.4007 6.4697 6.4697
119 -57.5793 -57.5793 -57.5793 -57.5693 -57.5693 -21.5553 -2.6223 -2.6023 -2.6023 6.3407 6.3777 6.4927 6.4927
120 -57.5793 -57.5793 -57.5793 -57.5693 -57.5693 -21.5473 -2.6583 -2.6223 -2.6223 6.2617 6.4177 6.5247 6.5247
121 -57.5793 -57.5793 -57.5793 -57.5693 -57.5693 -21.5373 -2.7033 -2.6483 -2.6483 6.1667 6.4677 6.5667 6.5667
122 -57.5793 -57.5793 -57.5793 -57.5693 -57.5693 -21.5253 -2.7583 -2.6783 -2.6783 6.0607 6.5277 6.6167 6.6167
123 -57.5793 -57.5793 -57.5793 -57.5693 -57.5693 -21.5103 -2.8223 -2.7143 -2.7143 5.9457 6.5967 6.6747 6.6747
124 -57.5793 -57.5793 -57.5793 -57.5693 -57.5693 -21.4933 -2.8943 -2.7553 -2.7553 5.8237 6.6727 6.7417 6.7417
125 -57.5793 -57.5783 -57.5783 -57.5693 -57.5693 -21.4743 -2.9743 -2.8013 -2.8013 5.6977 6.7547 6.8167 6.8167
126 -57.5793 -57.5783 -57.5783 -57.5693 -57.5693 -21.4533 -3.0623 -2.8503 -2.8503 5.5677 6.8397 6.8997 6.8997
127 -57.5793 -57.5783 -57.5783 -57.5693 -57.5693 -21.4303 -3.1563 -2.9043 -2.9043 5.4357 6.9257 6.9897 6.9897
128 -57.5803 -57.5783 -57.5783 -57.5693 -57.5693 -21.4043 -3.2583 -2.9623 -2.9623 5.3027 7.0077 7.0867 7.0867
129 -57.5803 -57.5783 -57.5783 -57.5693 -57.5683 -21.3763 -3.3653 -3.0233 -3.0233 5.1687 7.0817 7.1907 7.1907
130 -57.5803 -57.5773 -57.5773 -57.5693 -57.5683 -21.3463 -3.4783 -3.0873 -3.0873 5.0347 7.1387 7.3007 7.3007
131 -57.5803 -57.5773 -57.5773 -57.5703 -57.5683 -21.3143 -3.5953 -3.1543 -3.1543 4.9007 7.1707 7.4167 7.4167
132 -57.5803 -57.5773 -57.5773 -57.5703 -57.5683 -21.2793 -3.7183 -3.2243 -3.2243 4.7677 7.1667 7.5397 7.5397
133 -57.5803 -57.5763 -57.5763 -57.5703 -57.5683 -21.2423 -3.8453 -3.2963 -3.2963 4.6357 7.1207 7.6667 7.6667
134 -57.5803 -57.5763 -57.5763 -57.5703 -57.5683 -21.2043 -3.9763 -3.3703 -3.3703 4.5047 7.0307 7.7997 7.7997
135 -57.5803 -57.5763 -57.5763 -57.5703 -57.5683 -21.1633 -4.1103 -3.4453 -3.4453 4.3747 6.9027 7.9367 7.9367
136 -57.5803 -57.5753 -57.5753 -57.5703 -57.5683 -21.1203 -4.2473 -3.5233 -3.5233 4.2477 6.7437 8.0787 8.0787
137 -57.5803 -57.5753 -57.5753 -57.5703 -57.5673 -21.0753 -4.3883 -3.6013 -3.6013 4.1207 6.5647 8.2257 8.2257
138 -57.5803 -57.5753 -57.5753 -57.5703 -57.5673 -21.0283 -4.5313 -3.6813 -3.6813 3.9967 6.3697 8.3757 8.3757
139 -57.5813 -57.5743 -57.5743 -57.5703 -57.5673 -20.9783 -4.6773 -3.7613 -3.7613 3.8737 6.1667 8.5297 8.5297
140 -57.5813 -57.5743 -57.5743 -57.5703 -57.5673 -20.9273 -4.8243 -3.8423 -3.8423 3.7537 5.9567 8.6867 8.6867
141 -57.5813 -57.5743 -57.5743 -57.5703 -57.5673 -20.8743 -4.9743 -3.9233 -3.9233 3.6347 5.7447 8.8477 8.8477
142 -57.5813 -57.5733 -57.5733 -57.5713 -57.5673 -20.8193 -5.1253 -4.0053 -4.0053 3.5187 5.5317 9.0107 9.0107
143 -57.5813 -57.5733 -57.5733 -57.5713 -57.5663 -20.7623 -5.2783 -4.0873 -4.0873 3.4037 5.3177 9.1767 9.1767
144 -57.5813 -57.5723 -57.5723 -57.5713 -57.5663 -20.7033 -5.4333 -4.1683 -4.1683 3.2917 5.1057 9.3457 9.3457
145 -57.5813 -57.5723 -57.5723 -57.5713 -57.5663 -20.6423 -5.5883 -4.2503 -4.2503 3.1817 4.8947 9.5167 9.5167
146 -57.5813 -57.5723 -57.5723 -57.5713 -57.5663 -20.5793 -5.7453 -4.3313 -4.3313 3.0737 4.6867 9.6897 9.6897
147 -57.5813 -57.5713 -57.5713 -57.5713 -57.5663 -20.5143 -5.9023 -4.4113 -4.4113 2.9677 4.4817 9.8647 9.8647
148 -57.5823 -57.5713 -57.5713 -57.5713 -57.5663 -20.4483 -6.0613 -4.4913 -4.4913 2.8647 4.2807 10.0417 10.0417
149 -57.5823 -57.5713 -57.5703 -57.5703 -57.5653 -20.3803 -6.2203 -4.5703 -4.5703 2.7637 4.0817 10.2197 10.2197
150 -57.5823 -57.5723 -57.5703 -57.5703 -57.5653 -20.3103 -6.3793 -4.6483 -4.6483 2.6647 3.8877 10.3997 10.3997
151 -57.5823 -57.5723 -57.5693 -57.5693 -57.5653 -20.2393 -6.5393 -4.7253 -4.7253 2.5687 3.6977 10.5807 10.5807
152 -57.5823 -57.5723 -57.5693 -57.5693 -57.5653 -20.1663 -6.6993 -4.8013 -4.8013 2.4747 3.5107 10.7637 10.7637
153 -57.5823 -57.5723 -57.5693 -57.5693 -57.5653 -20.0923 -6.8593 -4.8763 -4.8763 2.3827 3.3287 10.9467 10.9467
154 -57.5823 -57.5723 -57.5683 -57.5683 -57.5643 -20.0163 -7.0203 -4.9503 -4.9503 2.2937 3.1517 11.1317 11.1317
155 -57.5833 -57.5723 -57.5683 -57.5683 -57.5643 -19.9383 -7.1803 -5.0223 -5.0223 2.2067 2.9787 11.3167 11.3167
156 -57.5833 -57.5723 -57.5673 -57.5673 -57.5643 -19.8603 -7.3393 -5.0933 -5.0933 2.1217 2.8107 11.5037 11.5037
157 -57.5833 -57.5733 -57.5673 -57.5673 -57.5643 -19.7803 -7.4993 -5.1633 -5.1633 2.0397 2.6467 11.6907 11.6907
158 -57.5833 -57.5733 -57.5663 -57.5663 -57.5643 -19.6993 -7.6583 -5.2313 -5.2313 1.9597 2.4877 11.8787 11.8787
159 -57.5833 -57.5733 -57.5663 -57.5663 -57.5633 -19.6173 -7.8163 -5.2973 -5.2973 1.8827 2.3347 12.0667 12.0667
160 -57.5833 -57.5733 -57.5663 -57.5663 -57.5633 -19.5343 -7.9733 -5.3623 -5.3623 1.8077 2.1847 12.2567 12.2567
161 -57.5833 -57.5733 -57.5653 -57.5653 -57.5633 -19.4503 -8.1303 -5.4253 -5.4253 1.7357 2.0407 12.4457 12.4457
162 -57.5843 -57.5733 -57.5653 -57.5653 -57.5633 -19.3653 -8.2853 -5.4863 -5.4863 1.6657 1.9017 12.6367 12.6367
163 -57.5843 -57.5733 -57.5643 -57.5643 -57.5633 -19.2803 -8.4393 -5.5463 -5.5463 1.5977 1.7677 12.8277 12.8277
164 -57.5843 -57.5743 -57.5643 -57.5643 -57.5623 -19.1943 -8.5913 -5.6043 -5.6043 1.5327 1.6377 13.0187 13.0187
165 -57.5843 -57.5743 -57.5633 -57.5633 -57.5623 -19.1083 -8.7423 -5.6593 -5.6593 1.4697 1.5137 13.2107 13.2107
166 -57.5843 -57.5743 -57.5633 -57.5633 -57.5623 -19.0223 -8.8913 -5.7133 -5.7133 1.3947 1.4097 13.4037 13.4037
167 -57.5843 -57.5743 -57.5633 -57.5633 -57.5623 -18.9363 -9.0373 -5.7653 -5.7653 1.2797 1.3517 13.5967 13.5967
168 -57.5843 -57.5743 -57.5623 -57.5623 -57.5623 -18.8503 -9.1823 -5.8153 -5.8153 1.1707 1.2967 13.7907 13.7907
169 -57.5843 -57.5743 -57.5623 -57.5623 -57.5623 -18.7653 -9.3233 -5.8633 -5.8633 1.0657 1.2437 13.9847 13.9847
170 -57.5843 -57.5743 -57.5623 -57.5623 -57.5623 -18.6803 -9.4623 -5.9093 -5.9093 0.9667 1.1927 14.1797 14.1797
171 -57.5853 -57.5743 -57.5613 -57.5613 -57.5613 -18.5963 -9.5973 -5.9533 -5.9533 0.8717 1.1447 14.3757 14.3757
172 -57.5853 -57.5743 -57.5613 -57.5613 -57.5613 -18.5133 -9.7293 -5.9943 -5.9943 0.7827 1.0997 14.5717 14.5717
173 -57.5853 -57.5753 -57.5613 -57.5613 -57.5613 -18.4313 -9.8583 -6.0343 -6.0343 0.6977 1.0557 14.7677 14.7677
174 -57.5853 -57.5753 -57.5613 -57.5603 -57.5603 -18.3523 -9.9823 -6.0713 -6.0713 0.6177 1.0157 14.9657 14.9657
175 -57.5853 -57.5753 -57.5613 -57.5603 -57.5603 -18.2743 -10.1013 -6.1073 -6.1073 0.5437 0.9777 15.1627 15.1627
176 -57.5853 -57.5753 -57.5613 -57.5603 -57.5603 -18.1983 -10.2163 -6.1403 -6.1403 0.4737 0.9417 15.3607 15.3607
177 -57.5853 -57.5753 -57.5613 -57.5603 -57.5603 -18.1263 -10.3253 -6.1703 -6.1703 0.4087 0.9077 15.5597 15.5597
178 -57.5853 -57.5753 -57.5613 -57.5593 -57.5593 -18.0563 -10.4293 -6.1993 -6.1993 0.3487 0.8777 15.7587 15.7587
179 -57.5853 -57.5753 -57.5603 -57.5593 -57.5593 -17.9903 -10.5273 -6.2253 -6.2253 0.2937 0.8487 15.9577 15.9577
180 -57.5853 -57.5753 -57.5603 -57.5593 -57.5593 -17.9283 -10.6183 -6.2503 -6.2503 0.2427 0.8227 16.1567 16.1567
181 -57.5853 -57.5753 -57.5603 -57.5593 -57.5593 -17.8703 -10.7023 -6.2713 -6.2713 0.1977 0.7997 16.3547 16.3547
182 -57.5853 -57.5753 -57.5603 -57.5593 -57.5593 -17.8173 -10.7793 -6.2913 -6.2913 0.1567 0.7787 16.5517 16.5517
183 -57.5853 -57.5753 -57.5603 -57.5593 -57.5593 -17.7683 -10.8483 -6.3083 -6.3083 0.1207 0.7597 16.7477 16.7477
184 -57.5853 -57.5753 -57.5603 -57.5583 -57.5583 -17.7263 -10.9093 -6.3233 -6.3233 0.0897 0.7437 16.9407 16.9407
185 -57.5853 -57.5753 -57.5603 -57.5583 -57.5583 -17.6893 -10.9613 -6.3363 -6.3363 0.0637 0.7307 17.1287 17.1287
186 -57.5863 -57.5753 -57.5603 -57.5583 -57.5583 -17.6583 -11.0043 -6.3463 -6.3463 0.0417 0.7197 17.3087 17.3087
187 -57.5863 -57.5763 -57.5603 -57.5583 -57.5583 -17.6343 -11.0383 -6.3553 -6.3553 0.0257 0.7107 17.3937 17.4737
188 -57.5863 -57.5763 -57.5603 -57.5583 -57.5583 -17.6173 -11.0623 -6.3603 -6.3603 0.0137 0.7047 17.4617 17.6157
189 -57.5863 -57.5763 -57.5603 -57.5583 -57.5583 -17.6063 -11.0773 -6.3643 -6.3643 0.0067 0.7007 17.5047 17.7157
190 -57.5863 -57.5763 -57.5603 -57.5583 -57.5583 -17.6033 -11.0823 -6.3653 -6.3653 0.0037 0.6997 17.5197 17.7537
191 -57.5863 -57.5763 -57.5603 -57.5583 -57.5583 -17.6033 -11.0813 -6.3703 -6.3683 0.0097 0.7067 17.3537 17.7547
192 -57.5863 -57.5763 -57.5603 -57.5583 -57.5583 -17.6023 -11.0773 -6.3833 -6.3763 0.0277 0.7277 17.1027 17.7087
193 -57.5853 -57.5763 -57.5603 -57.5583 -57.5583 -17.6013 -11.0703 -6.4063 -6.3893 0.0587 0.7627 16.8367 17.4617
194 -57.5853 -57.5753 -57.5603 -57.5583 -57.5583 -17.6003 -11.0613 -6.4373 -6.4083 0.0997 0.8117 16.5637 17.1787
195 -57.5853 -57.5753 -57.5603 -57.5583 -57.5583 -17.5993 -11.0503 -6.4773 -6.4313 0.1537 0.8737 16.2857 16.8757
196 -57.5853 -57.5753 -57.5603 -57.5593 -57.5583 -17.5973 -11.0363 -6.5243 -6.4593 0.2177 0.9487 16.0027 16.5627
197 -57.5853 -57.5753 -57.5603 -57.5593 -57.5583 -17.5963 -11.0193 -6.5793 -6.4913 0.2927 1.0357 15.7167 16.2437
198 -57.5853 -57.5753 -57.5603 -57.5593 -57.5583 -17.5933 -11.0003 -6.6413 -6.5273 0.3787 1.1347 15.4267 15.9217
199 -57.5853 -57.5753 -57.5603 -57.5593 -57.5583 -17.5913 -10.9783 -6.7093 -6.5663 0.4737 1.2447 15.1357 15.5977
200 -57.5843 -57.5753 -57.5603 -57.5593 -57.5583 -17.5883 -10.9533 -6.7823 -6.6083 0.5777 1.3657 14.8427 15.2727
201 -57.5843 -57.5753 -57.5613 -57.5603 -57.5583 -17.5863 -10.9263 -6.8613 -6.6523 0.6907 1.4967 14.5487 14.9477
202 -57.5843 -57.5753 -57.5613 -57.5603 -57.5583 -17.5833 -10.8973 -6.9443 -6.6993 0.8127 1.6367 14.2547 14.6237
203 -57.5843 -57.5753 -57.5613 -57.5603 -57.5583 -17.5803 -10.8653 -7.0313 -6.7463 0.9417 1.7857 13.9597 14.3007
204 -57.5833 -57.5753 -57.5613 -57.5613 -57.5583 -17.5763 -10.8303 -7.1213 -6.7953 1.0777 1.9437 13.6657 13.9787
205 -57.5833 -57.5743 -57.5613 -57.5613 -57.5583 -17.5733 -10.7933 -7.2153 -6.8443 1.2207 2.1087 13.3717 13.6577
206 -57.5833 -57.5743 -57.5613 -57.5613 -57.5583 -17.5693 -10.7543 -7.3113 -6.8943 1.3697 2.2817 13.0797 13.3377
207 -57.5823 -57.5743 -57.5623 -57.5613 -57.5583 -17.5663 -10.7123 -7.4093 -6.9433 1.5237 2.4617 12.7897 13.0197
208 -57.5823 -57.5743 -57.5623 -57.5613 -57.5583 -17.5623 -10.6673 -7.5083 -6.9923 1.6837 2.6477 12.5017 12.7037
209 -57.5813 -57.5743 -57.5623 -57.5623 -57.5583 -17.5583 -10.6213 -7.6093 -7.0413 1.8477 2.8407 12.2157 12.3887
210 -57.5813 -57.5743 -57.5633 -57.5623 -57.5583 -17.5553 -10.5713 -7.7113 -7.0883 2.0157 3.0397 11.9337 12.0767
211 -57.5813 -57.5733 -57.5633 -57.5623 -57.5583 -17.5513 -10.5193 -7.8143 -7.1333 2.1867 3.2437 11.6547 11.7657
212 -57.5803 -57.5733 -57.5643 -57.5623 -57.5583 -17.5483 -10.4653 -7.9173 -7.1773 2.3607 3.4537 11.3807 11.4567
213 -57.5803 -57.5733 -57.5643 -57.5623 -57.5583 -17.5443 -10.4093 -8.0203 -7.2203 2.5367 3.6687 11.1117 11.1497
214 -57.5793 -57.5733 -57.5653 -57.5623 -57.5583 -17.5413 -10.3503 -8.1233 -7.2603 2.7127 3.8877 10.8457 10.8477
215 -57.5793 -57.5733 -57.5653 -57.5633 -57.5583 -17.5383 -10.2893 -8.2263 -7.2983 2.8897 4.1127 10.5427 10.5907
216 -57.5783 -57.5733 -57.5663 -57.5633 -57.5583 -17.5343 -10.2253 -8.3293 -7.3333 3.0657 4.3407 10.2427 10.3417
217 -57.5783 -57.5733 -57.5663 -57.5633 -57.5583 -17.5323 -10.1593 -8.4303 -7.3663 3.2387 4.5737 9.9457 10.1007
218 -57.5773 -57.5723 -57.5673 -57.5633 -57.5583 -17.5293 -10.0913 -8.5313 -7.3973 3.4087 4.8107 9.6497 9.8707
219 -57.5773 -57.5723 -57.5673 -57.5633 -57.5583 -17.5263 -10.0213 -8.6313 -7.4243 3.5727 5.0517 9.3567 9.6527
220 -57.5763 -57.5723 -57.5683 -57.5633 -57.5583 -17.5243 -9.9483 -8.7303 -7.4483 3.7287 5.2967 9.0667 9.4487
221 -57.5763 -57.5723 -57.5693 -57.5633 -57.5583 -17.5223 -9.8743 -8.8283 -7.4703 3.8737 5.5457 8.7787 9.2617
222 -57.5753 -57.5723 -57.5693 -57.5633 -57.5583 -17.5213 -9.7973 -8.9243 -7.4883 4.0057 5.7977 8.4927 9.0947
223 -57.5743 -57.5723 -57.5703 -57.5643 -57.5583 -17.5193 -9.7183 -9.0193 -7.5033 4.1217 6.0527 8.2107 8.9507
224 -57.5743 -57.5723 -57.5703 -57.5643 -57.5583 -17.5183 -9.6373 -9.1133 -7.5153 4.2167 6.3117 7.9307 8.8337
225 -57.5733 -57.5723 -57.5713 -57.5643 -57.5583 -17.5173 -9.5543 -9.2043 -7.5233 4.2877 6.5737 7.6537 8.7467
226 -57.5733 -57.5723 -57.5713 -57.5643 -57.5583 -17.5173 -9.4703 -9.2953 -7.5283 4.3317 6.8397 7.3787 8.6937
227 -57.5723 -57.5723 -57.5723 -57.5643 -57.5583 -17.5173 -9.3833 -9.3833 -7.5303 4.3467 7.1077 7.1077 8.6757
228 -57.5723 -57.5723 -57.5723 -57.5643 -57.5583 -17.5173 -9.4403 -9.3273 -7.5253 4.3377 6.9307 7.2867 8.6867
229 -57.5733 -57.5723 -57.5713 -57.5643 -57.5583 -17.5193 -9.4953 -9.2743 -7.5123 4.3107 6.7597 7.4687 8.7177
230 -57.5733 -57.5723 -57.5713 -57.5643 -57.5583 -17.5223 -9.5483 -9.2263 -7.4893 4.2627 6.5997 7.6517 8.7667
231 -57.5743 -57.5713 -57.5703 -57.5643 -57.5583 -17.5263 -9.5993 -9.1833 -7.4563 4.1937 6.4557 7.8377 8.8307
232 -57.5743 -57.5713 -57.5703 -57.5643 -57.5583 -17.5313 -9.6483 -9.1453 -7.4133 4.1017 6.3277 8.0247 8.9077
233 -57.5753 -57.5713 -57.5703 -57.5643 -57.5583 -17.5373 -9.6953 -9.1143 -7.3603 3.9897 6.2177 8.2147 8.9957
234 -57.5753 -57.5713 -57.5693 -57.5643 -57.5583 -17.5433 -9.7413 -9.0893 -7.2963 3.8577 6.1237 8.4057 9.0957
235 -57.5763 -57.5713 -57.5693 -57.5633 -57.5583 -17.5493 -9.7843 -9.0703 -7.2243 3.7097 6.0457 8.5987 9.2057
236 -57.5763 -57.5713 -57.5693 -57.5633 -57.5593 -17.5563 -9.8253 -9.0563 -7.1433 3.5487 5.9807 8.7927 9.3237
237 -57.5763 -57.5713 -57.5683 -57.5633 -57.5593 -17.5643 -9.8643 -9.0463 -7.0563 3.3787 5.9257 8.9897 9.4497
238 -57.5773 -57.5713 -57.5683 -57.5633 -57.5593 -17.5713 -9.9013 -9.0413 -6.9623 3.2017 5.8807 9.1867 9.5837
239 -57.5773 -57.5713 -57.5673 -57.5633 -57.5593 -17.5793 -9.9363 -9.0383 -6.8643 3.0217 5.8417 9.3857 9.7227
240 -57.5773 -57.5713 -57.5673 -57.5633 -57.5593 -17.5863 -9.9693 -9.0383 -6.7623 2.8397 5.8087 9.5857 9.8677
241 -57.5783 -57.5713 -57.5673 -57.5633 -57.5593 -17.5933 -10.0003 -9.0413 -6.6583 2.6587 5.7807 9.7867 10.0177
242 -57.5783 -57.5713 -57.5663 -57.5633 -57.5593 -17.6013 -10.0293 -9.0453 -6.5533 2.4817 5.7557 9.9887 10.1707
243 -57.5783 -57.5713 -57.5663 -57.5633 -57.5593 -17.6073 -10.0553 -9.0503 -6.4483 2.3087 5.7347 10.1917 10.3267
244 -57.5793 -57.5713 -57.5663 -57.5633 -57.5593 -17.6143 -10.0803 -9.0553 -6.3453 2.1417 5.7157 10.3937 10.4847
245 -57.5793 -57.5713 -57.5653 -57.5633 -57.5603 -17.6203 -10.1023 -9.0613 -6.2453 1.9837 5.6987 10.5967 10.6437
246 -57.5793 -57.5713 -57.5653 -57.5633 -57.5603 -17.6263 -10.1233 -9.0673 -6.1493 1.8337 5.6837 10.7977 10.8017
247 -57.5793 -57.5713 -57.5653 -57.5633 -57.5603 -17.6313 -10.1413 -9.0733 -6.0583 1.6957 5.6707 10.9567 10.9977
248 -57.5803 -57.5713 -57.5643 -57.5633 -57.5603 -17.6363 -10.1573 -9.0793 -5.9733 1.5687 5.6597 11.1077 11.1947
249 -57.5803 -57.5713 -57.5643 -57.5633 -57.5603 -17.6403 -10.1713 -9.0843 -5.8973 1.4557 5.6497 11.2517 11.3867
250 -57.5803 -57.5713 -57.5643 -57.5633 -57.5613 -17.6443 -10.1833 -9.0893 -5.8303 1.3567 5.6417 11.3857 11.5717
251 -57.5803 -57.5713 -57.5643 -57.5633 -57.5613 -17.6473 -10.1923 -9.0933 -5.7733 1.2747 5.6347 11.5047 11.7457
252 -57.5803 -57.5713 -57.5633 -57.5633 -57.5613 -17.6493 -10.2003 -9.0963 -5.7283 1.2097 5.6297 11.6057 11.9007
253 -57.5803 -57.5713 -57.5633 -57.5633 -57.5613 -17.6513 -10.2053 -9.0983 -5.6953 1.1617 5.6267 11.6837 12.0287
254 -57.5803 -57.5713 -57.5633 -57.5633 -57.5613 -17.6523 -10.2093 -9.0993 -5.6743 1.1337 5.6247 11.7317 12.1147
255 -57.5803 -57.5713 -57.5633 -57.5633 -57.5613 -17.6523 -10.2103 -9.1003 -5.6683 1.1237 5.6237 11.7487 12.1457
