1 -15.28106 -6.58375 -6.58375 -4.52435
2 -15.28243 -6.59031 -6.57976 -4.51689
3 -15.28654 -6.60968 -6.56781 -4.49483
4 -15.29334 -6.64101 -6.54792 -4.45905
5 -15.30279 -6.68302 -6.52016 -4.41084
6 -15.31482 -6.73424 -6.48459 -4.35171
7 -15.32934 -6.79314 -6.44132 -4.28324
8 -15.34625 -6.85827 -6.39045 -4.20695
9 -15.36542 -6.9283 -6.33212 -4.12421
10 -15.38673 -7.0021 -6.26646 -4.03626
11 -15.41004 -7.07867 -6.19365 -3.94415
12 -15.43518 -7.15719 -6.11386 -3.8488
13 -15.46201 -7.23698 -6.02727 -3.75101
14 -15.49036 -7.31746 -5.93408 -3.65144
15 -15.52007 -7.39814 -5.8345 -3.5507
16 -15.55096 -7.47861 -5.72874 -3.44931
17 -15.58287 -7.55854 -5.61704 -3.3477
18 -15.61564 -7.63764 -5.49962 -3.24629
19 -15.64909 -7.71567 -5.37675 -3.14544
20 -15.68307 -7.79242 -5.24868 -3.04548
21 -15.71743 -7.86771 -5.11568 -2.94669
22 -15.752 -7.94139 -4.97804 -2.84934
23 -15.78665 -8.01333 -4.83607 -2.75369
24 -15.82124 -8.08341 -4.6901 -2.65995
25 -15.85563 -8.15154 -4.54046 -2.56832
26 -15.88969 -8.21763 -4.38755 -2.47899
27 -15.92331 -8.2816 -4.23174 -2.39214
28 -15.95638 -8.34339 -4.07348 -2.30791
29 -15.98878 -8.40294 -3.91323 -2.22645
30 -16.02042 -8.4602 -3.75149 -2.14788
31 -16.0512 -8.51512 -3.5888 -2.07232
32 -16.08103 -8.56767 -3.42575 -1.99986
33 -16.10985 -8.61781 -3.26296 -1.9306
34 -16.13756 -8.66552 -3.1011 -1.86461
35 -16.16411 -8.71075 -2.94089 -1.80197
36 -16.18943 -8.7535 -2.78309 -1.74273
37 -16.21346 -8.79374 -2.62851 -1.68695
38 -16.23616 -8.83145 -2.47798 -1.63466
39 -16.25746 -8.86661 -2.33237 -1.58589
40 -16.27734 -8.89922 -2.19259 -1.54068
41 -16.29576 -8.92925 -2.05955 -1.49905
42 -16.31267 -8.95671 -1.93416 -1.46102
43 -16.32806 -8.98157 -1.81733 -1.42659
44 -16.34188 -9.00384 -1.70997 -1.39578
45 -16.35414 -9.0235 -1.61293 -1.36859
46 -16.36479 -9.04055 -1.527 -1.34502
47 -16.37383 -9.05499 -1.45293 -1.32508
48 -16.38125 -9.06681 -1.39138 -1.30877
49 -16.38703 -9.076 -1.3429 -1.29608
50 -16.39116 -9.08257 -1.30794 -1.28702
51 -16.39364 -9.08651 -1.28683 -1.28158
52 -16.39447 -9.08782 -1.27977 -1.27977
53 -16.39734 -9.0825 -1.27906 -1.27906
54 -16.40592 -9.06654 -1.27695 -1.27695
55 -16.42014 -9.04004 -1.27343 -1.27343
56 -16.43984 -9.00314 -1.2685 -1.2685
57 -16.46485 -8.95603 -1.26218 -1.26218
58 -16.49494 -8.89895 -1.25448 -1.25448
59 -16.52984 -8.83216 -1.24539 -1.24539
60 -16.56926 -8.75597 -1.23494 -1.23494
61 -16.61288 -8.67071 -1.22314 -1.22314
62 -16.66037 -8.57673 -1.21 -1.21
63 -16.7114 -8.47437 -1.19554 -1.19554
64 -16.76562 -8.364 -1.17979 -1.17979
65 -16.82269 -8.24598 -1.16275 -1.16275
66 -16.88227 -8.12065 -1.14447 -1.14447
67 -16.94405 -7.98839 -1.12497 -1.12497
68 -17.0077 -7.84951 -1.10426 -1.10426
69 -17.07294 -7.70435 -1.0824 -1.0824
70 -17.13947 -7.55323 -1.0594 -1.0594
71 -17.20703 -7.39646 -1.03531 -1.03531
72 -17.27536 -7.23432 -1.01017 -1.01017
73 -17.34424 -7.06709 -0.98401 -0.98401
74 -17.41344 -6.89506 -0.95689 -0.95689
75 -17.48275 -6.71848 -0.92885 -0.92885
76 -17.55199 -6.53759 -0.89994 -0.89994
77 -17.62097 -6.35268 -0.87022 -0.87022
78 -17.68953 -6.16397 -0.83974 -0.83974
79 -17.75753 -5.97168 -0.80855 -0.80855
80 -17.82481 -5.77609 -0.77673 -0.77673
81 -17.89125 -5.57742 -0.74434 -0.74434
82 -17.95673 -5.3759 -0.71145 -0.71145
83 -18.02114 -5.17182 -0.67812 -0.67812
84 -18.08438 -4.96541 -0.64443 -0.64443
85 -18.14634 -4.75695 -0.61047 -0.61047
86 -18.20696 -4.54669 -0.5763 -0.5763
87 -18.26614 -4.33498 -0.54201 -0.54201
88 -18.3238 -4.12212 -0.50769 -0.50769
89 -18.3799 -3.90842 -0.47341 -0.47341
90 -18.43434 -3.69428 -0.43928 -0.43928
91 -18.48709 -3.48008 -0.40537 -0.40537
92 -18.53809 -3.26621 -0.37179 -0.37179
93 -18.58729 -3.05318 -0.33862 -0.33862
94 -18.63464 -2.84144 -0.30596 -0.30596
95 -18.68012 -2.63151 -0.2739 -0.2739
96 -18.72366 -2.42398 -0.24255 -0.24255
97 -18.76525 -2.21945 -0.21198 -0.21198
98 -18.80485 -2.01855 -0.1823 -0.1823
99 -18.84244 -1.82195 -0.1536 -0.1536
100 -18.87798 -1.63041 -0.12597 -0.12597
101 -18.91146 -1.44467 -0.0995 -0.0995
102 -18.94286 -1.26549 -0.07427 -0.07427
103 -18.97216 -1.09373 -0.05038 -0.05038
104 -18.99934 -0.93018 -0.0279 -0.0279
105 -19.0244 -0.7757 -0.00691 -0.00691
106 -19.0473 -0.63113 0.01251 0.01251
107 -19.06805 -0.4973 0.03031 0.03031
108 -19.08665 -0.375 0.04641 0.04641
109 -19.10307 -0.26503 0.06076 0.06076
110 -19.11731 -0.16811 0.0733 0.0733
111 -19.12937 -0.08488 0.08399 0.08399
112 -19.13924 -0.01593 0.09279 0.09279
113 -19.14692 0.03823 0.09968 0.09968
114 -19.15241 0.0772 0.10461 0.10461
115 -19.15571 0.10071 0.10758 0.10758
116 -19.1568 0.10857 0.10857 0.10857
117 -19.15571 0.10382 0.10604 0.10604
118 -19.15242 0.08959 0.09846 0.09846
119 -19.14695 0.06596 0.08586 0.08586
120 -19.13928 0.03303 0.0683 0.0683
121 -19.12943 -0.00902 0.04587 0.04587
122 -19.1174 -0.06001 0.01865 0.01865
123 -19.10318 -0.11968 -0.01324 -0.01324
124 -19.08679 -0.18777 -0.04965 -0.04965
125 -19.06822 -0.26397 -0.09043 -0.09043
126 -19.04748 -0.34795 -0.13541 -0.13541
127 -19.02458 -0.43935 -0.18441 -0.18441
128 -18.99952 -0.5378 -0.23723 -0.23723
129 -18.97231 -0.64292 -0.29366 -0.29366
130 -18.94295 -0.7543 -0.35348 -0.35348
131 -18.91147 -0.87154 -0.41648 -0.41648
132 -18.87786 -0.99425 -0.48242 -0.48242
133 -18.84214 -1.12201 -0.55106 -0.55106
134 -18.80432 -1.25444 -0.62218 -0.62218
135 -18.76441 -1.39114 -0.69554 -0.69554
136 -18.72244 -1.53174 -0.77089 -0.77089
137 -18.67842 -1.67587 -0.84802 -0.84802
138 -18.63236 -1.82318 -0.92668 -0.92668
139 -18.58429 -1.97333 -1.00666 -1.00666
140 -18.53424 -2.126 -1.08773 -1.08773
141 -18.48221 -2.28089 -1.16968 -1.16968
142 -18.42826 -2.4377 -1.2523 -1.2523
143 -18.37239 -2.59617 -1.33538 -1.33538
144 -18.31465 -2.75604 -1.41875 -1.41875
145 -18.25507 -2.91706 -1.5022 -1.5022
146 -18.19368 -3.07901 -1.58557 -1.58557
147 -18.13053 -3.24168 -1.66869 -1.66869
148 -18.06565 -3.40487 -1.7514 -1.7514
149 -17.99911 -3.56838 -1.83354 -1.83354
150 -17.93094 -3.73204 -1.91498 -1.91498
151 -17.8612 -3.89568 -1.99558 -1.99558
152 -17.78995 -4.05914 -2.07521 -2.07521
153 -17.71725 -4.22226 -2.15376 -2.15376
154 -17.64318 -4.38489 -2.23111 -2.23111
155 -17.56779 -4.54689 -2.30717 -2.30717
156 -17.49119 -4.70811 -2.38183 -2.38183
157 -17.41344 -4.8684 -2.45501 -2.45501
158 -17.33464 -5.02764 -2.52662 -2.52662
159 -17.25488 -5.18566 -2.59658 -2.59658
160 -17.17428 -5.34233 -2.66484 -2.66484
161 -17.09295 -5.49749 -2.73131 -2.73131
162 -17.01101 -5.651 -2.79593 -2.79593
163 -16.9286 -5.80268 -2.85866 -2.85866
164 -16.84585 -5.95236 -2.91944 -2.91944
165 -16.76292 -6.09988 -2.97822 -2.97822
166 -16.67998 -6.24504 -3.03497 -3.03497
167 -16.5972 -6.38764 -3.08963 -3.08963
168 -16.51477 -6.52748 -3.14217 -3.14217
169 -16.43291 -6.66433 -3.19256 -3.19256
170 -16.35182 -6.79797 -3.24078 -3.24078
171 -16.27174 -6.92812 -3.28678 -3.28678
172 -16.19292 -7.05455 -3.33056 -3.33056
173 -16.11564 -7.17695 -3.37207 -3.37207
174 -16.04016 -7.29504 -3.41131 -3.41131
175 -15.9668 -7.40851 -3.44825 -3.44825
176 -15.89586 -7.51703 -3.48288 -3.48288
177 -15.82766 -7.62026 -3.51518 -3.51518
178 -15.76256 -7.71786 -3.54513 -3.54513
179 -15.70088 -7.80946 -3.57273 -3.57273
180 -15.64299 -7.89471 -3.59797 -3.59797
181 -15.58925 -7.97324 -3.62083 -3.62083
182 -15.54 -8.04469 -3.6413 -3.6413
183 -15.49558 -8.10871 -3.65939 -3.65939
184 -15.45633 -8.16497 -3.67507 -3.67507
185 -15.42254 -8.21316 -3.68835 -3.68835
186 -15.39449 -8.25299 -3.69922 -3.69922
187 -15.37242 -8.28424 -3.70768 -3.70768
188 -15.35651 -8.30671 -3.71373 -3.71373
189 -15.3469 -8.32024 -3.71736 -3.71736
190 -15.34369 -8.32477 -3.71856 -3.71856
191 -15.34358 -8.32348 -3.72204 -3.72004
192 -15.34326 -8.31964 -3.73244 -3.72447
193 -15.34273 -8.31323 -3.74972 -3.73182
194 -15.34199 -8.30425 -3.77376 -3.74202
195 -15.34105 -8.29272 -3.80445 -3.75501
196 -15.33991 -8.27861 -3.84161 -3.77068
197 -15.33857 -8.26194 -3.88504 -3.78891
198 -15.33706 -8.2427 -3.93451 -3.80957
199 -15.33537 -8.22088 -3.98976 -3.83249
200 -15.33352 -8.1965 -4.05051 -3.85752
201 -15.33152 -8.16954 -4.11645 -3.88445
202 -15.32938 -8.14001 -4.18727 -3.9131
203 -15.32712 -8.10791 -4.26262 -3.94323
204 -15.32475 -8.07323 -4.34217 -3.97464
205 -15.32229 -8.03597 -4.42555 -4.00709
206 -15.31975 -7.99614 -4.51242 -4.04034
207 -15.31716 -7.95374 -4.60241 -4.07415
208 -15.31452 -7.90876 -4.69518 -4.10828
209 -15.31187 -7.86122 -4.79035 -4.14247
210 -15.30921 -7.81111 -4.88761 -4.17648
211 -15.30657 -7.75844 -4.9866 -4.21007
212 -15.30396 -7.70323 -5.087 -4.243
213 -15.30142 -7.64547 -5.18851 -4.27503
214 -15.29894 -7.58519 -5.29081 -4.30594
215 -15.29656 -7.52239 -5.39363 -4.33551
216 -15.2943 -7.4571 -5.49668 -4.36353
217 -15.29216 -7.38934 -5.59972 -4.38982
218 -15.29017 -7.31912 -5.70251 -4.41418
219 -15.28834 -7.24649 -5.80481 -4.43644
220 -15.2867 -7.17148 -5.90642 -4.45646
221 -15.28524 -7.09412 -6.00715 -4.4741
222 -15.28399 -7.01446 -6.10681 -4.48923
223 -15.28295 -6.93255 -6.20523 -4.50176
224 -15.28213 -6.84846 -6.30227 -4.51159
225 -15.28154 -6.76224 -6.39779 -4.51866
226 -15.28118 -6.67398 -6.49165 -4.52292
227 -15.28106 -6.58375 -6.58375 -4.52435
228 -15.28166 -6.64302 -6.5249 -4.52052
229 -15.28338 -6.70032 -6.46943 -4.50864
230 -15.28609 -6.75563 -6.41821 -4.48821
231 -15.28966 -6.80891 -6.37195 -4.45893
232 -15.29399 -6.86016 -6.33117 -4.42068
233 -15.29895 -6.90935 -6.29613 -4.37365
234 -15.30444 -6.95645 -6.26689 -4.31827
235 -15.31035 -7.00146 -6.24326 -4.25524
236 -15.31658 -7.04435 -6.22485 -4.18548
237 -15.32303 -7.08511 -6.21116 -4.11006
238 -15.32962 -7.12374 -6.20161 -4.03016
239 -15.33625 -7.16021 -6.19558 -3.947
240 -15.34286 -7.19451 -6.19249 -3.86182
241 -15.34936 -7.22664 -6.19176 -3.77581
242 -15.3557 -7.25659 -6.19288 -3.69018
243 -15.3618 -7.28435 -6.1954 -3.60601
244 -15.36761 -7.30991 -6.19891 -3.52439
245 -15.37308 -7.33327 -6.20307 -3.44629
246 -15.37817 -7.35442 -6.20759 -3.37266
247 -15.38283 -7.37335 -6.2122 -3.30436
248 -15.38702 -7.39006 -6.21671 -3.24215
249 -15.39072 -7.40456 -6.22094 -3.18675
250 -15.3939 -7.41683 -6.22474 -3.13879
251 -15.39652 -7.42687 -6.22799 -3.09879
252 -15.39859 -7.43468 -6.23062 -3.06721
253 -15.40007 -7.44026 -6.23254 -3.04441
254 -15.40097 -7.44361 -6.23371 -3.03062
255 -15.40126 -7.44473 -6.2341 -3.02601
