1 -16.021 -16.021 -12.382 -12.382 6.566 6.566 8.259 8.259
2 -16.134 -15.913 -12.482 -12.272 6.469 6.648 8.226 8.31
3 -16.25 -15.81 -12.573 -12.155 6.362 6.712 8.216 8.376
4 -16.368 -15.716 -12.651 -12.031 6.248 6.752 8.233 8.453
5 -16.488 -15.631 -12.715 -11.902 6.13 6.768 8.276 8.538
6 -16.608 -15.557 -12.763 -11.769 6.01 6.762 8.345 8.631
7 -16.729 -15.497 -12.792 -11.631 5.889 6.735 8.436 8.728
8 -16.849 -15.452 -12.802 -11.49 5.767 6.693 8.543 8.83
9 -16.968 -15.424 -12.791 -11.346 5.649 6.64 8.664 8.934
10 -17.086 -15.412 -12.758 -11.199 5.533 6.578 8.792 9.041
11 -17.203 -15.417 -12.704 -11.051 5.42 6.51 8.926 9.151
12 -17.319 -15.437 -12.63 -10.901 5.31 6.438 9.059 9.261
13 -17.432 -15.47 -12.539 -10.75 5.204 6.364 9.19 9.372
14 -17.544 -15.514 -12.431 -10.598 5.102 6.288 9.316 9.484
15 -17.654 -15.568 -12.309 -10.446 5.004 6.212 9.432 9.596
16 -17.761 -15.629 -12.176 -10.293 4.911 6.135 9.534 9.708
17 -17.866 -15.696 -12.032 -10.14 4.823 6.059 9.619 9.819
18 -17.969 -15.767 -11.879 -9.988 4.739 5.983 9.682 9.93
19 -18.069 -15.841 -11.719 -9.836 4.661 5.908 9.718 10.04
20 -18.166 -15.918 -11.553 -9.686 4.588 5.835 9.723 10.148
21 -18.261 -15.995 -11.381 -9.536 4.519 5.763 9.695 10.254
22 -18.353 -16.073 -11.204 -9.389 4.457 5.692 9.633 10.359
23 -18.443 -16.151 -11.024 -9.243 4.4 5.623 9.538 10.462
24 -18.53 -16.228 -10.841 -9.099 4.349 5.556 9.411 10.562
25 -18.613 -16.304 -10.655 -8.958 4.304 5.491 9.259 10.659
26 -18.695 -16.379 -10.467 -8.819 4.264 5.427 9.083 10.752
27 -18.773 -16.453 -10.277 -8.684 4.229 5.365 8.889 10.842
28 -18.848 -16.524 -10.086 -8.552 4.2 5.306 8.68 10.927
29 -18.92 -16.594 -9.895 -8.423 4.176 5.248 8.458 11.009
30 -18.99 -16.662 -9.704 -8.298 4.158 5.193 8.23 11.086
31 -19.056 -16.727 -9.513 -8.177 4.145 5.14 7.997 11.158
32 -19.12 -16.79 -9.324 -8.061 4.136 5.088 7.761 11.225
33 -19.18 -16.85 -9.135 -7.948 4.133 5.039 7.523 11.287
34 -19.238 -16.907 -8.949 -7.841 4.134 4.992 7.287 11.343
35 -19.292 -16.962 -8.766 -7.739 4.139 4.948 7.053 11.394
36 -19.344 -17.014 -8.586 -7.641 4.148 4.905 6.822 11.44
37 -19.392 -17.063 -8.41 -7.549 4.161 4.864 6.597 11.479
38 -19.437 -17.109 -8.239 -7.462 4.177 4.825 6.379 11.514
39 -19.479 -17.152 -8.074 -7.381 4.194 4.788 6.169 11.543
40 -19.518 -17.192 -7.915 -7.306 4.214 4.753 5.969 11.567
41 -19.554 -17.229 -7.764 -7.236 4.235 4.718 5.78 11.587
42 -19.587 -17.263 -7.621 -7.172 4.257 4.685 5.603 11.602
43 -19.617 -17.294 -7.488 -7.115 4.279 4.653 5.442 11.614
44 -19.643 -17.322 -7.365 -7.063 4.301 4.62 5.296 11.622
45 -19.667 -17.346 -7.254 -7.017 4.322 4.587 5.169 11.628
46 -19.687 -17.367 -7.154 -6.977 4.341 4.553 5.061 11.631
47 -19.704 -17.385 -7.069 -6.943 4.359 4.518 4.974 11.633
48 -19.718 -17.4 -6.997 -6.915 4.374 4.483 4.908 11.634
49 -19.729 -17.411 -6.941 -6.894 4.386 4.451 4.86 11.634
50 -19.737 -17.419 -6.9 -6.878 4.395 4.425 4.828 11.634
51 -19.742 -17.424 -6.874 -6.869 4.401 4.409 4.81 11.635
52 -19.743 -17.426 -6.866 -6.866 4.403 4.403 4.804 11.635
53 -19.761 -17.406 -6.865 -6.865 4.403 4.403 4.804 11.635
54 -19.81 -17.348 -6.862 -6.862 4.402 4.402 4.802 11.63
55 -19.888 -17.256 -6.857 -6.857 4.401 4.401 4.799 11.626
56 -19.989 -17.136 -6.849 -6.849 4.4 4.4 4.795 11.62
57 -20.107 -16.993 -6.84 -6.84 4.399 4.399 4.79 11.613
58 -20.238 -16.832 -6.828 -6.828 4.397 4.397 4.784 11.604
59 -20.377 -16.656 -6.814 -6.814 4.394 4.394 4.776 11.593
60 -20.522 -16.469 -6.798 -6.798 4.391 4.391 4.767 11.58
61 -20.672 -16.273 -6.78 -6.78 4.388 4.388 4.757 11.566
62 -20.824 -16.068 -6.76 -6.76 4.383 4.383 4.746 11.549
63 -20.977 -15.857 -6.737 -6.737 4.377 4.377 4.734 11.53
64 -21.131 -15.64 -6.713 -6.713 4.37 4.37 4.72 11.509
65 -21.284 -15.418 -6.686 -6.686 4.362 4.362 4.705 11.485
66 -21.437 -15.191 -6.658 -6.658 4.352 4.352 4.689 11.457
67 -21.588 -14.96 -6.627 -6.627 4.341 4.341 4.671 11.428
68 -21.738 -14.726 -6.594 -6.594 4.328 4.328 4.652 11.397
69 -21.886 -14.488 -6.56 -6.56 4.312 4.312 4.631 11.363
70 -22.032 -14.247 -6.523 -6.523 4.295 4.295 4.609 11.326
71 -22.176 -14.003 -6.484 -6.484 4.275 4.275 4.585 11.286
72 -22.318 -13.757 -6.443 -6.443 4.253 4.253 4.559 11.244
73 -22.457 -13.508 -6.401 -6.401 4.227 4.227 4.532 11.199
74 -22.593 -13.256 -6.356 -6.356 4.199 4.199 4.503 11.152
75 -22.727 -13.003 -6.31 -6.31 4.168 4.168 4.472 11.103
76 -22.858 -12.747 -6.261 -6.261 4.133 4.133 4.438 11.049
77 -22.987 -12.49 -6.211 -6.211 4.096 4.096 4.403 10.995
78 -23.112 -12.231 -6.159 -6.159 4.054 4.054 4.366 10.939
79 -23.235 -11.97 -6.106 -6.106 4.008 4.008 4.327 10.881
80 -23.354 -11.708 -6.05 -6.05 3.96 3.96 4.285 10.822
81 -23.471 -11.445 -5.993 -5.993 3.908 3.908 4.241 10.761
82 -23.584 -11.18 -5.935 -5.935 3.852 3.852 4.194 10.699
83 -23.695 -10.915 -5.875 -5.875 3.792 3.792 4.145 10.636
84 -23.802 -10.649 -5.813 -5.813 3.729 3.729 4.093 10.573
85 -23.906 -10.382 -5.75 -5.75 3.662 3.662 4.037 10.509
86 -24.007 -10.115 -5.686 -5.686 3.592 3.592 3.979 10.445
87 -24.105 -9.848 -5.62 -5.62 3.519 3.519 3.918 10.381
88 -24.2 -9.58 -5.554 -5.554 3.442 3.442 3.854 10.317
89 -24.292 -9.313 -5.486 -5.486 3.363 3.363 3.786 10.254
90 -24.38 -9.047 -5.418 -5.418 3.281 3.281 3.715 10.192
91 -24.465 -8.781 -5.349 -5.349 3.196 3.196 3.64 10.13
92 -24.547 -8.516 -5.279 -5.279 3.11 3.11 3.562 10.07
93 -24.625 -8.253 -5.209 -5.209 3.022 3.022 3.48 10.011
94 -24.701 -7.991 -5.138 -5.138 2.933 2.933 3.395 9.953
95 -24.773 -7.732 -5.068 -5.068 2.842 2.842 3.307 9.897
96 -24.842 -7.474 -4.997 -4.997 2.751 2.751 3.214 9.843
97 -24.907 -7.22 -4.927 -4.927 2.66 2.66 3.119 9.791
98 -24.969 -6.969 -4.857 -4.857 2.569 2.569 3.021 9.741
99 -25.028 -6.722 -4.788 -4.788 2.478 2.478 2.92 9.693
100 -25.083 -6.479 -4.721 -4.721 2.389 2.389 2.816 9.647
101 -25.136 -6.241 -4.654 -4.654 2.302 2.302 2.711 9.604
102 -25.184 -6.01 -4.589 -4.589 2.217 2.217 2.604 9.564
103 -25.23 -5.785 -4.526 -4.526 2.134 2.134 2.496 9.526
104 -25.272 -5.568 -4.466 -4.466 2.055 2.055 2.388 9.491
105 -25.311 -5.36 -4.409 -4.409 1.979 1.979 2.281 9.458
106 -25.346 -5.162 -4.355 -4.355 1.908 1.908 2.176 9.428
107 -25.378 -4.974 -4.304 -4.304 1.841 1.841 2.073 9.401
108 -25.407 -4.8 -4.257 -4.257 1.78 1.78 1.975 9.377
109 -25.432 -4.64 -4.215 -4.215 1.724 1.724 1.882 9.355
110 -25.454 -4.497 -4.177 -4.177 1.675 1.675 1.797 9.337
111 -25.473 -4.371 -4.144 -4.144 1.634 1.634 1.722 9.321
112 -25.488 -4.265 -4.117 -4.117 1.598 1.598 1.657 9.308
113 -25.5 -4.18 -4.095 -4.095 1.57 1.57 1.604 9.298
114 -25.508 -4.117 -4.08 -4.08 1.55 1.55 1.566 9.291
115 -25.513 -4.08 -4.07 -4.07 1.538 1.538 1.542 9.287
116 -25.515 -4.067 -4.067 -4.067 1.534 1.534 1.534 9.285
117 -25.513 -4.075 -4.075 -4.071 1.533 1.543 1.543 9.287
118 -25.508 -4.096 -4.096 -4.084 1.529 1.569 1.569 9.291
119 -25.5 -4.132 -4.132 -4.105 1.522 1.612 1.612 9.298
120 -25.488 -4.182 -4.182 -4.135 1.512 1.671 1.671 9.307
121 -25.473 -4.243 -4.243 -4.172 1.5 1.745 1.745 9.318
122 -25.454 -4.318 -4.318 -4.218 1.484 1.833 1.833 9.331
123 -25.432 -4.401 -4.401 -4.271 1.467 1.936 1.936 9.345
124 -25.407 -4.494 -4.494 -4.332 1.447 2.05 2.05 9.359
125 -25.379 -4.595 -4.595 -4.402 1.425 2.176 2.176 9.373
126 -25.347 -4.704 -4.704 -4.478 1.401 2.311 2.311 9.385
127 -25.311 -4.818 -4.818 -4.561 1.375 2.455 2.455 9.395
128 -25.273 -4.938 -4.938 -4.651 1.347 2.608 2.608 9.402
129 -25.231 -5.061 -5.061 -4.748 1.317 2.768 2.768 9.404
130 -25.185 -5.189 -5.189 -4.851 1.285 2.934 2.934 9.4
131 -25.137 -5.32 -5.32 -4.961 1.252 3.106 3.106 9.388
132 -25.084 -5.453 -5.453 -5.077 1.218 3.283 3.283 9.367
133 -25.029 -5.587 -5.587 -5.198 1.182 3.464 3.464 9.337
134 -24.97 -5.723 -5.723 -5.326 1.144 3.649 3.649 9.294
135 -24.908 -5.86 -5.86 -5.458 1.106 3.838 3.838 9.239
136 -24.843 -5.998 -5.998 -5.596 1.067 4.031 4.031 9.17
137 -24.774 -6.136 -6.136 -5.739 1.027 4.226 4.226 9.086
138 -24.702 -6.273 -6.273 -5.887 0.986 4.423 4.423 8.987
139 -24.627 -6.41 -6.41 -6.039 0.945 4.622 4.622 8.873
140 -24.549 -6.547 -6.547 -6.196 0.904 4.824 4.824 8.744
141 -24.467 -6.683 -6.683 -6.358 0.862 5.027 5.027 8.601
142 -24.382 -6.817 -6.817 -6.523 0.82 5.231 5.231 8.444
143 -24.294 -6.95 -6.95 -6.692 0.779 5.437 5.437 8.275
144 -24.202 -7.082 -7.082 -6.865 0.737 5.643 5.643 8.095
145 -24.107 -7.213 -7.213 -7.042 0.696 5.851 5.851 7.905
146 -24.009 -7.342 -7.342 -7.223 0.655 6.058 6.058 7.707
147 -23.908 -7.469 -7.469 -7.407 0.615 6.267 6.267 7.502
148 -23.803 -7.594 -7.594 -7.594 0.576 6.475 6.475 7.293
149 -23.696 -7.784 -7.717 -7.717 0.537 6.684 6.684 7.079
150 -23.585 -7.977 -7.838 -7.838 0.5 6.862 6.892 6.892
151 -23.471 -8.173 -7.956 -7.956 0.463 6.643 7.101 7.101
152 -23.354 -8.372 -8.073 -8.073 0.427 6.424 7.309 7.309
153 -23.233 -8.574 -8.187 -8.187 0.393 6.204 7.516 7.516
154 -23.11 -8.778 -8.298 -8.298 0.36 5.985 7.723 7.723
155 -22.984 -8.985 -8.407 -8.407 0.329 5.768 7.929 7.929
156 -22.854 -9.193 -8.514 -8.514 0.299 5.552 8.134 8.134
157 -22.721 -9.404 -8.617 -8.617 0.27 5.339 8.338 8.338
158 -22.586 -9.618 -8.719 -8.719 0.244 5.129 8.541 8.541
159 -22.447 -9.833 -8.817 -8.817 0.219 4.921 8.742 8.742
160 -22.305 -10.05 -8.913 -8.913 0.195 4.718 8.941 8.941
161 -22.16 -10.268 -9.006 -9.006 0.174 4.518 9.138 9.138
162 -22.013 -10.488 -9.096 -9.096 0.155 4.322 9.334 9.334
163 -21.862 -10.711 -9.183 -9.183 0.138 4.13 9.527 9.527
164 -21.709 -10.934 -9.267 -9.267 0.123 3.942 9.718 9.718
165 -21.552 -11.158 -9.348 -9.348 0.11 3.76 9.906 9.906
166 -21.393 -11.383 -9.427 -9.427 0.1 3.582 10.091 10.091
167 -21.231 -11.609 -9.502 -9.502 0.092 3.408 10.272 10.272
168 -21.066 -11.837 -9.574 -9.574 0.087 3.239 10.45 10.45
169 -20.898 -12.064 -9.643 -9.643 0.084 3.076 10.625 10.625
170 -20.728 -12.293 -9.71 -9.71 0.083 2.917 10.795 10.795
171 -20.555 -12.522 -9.773 -9.773 0.086 2.762 10.961 10.961
172 -20.379 -12.751 -9.833 -9.833 0.09 2.613 11.123 11.123
173 -20.2 -12.981 -9.889 -9.889 0.098 2.468 11.278 11.278
174 -20.019 -13.211 -9.943 -9.943 0.109 2.328 11.428 11.428
175 -19.836 -13.44 -9.994 -9.994 0.122 2.194 11.572 11.572
176 -19.65 -13.67 -10.041 -10.041 0.139 2.063 11.709 11.709
177 -19.461 -13.899 -10.085 -10.085 0.158 1.938 11.839 11.839
178 -19.271 -14.128 -10.126 -10.126 0.181 1.817 11.962 11.962
179 -19.077 -14.357 -10.163 -10.163 0.206 1.701 12.077 12.077
180 -18.882 -14.585 -10.198 -10.198 0.235 1.59 12.184 12.184
181 -18.684 -14.813 -10.229 -10.229 0.268 1.483 12.283 12.283
182 -18.484 -15.039 -10.257 -10.257 0.303 1.38 12.372 12.372
183 -18.282 -15.265 -10.281 -10.281 0.342 1.282 12.452 12.452
184 -18.078 -15.49 -10.303 -10.303 0.385 1.189 12.523 12.523
185 -17.871 -15.713 -10.321 -10.321 0.43 1.1 12.582 12.582
186 -17.663 -15.936 -10.336 -10.336 0.48 1.015 12.631 12.631
187 -17.453 -16.157 -10.347 -10.347 0.533 0.934 12.67 12.67
188 -17.241 -16.377 -10.356 -10.356 0.59 0.857 12.698 12.698
189 -17.028 -16.595 -10.361 -10.361 0.651 0.784 12.715 12.715
190 -16.812 -16.812 -10.362 -10.362 0.716 0.716 12.72 12.72
191 -16.811 -16.811 -10.366 -10.366 0.723 0.723 12.717 12.717
192 -16.808 -16.808 -10.378 -10.378 0.744 0.744 12.708 12.708
193 -16.803 -16.803 -10.396 -10.396 0.779 0.779 12.692 12.692
194 -16.795 -16.795 -10.423 -10.423 0.827 0.827 12.669 12.669
195 -16.785 -16.785 -10.456 -10.456 0.89 0.89 12.64 12.64
196 -16.773 -16.773 -10.496 -10.496 0.965 0.965 12.604 12.604
197 -16.76 -16.76 -10.542 -10.542 1.053 1.053 12.56 12.56
198 -16.744 -16.744 -10.595 -10.595 1.153 1.153 12.51 12.51
199 -16.726 -16.726 -10.652 -10.652 1.265 1.265 12.452 12.452
200 -16.706 -16.706 -10.715 -10.715 1.389 1.389 12.387 12.387
201 -16.685 -16.685 -10.782 -10.782 1.523 1.523 12.313 12.313
202 -16.661 -16.661 -10.853 -10.853 1.668 1.668 12.231 12.231
203 -16.636 -16.636 -10.928 -10.928 1.823 1.823 12.141 12.141
204 -16.61 -16.61 -11.005 -11.005 1.987 1.987 12.042 12.042
205 -16.582 -16.582 -11.085 -11.085 2.16 2.16 11.935 11.935
206 -16.553 -16.553 -11.167 -11.167 2.341 2.341 11.818 11.818
207 -16.522 -16.522 -11.249 -11.249 2.529 2.529 11.692 11.692
208 -16.491 -16.491 -11.333 -11.333 2.724 2.724 11.558 11.558
209 -16.458 -16.458 -11.417 -11.417 2.927 2.927 11.414 11.414
210 -16.425 -16.425 -11.5 -11.5 3.135 3.135 11.261 11.261
211 -16.391 -16.391 -11.583 -11.583 3.349 3.349 11.1 11.1
212 -16.358 -16.358 -11.664 -11.664 3.567 3.567 10.93 10.93
213 -16.324 -16.324 -11.743 -11.743 3.79 3.79 10.753 10.753
214 -16.29 -16.29 -11.82 -11.82 4.017 4.017 10.566 10.566
215 -16.257 -16.257 -11.894 -11.894 4.247 4.247 10.374 10.374
216 -16.225 -16.225 -11.965 -11.965 4.48 4.48 10.176 10.176
217 -16.194 -16.194 -12.031 -12.031 4.714 4.714 9.973 9.973
218 -16.165 -16.165 -12.093 -12.093 4.949 4.949 9.765 9.765
219 -16.137 -16.137 -12.151 -12.151 5.183 5.183 9.555 9.555
220 -16.112 -16.112 -12.203 -12.203 5.415 5.416 9.343 9.343
221 -16.089 -16.089 -12.249 -12.249 5.644 5.644 9.132 9.132
222 -16.069 -16.069 -12.288 -12.288 5.864 5.864 8.926 8.926
223 -16.052 -16.052 -12.321 -12.321 6.074 6.074 8.73 8.73
224 -16.039 -16.039 -12.347 -12.347 6.264 6.264 8.55 8.55
225 -16.029 -16.029 -12.366 -12.366 6.42 6.42 8.4 8.4
226 -16.023 -16.023 -12.378 -12.378 6.527 6.527 8.296 8.296
227 -16.021 -16.021 -12.382 -12.382 6.566 6.566 8.259 8.259
228 -16.091 -15.954 -12.448 -12.308 6.473 6.621 8.266 8.291
229 -16.159 -15.897 -12.513 -12.222 6.318 6.667 8.333 8.335
230 -16.224 -15.849 -12.576 -12.126 6.12 6.706 8.385 8.447
231 -16.286 -15.81 -12.637 -12.02 5.894 6.736 8.446 8.586
232 -16.346 -15.778 -12.695 -11.904 5.65 6.76 8.515 8.743
233 -16.404 -15.753 -12.752 -11.781 5.399 6.776 8.593 8.91
234 -16.458 -15.735 -12.806 -11.651 5.143 6.788 8.678 9.083
235 -16.511 -15.721 -12.858 -11.515 4.886 6.794 8.768 9.259
236 -16.561 -15.712 -12.907 -11.374 4.63 6.797 8.863 9.437
237 -16.608 -15.707 -12.954 -11.231 4.376 6.796 8.961 9.613
238 -16.653 -15.706 -12.999 -11.086 4.127 6.792 9.062 9.787
239 -16.695 -15.707 -13.041 -10.939 3.883 6.787 9.165 9.959
240 -16.735 -15.709 -13.081 -10.794 3.646 6.78 9.268 10.126
241 -16.772 -15.714 -13.119 -10.649 3.417 6.773 9.372 10.289
242 -16.806 -15.719 -13.154 -10.507 3.197 6.764 9.475 10.445
243 -16.838 -15.726 -13.186 -10.37 2.987 6.754 9.575 10.594
244 -16.868 -15.732 -13.216 -10.237 2.788 6.745 9.672 10.735
245 -16.895 -15.739 -13.244 -10.111 2.6 6.736 9.765 10.868
246 -16.919 -15.746 -13.268 -9.992 2.427 6.728 9.854 10.991
247 -16.941 -15.753 -13.291 -9.882 2.268 6.72 9.938 11.104
248 -16.96 -15.759 -13.31 -9.781 2.124 6.713 10.014 11.206
249 -16.977 -15.765 -13.327 -9.691 1.997 6.707 10.084 11.296
250 -16.991 -15.77 -13.342 -9.613 1.888 6.701 10.144 11.374
251 -17.002 -15.774 -13.354 -9.548 1.797 6.697 10.195 11.438
252 -17.011 -15.777 -13.363 -9.496 1.726 6.693 10.236 11.489
253 -17.018 -15.78 -13.369 -9.458 1.674 6.69 10.266 11.525
254 -17.021 -15.781 -13.373 -9.435 1.643 6.689 10.284 11.547
255 -17.023 -15.782 -13.375 -9.428 1.633 6.688 10.29 11.554
