1 -16.610103 -16.609623 -13.094783 -13.094712999999999 6.650817 6.650877000000001 8.318327 8.319487 20.390257000000002 20.390457 30.622607000000002 30.623777000000004 48.225537 48.228107 56.168287 56.169277 67.03715700000001 67.041177
2 -16.720293 -16.503933 -13.194113 -12.986593 6.5355370000000015 6.745987000000001 8.294547000000001 8.366947000000001 20.243967 20.528517 30.304277 30.946997000000003 48.033927 48.413627 55.646877 56.677897 66.748397 67.325317
3 -16.834003 -16.403993 -13.283123 -12.870982999999999 6.406117 6.814887000000001 8.299377 8.433087 20.089577000000002 20.658387 29.992247 31.273367 47.836737 48.592347000000004 55.115807000000004 57.170197 66.456977 67.603737
4 -16.949933 -16.311783000000002 -13.359993 -12.749032999999999 6.267647 6.853447000000001 8.336807 8.512687000000001 19.927687000000002 20.780027 29.688907 31.599646999999997 47.636817 48.760877 54.579247 57.640897 66.170087 67.872067
5 -17.067243 -16.229223 -13.422723 -12.621692999999999 6.1239370000000015 6.861417000000001 8.406297 8.602267000000001 19.758977 20.893667 29.395667 31.922997000000002 47.435257 48.917057 54.041017000000004 58.084197 65.894367 68.128477
6 -17.185253 -16.158383 -13.469213 -12.489752999999999 5.977827000000001 6.842387 8.503357000000001 8.699287 19.584447 20.999587000000002 29.113677 32.240277 47.232587 49.058617 53.505497 58.492817 65.638307 68.371567
7 -17.303373 -16.101243 -13.497433 -12.353912999999999 5.831377 6.801937000000001 8.621287 8.801907 19.405387 21.098177 28.843857 32.548117 47.028457 49.183257 52.978007 58.857597 65.412507 68.600237
8 -17.421153 -16.059473 -13.505663 -12.214753 5.686097 6.745697 8.753217000000001 8.908827 19.223407 21.189847 28.586807 32.843077 46.821227 49.288617 52.464997000000004 59.167827 65.229527 68.813687
9 -17.538203 -16.034173 -13.492802999999999 -12.072802999999999 5.543146999999999 6.678317 8.893007 9.019037 19.040487000000002 21.275067 28.342947000000002 33.121537000000004 46.607717 49.372247 51.974637 59.411967000000004 65.102927 69.011257
10 -17.654193 -16.025613 -13.458553 -11.928512999999999 5.403387 6.603277 9.035507 9.131777000000001 18.858947 21.354307000000002 28.112437 33.379977000000004 46.382707 49.431657 51.516857 59.580097 65.044907 69.192507
11 -17.768863 -16.033233 -13.403473 -11.782302999999999 5.2674769999999995 6.523087 9.176267000000001 9.246477 18.681437 21.428077000000002 27.895247 33.615037 46.138957 49.464287 51.103427 59.667127 65.062977 69.357087
12 -17.881983 -16.055713 -13.328883 -11.634552999999999 5.1359770000000005 6.439547000000001 9.311277 9.362637000000001 18.511027000000002 21.496837 27.691237 33.823607 45.867827 49.467557 50.747287 59.675577000000004 65.157167 69.504737
13 -17.993373000000002 -16.091223 -13.236623 -11.485622999999999 5.009307 6.3539270000000005 9.436847 9.479847000000001 18.351027000000002 21.561107 27.500117 34.003067 45.560557 49.438907 50.460857 59.615717000000004 65.319817 69.635267
14 -18.102873 -16.137733 -13.128743 -11.335833 4.887786999999999 6.267157000000001 9.549397 9.597797 18.205027 21.621347 27.321497 34.151427 45.210507 49.375877 50.253807 59.502867 65.538117 69.748577
15 -18.210333 -16.193193 -13.007333 -11.185523 4.771707000000001 6.179937000000001 9.645457 9.716137 18.076787 21.678017 27.154947 34.267377 44.814997 49.276227 50.131157 59.353807 65.797597 69.84459700000001
16 -18.315642999999998 -16.255723 -12.874312999999999 -11.034982999999999 4.661296999999999 6.092777 9.721727000000001 9.834607 17.970077 21.731587 26.999987 34.350407000000004 44.375767 49.138067 50.092527000000004 59.184057 66.084717 69.923317
17 -18.418693 -16.323653 -12.731392999999999 -10.884533 4.556727 6.006077000000001 9.775177000000001 9.952937 17.888477 21.782477 26.856117 34.400797 43.898107 48.960027000000004 50.133197 59.006597 66.387947 69.984797
18 -18.519413 -16.395563 -12.580072999999999 -10.734442999999999 4.458137000000001 5.920147 9.803217 10.070887 17.835217 21.831107 26.722877 34.419567 43.389167 48.741387 50.245777000000004 58.831557000000004 66.697947 70.029137
19 -18.617703 -16.470273 -12.421603 -10.585013 4.365647000000001 5.8352270000000015 9.803887000000001 10.188217 17.812877 21.877867000000002 26.599777 34.408327 42.856327 48.482137 50.421827 58.666427 67.007297 70.056517
20 -18.713513 -16.546793 -12.257083 -10.436542999999999 4.279327 5.751527000000001 9.776037 10.304667 17.823257 21.923147 26.486417 34.369197 42.306567 48.183127 50.652857 58.516407 67.310037 70.067207
21 -18.806773 -16.624323 -12.087403 -10.289302999999999 4.1992270000000005 5.6691769999999995 9.719417 10.420017000000001 17.867217 21.967317 26.382417 34.304617 41.745827 47.845907000000004 50.930827 58.384767000000004 67.60144700000001 70.06155700000001
22 -18.897433 -16.702203 -11.913352999999999 -10.143583 4.125377 5.588317 9.634687000000001 10.534037000000001 17.944687000000002 22.010707 26.287447 34.217167 41.179137 47.472677 51.248387 58.273237 67.877707 70.040027
23 -18.985433 -16.779873 -11.735643 -9.999663 4.057767 5.509037000000001 9.523327 10.646487 18.054687 22.053647 26.201277 34.109527 40.610747 47.066217 51.598767 58.182417 68.135677 70.003227
24 -19.070753 -16.856883 -11.554863 -9.857813 3.9963770000000003 5.431426999999999 9.387487 10.757127 18.195527000000002 22.096467 26.123717 33.984277 40.044147 46.629567 51.975857 58.111997 68.372887 69.951847
25 -19.153333 -16.932853 -11.371583 -9.718333 3.941137 5.355527 9.229757000000001 10.865727000000001 18.364987 22.139447 26.054707 33.843887 39.482327 46.165957 52.374047 58.061117 68.587367 69.886787
26 -19.233143 -17.007473 -11.186333 -9.581493 3.891987 5.281397 9.053017 10.972037 18.560487000000002 22.182877 25.994227000000002 33.690637 38.927847 45.678657 52.788207 58.028547 68.777587 69.809057
27 -19.310163 -17.080483 -10.999583 -9.447543 3.8488070000000003 5.209037 8.860207 11.075837 18.779317 22.227007 25.942427000000002 33.526587 38.382887000000004 45.170777 53.213627 58.012877 68.942497 69.719837
28 -19.384353 -17.151643 -10.811843 -9.316783 3.8114570000000003 5.138467 8.654247 11.176877000000001 19.018597 22.272087 25.899557 33.353597 37.849497 44.645367 53.645887 58.012617 69.081407 69.620507
29 -19.455683 -17.220763 -10.623562999999999 -9.189453 3.7797870000000002 5.069656999999999 8.437927 11.274937000000001 19.275497 22.318327 25.866027 33.173247 37.329447 44.105137 54.080927 58.026287 69.19407700000001 69.51257700000001
30 -19.524133 -17.287693 -10.435233 -9.065802999999999 3.7535770000000004 5.0025770000000005 8.213877 11.369777000000001 19.547207 22.365927 25.842447 32.986877 36.824397 43.552567 54.514927 58.052477 69.280587 69.397697
31 -19.589672999999998 -17.352293 -10.247363 -8.946102999999999 3.7326270000000004 4.937157000000001 7.984567 11.461187 19.830817 22.415057 25.829647 32.795637 36.336007 42.989987 54.944237 58.089827 69.277717 69.341417
32 -19.652303 -17.414423 -10.060452999999999 -8.830563 3.7166670000000006 4.873327 7.752287000000001 11.548967000000001 20.123437 22.465857 25.828727 32.600377 35.865817 42.419367 55.365507 58.137067 69.154557 69.377367
33 -19.711973 -17.473993 -9.875053 -8.719422999999999 3.7054070000000006 4.8109470000000005 7.519157 11.632897 20.422007 22.518417 25.841127 32.401797 35.415407 41.842517 55.775517 58.192997 69.030247 69.389577
34 -19.768693 -17.530913 -9.691743 -8.612883 3.698527 4.749887000000001 7.2872270000000015 11.712817000000001 20.723237 22.572807 25.868667000000002 32.200347 34.986337 41.261047 56.171277 58.256497 68.906867 69.379467
35 -19.822433 -17.585093 -9.511123 -8.511153 3.695687 4.689927000000001 7.058397000000001 11.788557 21.023627 22.629027 25.913597 31.996337000000004 34.580137 40.676307 56.550037 58.326477000000004 68.786467 69.348757
36 -19.873172999999998 -17.636473 -9.333863 -8.414423 3.6964970000000004 4.630847000000001 6.834547000000001 11.859967000000001 21.319267 22.687027 25.978657000000002 31.790007000000003 34.198407 40.089637 56.909237 58.401857 68.671087 69.299417
37 -19.920913 -17.684973 -9.160673 -8.322853 3.7005570000000003 4.5723769999999995 6.617477000000001 11.926957 21.605987 22.746687 26.066977 31.581597000000002 33.842517 39.502107 57.246667 58.481607000000004 68.56258700000001 69.233607
38 -19.965623 -17.730563 -8.992272999999999 -8.236583 3.707437 4.514187 6.408987 11.989417000000001 21.879437 22.807807 26.182017000000002 31.371477 33.513637 38.914697000000004 57.560447 58.564677 68.462627 69.153697
39 -20.007303 -17.773183 -8.829502999999999 -8.155783 3.716687 4.4559370000000005 6.2108370000000015 12.047287 22.135247 22.870107 26.327227 31.160407 33.212647000000004 38.328387 57.849057 58.649967000000004 68.372587 69.062217
40 -20.045932999999998 -17.812783 -8.673193 -8.080563 3.727847 4.397307 6.024737 12.100547 22.369547 22.933187 26.505717 30.949547000000003 32.939827 37.743967 58.111457 58.736387 68.293477 68.961797
41 -20.081513 -17.849343 -8.524243 -8.011033 3.740427 4.3380469999999995 5.8523070000000015 12.149177 22.579347000000002 22.996557 26.719707 30.740657 32.694987 37.162247 58.347097 58.822777 68.225887 68.855187
42 -20.114033 -17.882813 -8.383613 -7.947293 3.753957 4.278036999999999 5.694997000000001 12.193187 22.762947 23.059567 26.970147 30.536006999999998 32.477357 36.583997000000004 58.555917 58.907937000000004 68.169937 68.745177
43 -20.143473 -17.913183 -8.252243 -7.889412999999999 3.767967 4.217447 5.553947000000001 12.232647 22.920117 23.121487000000002 27.256547 30.338337000000003 32.285767 36.009937 58.738377 58.990617 68.125277 68.63457700000001
44 -20.169843 -17.940413 -8.131162999999999 -7.837483000000001 3.7819870000000004 4.1568369999999994 5.429907 12.267597 23.051897 23.181407 27.577047 30.150647 32.118837 35.440917 58.895367 59.069527 68.091117 68.526197
45 -20.193113 -17.964493 -8.021353 -7.791542999999999 3.795557 4.097187 5.323107 12.298127000000001 23.160317 23.238327 27.928787 29.976027000000002 31.975107 34.877747 59.028197 59.143337 68.066287 68.422747
46 -20.213303 -17.985393000000002 -7.923773000000001 -7.751643 3.8082670000000003 4.039947 5.233297 12.324317 23.247867 23.291127 28.308297 29.817477000000004 31.853217 34.321427 59.138427 59.210747 68.049357 68.326857
47 -20.230393 -18.003103 -7.8393630000000005 -7.717822999999999 3.8197370000000004 3.986927 5.159777 12.346277 23.317127 23.338617 28.711617 29.677867 31.751967 33.773327 59.227787 59.270447 68.038717 68.240987
48 -20.244373 -18.017603 -7.768993 -7.690113 3.8296069999999998 3.9400670000000004 5.101587 12.364087000000001 23.370447000000002 23.379607 29.134417 29.559757 31.670367 33.235407 59.297997 59.321237 68.032757 68.167367
49 -20.255263 -18.028903 -7.713403 -7.668543 3.8376069999999998 3.9013070000000005 5.057687 12.377837000000001 23.409847 23.412927 29.465377 29.571037 31.607657000000003 32.711337 59.350687 59.362007 68.029937 68.107927
50 -20.263033 -18.036973 -7.673233 -7.653122999999999 3.8434970000000006 3.8723070000000006 5.027107000000001 12.387597000000001 23.436877 23.437557 29.396587 30.011057 31.563247000000004 32.209957 59.387237 59.391837 68.028947 68.064277
51 -20.267703 -18.041823 -7.648923 -7.643872999999999 3.847097 3.8543670000000003 5.009077 12.393437 23.452647 23.452697 29.354737 30.422117 31.536757 31.762527 59.408727 59.410037 68.028777 68.037597
52 -20.269253 -18.043433 -7.640813 -7.640772999999999 3.8482870000000005 3.848327 5.003127000000001 12.395377 23.457777 23.457867 29.340697000000002 30.644637000000003 31.527946999999998 31.527957 59.415807 59.416157 68.028607 68.028807
53 -20.286503 -18.023473 -7.639673 -7.639633 3.8483570000000005 3.8484070000000004 5.002297 12.394277 23.442707000000002 23.442797000000002 29.337027 30.656547000000003 31.549537 31.549547000000004 59.366907 59.367257 68.07019700000001 68.070397
54 -20.336503 -17.965343 -7.636263 -7.636222999999999 3.8485870000000006 3.848627 4.999817 12.390967 23.398037000000002 23.398127000000002 29.326307 30.691966999999998 31.613777 31.613787000000002 59.223097 59.223437000000004 68.192177 68.192387
55 -20.414703 -17.873593 -7.630583 -7.630542999999999 3.848937 3.848977 4.995677000000001 12.385497 23.325337 23.325427 29.309297 30.750117000000003 31.719087000000002 31.719087000000002 58.992227 58.992557 68.387007 68.387227
56 -20.515363 -17.753973000000002 -7.622633 -7.622593 3.8493470000000003 3.849397 4.989877 12.377907 23.227017 23.227107 29.287047 30.829887 31.863007000000003 31.863017 58.685247000000004 58.685567 68.644257 68.644487
57 -20.632963 -17.612003 -7.612423 -7.6123829999999995 3.849777 3.8498170000000003 4.982407 12.368277 23.106027 23.106117 29.260627 30.930157 32.042547 32.042557 58.313997 58.314317 68.952797 68.953027
58 -20.762802999999998 -17.452393 -7.599952999999999 -7.599912999999999 3.850127 3.850177 4.9732769999999995 12.356677000000001 22.965667 22.965757 29.231007 31.049867 32.254347 32.254367 57.889907 57.890217 69.302127 69.302377
59 -20.901273 -17.278763 -7.585233000000001 -7.585183000000001 3.8503070000000004 3.8503570000000003 4.962467 12.343217000000001 22.809267000000002 22.809347 29.198957 31.188147 32.494997 32.495007 57.422947 57.423247 69.683397 69.68364700000001
60 -21.045603 -17.093903 -7.568263 -7.568213 3.8501870000000005 3.8502370000000004 4.9499770000000005 12.328007000000001 22.640087 22.640157000000002 29.165087 31.344257 32.761077 32.761097 56.921697 56.921987 70.089367 70.08962700000001
61 -21.193763 -16.899833 -7.549063 -7.549013 3.8496470000000005 3.8496970000000004 4.9357869999999995 12.311147 22.461137 22.461217 29.129807 31.517677 33.049427 33.049457000000004 56.393107 56.393387000000004 70.514577 70.514837
62 -21.344243 -16.698123 -7.527633 -7.527583 3.8485270000000003 3.848577 4.919887000000001 12.292777000000001 22.275227 22.275297000000002 29.093447 31.707897000000003 33.357017 33.357047 55.843067 55.843337 70.954887 70.955157
63 -21.495912999999998 -16.489873 -7.5039929999999995 -7.503943 3.8466670000000005 3.846727 4.9022570000000005 12.273007 22.084817 22.084887000000002 29.056227 31.914577 33.681107 33.681147 55.276287 55.276547 71.407487 71.407747
64 -21.647913 -16.276003 -7.478142999999999 -7.478092999999999 3.843887 3.8439470000000004 4.882867000000001 12.251957 21.892127000000002 21.892197 29.018297 32.137327 34.019097 34.019137 54.696877 54.697127 71.870387 71.870647
65 -21.799613 -16.057143 -7.450113 -7.450063 3.839997 3.8400570000000003 4.8616969999999995 12.229747000000001 21.699097000000002 21.699157 28.979787 32.375857 34.368627000000004 34.368667 54.108167 54.108407 72.34253700000001 72.34280700000001
66 -21.950463 -15.833863 -7.419922999999999 -7.419872999999999 3.8347970000000005 3.834857 4.838717000000001 12.206477000000001 21.507457000000002 21.507507 28.940827000000002 32.629817 34.727357 34.727407 53.513237000000004 53.513477 72.823417 72.823677
67 -22.100123 -15.606553 -7.387573 -7.387513 3.828077 3.8281370000000003 4.813886999999999 12.182257 21.318687 21.318747000000002 28.901477 32.898887 35.093117 35.093167 52.914687 52.914917 73.313117 73.313377
68 -22.248223 -15.375603 -7.353092999999999 -7.3530429999999996 3.819607 3.8196670000000004 4.7871570000000006 12.157157 21.134157000000002 21.134207 28.861867 33.182687 35.463637 35.463707 52.315067 52.315277 73.812077 73.812327
69 -22.394553 -15.141252999999999 -7.316502999999999 -7.316443 3.809187 3.8092470000000005 4.758477000000001 12.131267000000001 20.955007000000002 20.955057 28.822057 33.480877 35.836727 35.836797 51.716647 51.716847 74.321187 74.321427
70 -22.538883 -14.903763 -7.277823 -7.277763 3.7965770000000005 3.7966270000000004 4.727797000000001 12.104637 20.782307 20.782347 28.782147000000002 33.793017 36.209977 36.210047 51.121807000000004 51.121997 74.841547 74.841787
71 -22.681043 -14.663373 -7.237083 -7.237033 3.781557 3.7816070000000006 4.695047000000001 12.077337 20.616967 20.617007 28.742227 34.118657 36.580777 36.580847 50.533007 50.533197 75.374507 75.37472700000001
72 -22.820902999999998 -14.420223 -7.194303 -7.194253 3.763907 3.763957 4.6601669999999995 12.049387000000001 20.459807 20.459847 28.702377000000002 34.457347 36.946327000000004 36.946397 49.952757 49.952927 75.921727 75.921927
73 -22.958323 -14.174522999999999 -7.149533 -7.149483 3.743407 3.7434670000000003 4.623067000000001 12.020817000000001 20.311567 20.311597 28.662697 34.808537 37.303297 37.303377 49.384017 49.384187 76.484837 76.485027
74 -23.093232999999998 -13.926402999999999 -7.1027830000000005 -7.102743 3.7198670000000003 3.719917 4.583686999999999 11.991667000000001 20.172867 20.172897 28.623257000000002 35.171697 37.647937 37.648017 48.830077 48.830237000000004 77.065797 77.065977
75 -23.225503 -13.676022999999999 -7.054112999999999 -7.054062999999999 3.693087 3.693147 4.541917 11.961927000000001 20.044297 20.044327 28.584137000000002 35.546197 37.975677 37.975757 48.295007 48.295157 77.666457 77.666617
76 -23.355103 -13.423503 -7.003532999999999 -7.003493000000001 3.662907 3.662957 4.4976769999999995 11.931617000000001 19.926357 19.926387000000002 28.545397 35.931427 38.281087 38.281167 47.783587 47.783727 78.288877 78.289017
77 -23.481923 -13.169003 -6.951112999999999 -6.951072999999999 3.6291570000000006 3.629197 4.450867000000001 11.900727 19.819477 19.819507 28.507117 36.326637 38.557527 38.557597 47.301847 47.301977 78.934977 78.935097
78 -23.605943 -12.912633 -6.896882999999999 -6.8968430000000005 3.591707 3.591757 4.401387 11.869267 19.724037 19.724057000000002 28.469327 36.731137000000004 38.797067 38.797137 46.856977 46.857097 79.606817 79.606927
79 -23.727083 -12.654553 -6.8408929999999994 -6.840852999999999 3.550457 3.550507 4.349147 11.837237 19.640347000000002 19.640377 28.432097000000002 37.144077 38.990367 38.990447 46.457627 46.457747 80.306207 80.306297
80 -23.845323 -12.394883 -6.783203 -6.783163 3.5053370000000004 3.5053770000000006 4.294036999999999 11.804637000000001 19.568667 19.568697 28.395447 37.564677 39.127187 39.127267 46.113277000000004 46.113387 81.035067 81.035137
81 -23.960593 -12.133773 -6.723872999999999 -6.723832999999999 3.456287 3.4563270000000004 4.235957000000001 11.771487 19.509207 19.509237000000002 28.359417 37.991987 39.197357000000004 39.197427 45.833397 45.833507 81.79494700000001 81.795007
82 -24.072893 -11.871362999999999 -6.662953 -6.662922999999999 3.403297 3.4033470000000006 4.174797 11.737787 19.462127000000002 19.462157 28.324007 38.425117 39.192657000000004 39.192727 45.625467 45.625577 82.587467 82.587507
83 -24.182153 -11.607833 -6.600533 -6.600503 3.346397 3.3464370000000003 4.1104769999999995 11.703577000000001 19.427537 19.427567 28.289247 38.863017 39.109007 39.109087 45.492917 45.493027 83.413777 83.413807
84 -24.288363 -11.343302999999999 -6.536673 -6.536633 3.2856270000000003 3.2856670000000006 4.042887 11.668887 19.405497 19.405527 28.255137 38.947897 38.947967 39.304717000000004 45.433607 45.433727 84.275007 84.275047
85 -24.391503 -11.077962999999999 -6.471463 -6.471423 3.2210870000000003 3.2211270000000005 3.971967 11.633757000000001 19.396017 19.396047 28.221667 38.716147 38.716217 39.749107 45.440177 45.440297 85.171847 85.171887
86 -24.491523 -10.812033 -6.404983 -6.404942999999999 3.152887 3.152937 3.8976270000000004 11.598237000000001 19.399077000000002 19.399107 28.188847 38.424137 38.424217 40.195057 45.501757 45.501887 86.104607 86.104657
87 -24.588433 -10.545663 -6.337332999999999 -6.337292999999999 3.081197 3.081247 3.819797 11.562397 19.414617 19.414657000000002 28.156657 38.083387 38.083457 40.641467 45.606417 45.606547 87.073467 87.073517
88 -24.682183 -10.279103 -6.2686329999999995 -6.268592999999999 3.0062070000000003 3.006257 3.738437 11.526317 19.442547 19.442577 28.125097 37.704907 37.704977 41.087107 45.742847 45.742997 88.077887 88.077957
89 -24.772773 -10.012542999999999 -6.198973 -6.198933 2.928137 2.928187 3.6535170000000003 11.490087 19.482717 19.482747 28.094157 37.298097 37.298187 41.530857 45.901407 45.901567 89.117227 89.117307
90 -24.860173 -9.746273 -6.128503 -6.128453 2.8472570000000004 2.8473070000000003 3.565007 11.453787 19.534957000000002 19.534997 28.063827 36.870757 36.870837 41.971427 46.074237000000004 46.074407 90.190047 90.19013700000001
91 -24.944373 -9.480533 -6.057333 -6.057283 2.7638270000000005 2.7638770000000004 3.472927 11.417537000000001 19.599097 19.599137 28.034097 36.428917 36.428997 42.407657 46.255257 46.255437 91.294747 91.294837
92 -25.025363 -9.215633 -5.985633 -5.985583 2.6781770000000003 2.6782370000000006 3.377297 11.381437 19.674887000000002 19.674927 28.004977 35.977427 35.977507 42.838257 46.439727 46.439927 92.428877 92.428967
93 -25.103123 -8.951872999999999 -5.913543 -5.913493 2.590647 2.5907070000000005 3.2781870000000004 11.345607000000001 19.762097 19.762137 27.976467 35.519957 35.520037 43.262087 46.624147 46.624347 93.589767 93.589867
94 -25.177643 -8.689633 -5.841263 -5.841203 2.5016070000000004 2.501667 3.175697 11.310177000000001 19.860427 19.860477 27.948587 35.059517 35.059597000000004 43.677847 46.805807 46.806017 94.773907 94.774007
95 -25.248912999999998 -8.429253 -5.768953 -5.768903 2.411427 2.4114870000000006 3.069937 11.275267000000001 19.969597 19.969647000000002 27.921347 34.598387 34.598467 44.084407 46.982767 46.982987 95.977497 95.977597
96 -25.316923 -8.171193 -5.696842999999999 -5.6967929999999996 2.3205370000000003 2.320597 2.961117 11.241007000000002 20.089257 20.089297000000002 27.894767 34.138547 34.138627 44.480537 47.153547 47.153777 97.195877 97.195977
97 -25.381663 -7.915882999999999 -5.625143 -5.625093 2.229347 2.2294070000000006 2.8494170000000003 11.207517000000001 20.219047 20.219087000000002 27.868887 33.681517 33.681597000000004 44.865157 47.317107 47.317347 98.424127 98.424227
98 -25.443123 -7.663862999999999 -5.554103 -5.554053 2.138327 2.1383870000000003 2.7351570000000005 11.174927 20.358547 20.358587 27.843757 33.228717 33.228797 45.237077 47.472697000000004 47.472937 99.656447 99.656547
99 -25.501303 -7.415663 -5.483983 -5.483923 2.0479370000000006 2.047997 2.6186470000000006 11.143357 20.507337 20.507377 27.819407 32.781277 32.781367 45.595287 47.619827 47.620067 100.88681700000001 100.886917
100 -25.556183 -7.171963 -5.415053 -5.414993 1.958657 1.9587170000000005 2.5003170000000003 11.112927 20.664887 20.664927000000002 27.795907 32.340367 32.340447 45.938697 47.758147 47.758387 102.108377 102.108467
101 -25.607763 -6.933403 -5.347613 -5.347553 1.870987 1.8710470000000003 2.380657 11.083757 20.830637 20.830677 27.773307 31.906967 31.907047 46.266377 47.887507 47.887747 103.314117 103.314207
102 -25.656043 -6.700813 -5.281983 -5.281923 1.785447 1.7855070000000004 2.260247 11.055957000000001 21.003937 21.003977 27.751677 31.482146999999998 31.482227 46.577367 48.007807 48.008047 104.496377 104.496447
103 -25.701003 -6.475052999999999 -5.218513 -5.218453 1.7025670000000002 1.702617 2.1397870000000005 11.029627000000001 21.183977000000002 21.184017 27.731097000000002 31.067027000000003 31.067097000000004 46.870757 48.119057 48.119297 105.647107 105.647177
104 -25.742663 -6.257083 -5.157533 -5.157482999999999 1.6228670000000003 1.6229170000000002 2.020057 11.004857000000001 21.369867 21.369907 27.711627 30.662717 30.662787 47.145777 48.221317 48.221547 106.758277 106.758337
105 -25.780993 -6.048033 -5.099443 -5.099392999999999 1.5468870000000003 1.5469370000000002 1.9020069999999998 10.981757 21.560457 21.560487000000002 27.693347 30.270607 30.270677 47.401607 48.314687 48.314907 107.821327 107.821387
106 -25.816003 -5.849083 -5.044613 -5.044563 1.4751670000000003 1.4752170000000002 1.7866870000000001 10.960387 21.754387 21.754417 27.676337 29.892217000000002 29.892277 47.637587 48.399287 48.399497000000004 108.827967 108.828017
107 -25.847693 -5.661613 -4.993423 -4.993373 1.4082570000000003 1.4083070000000002 1.675307 10.940837 21.949897 21.949917 27.660677 29.529447 29.529507000000002 47.853027 48.475257 48.475457 109.769637 109.769677
108 -25.876053 -5.487083 -4.946282999999999 -4.946232999999999 1.346667 1.3467170000000004 1.569217 10.923157 22.144827 22.144847000000002 27.646427 29.184577 29.184627 48.047377 48.542747 48.542937 110.638287 110.638327
109 -25.901073 -5.327113 -4.903563 -4.903523 1.2909270000000004 1.2909570000000001 1.4699170000000001 10.907427 22.336367 22.336387000000002 27.633677000000002 28.860537 28.860587 48.220077 48.601897 48.602077 111.425917 111.425947
110 -25.922773 -5.183403 -4.865643 -4.865603 1.2414870000000002 1.2415170000000004 1.378997 10.893687 22.520987 22.520997 27.622467 28.560917 28.560957000000002 48.370697 48.652847 48.653017 112.125237 112.125257
111 -25.941133 -5.057722999999999 -4.832883 -4.832843 1.198817 1.1988470000000002 1.298137 10.881997 22.694167 22.694187 27.612887 28.290307000000002 28.290347 48.498807 48.695727 48.695887 112.729397 112.729407
112 -25.956153 -4.951833 -4.805593 -4.805562999999999 1.163307 1.1633370000000003 1.2290270000000003 10.872367 22.850407 22.850407 27.604967000000002 28.054297000000002 28.054337 48.604097 48.730657 48.730797 113.232457 113.232467
113 -25.967843 -4.867413 -4.784063 -4.784033 1.1353170000000001 1.1353470000000003 1.1732870000000002 10.864857 22.983107 22.983117 27.598757 27.859497 27.859527 48.686267 48.757717 48.757847 113.629237 113.629247
114 -25.976193 -4.805923 -4.768503 -4.768473 1.1151170000000001 1.1151370000000003 1.1323070000000004 10.859467 23.085167000000002 23.085167000000002 27.594297 27.713047 27.713087 48.745117 48.776987 48.777117000000004 113.915697 113.915697
115 -25.981203 -4.768533 -4.759103 -4.759073 1.102907 1.1029270000000002 1.107237 10.856237 23.149787 23.149787 27.591617 27.621797 27.621827 48.780487 48.788527 48.788647 114.08877700000001 114.08877700000001
116 -25.982863 -4.755983 -4.755953 -4.755933 1.0987970000000002 1.098827 1.0988470000000001 10.855147 23.171947 23.171947 27.590717 27.590747 27.590787000000002 48.792277 48.792387 48.792497 114.146687 114.146687
117 -25.981203 -4.763303 -4.763253 -4.760103 1.097747 1.1076170000000003 1.1076670000000002 10.856227 23.125697000000002 23.174207 27.597227 27.597287 27.640347000000002 48.779077 48.789217 48.789427 114.004457 114.173587
118 -25.976202999999998 -4.785133 -4.785083 -4.772523 1.0945370000000003 1.1339370000000004 1.1339770000000002 10.859397000000001 22.992907 23.180997 27.616747 27.616817 27.783177000000002 48.739267 48.780027000000004 48.780257 113.581197 114.254067
119 -25.967883 -4.821052999999999 -4.820993 -4.793193 1.0891870000000003 1.1773170000000004 1.1773670000000003 10.864507000000001 22.788427000000002 23.192297 27.649307 27.649387 28.004537 48.673187 48.764737000000004 48.764987 112.886907 114.387457
120 -25.956222999999998 -4.870393 -4.870333 -4.822043 1.0817270000000003 1.237117 1.2371670000000003 10.871307 22.529827 23.208127 27.694917 27.694997 28.287017000000002 48.581257 48.743387 48.743667 111.937627 114.572647
121 -25.941243 -4.932323 -4.932252999999999 -4.858983 1.072187 1.3124570000000002 1.3125170000000002 10.879437000000001 22.232977 23.228487 27.753607000000002 27.753697 28.615007000000002 48.464067 48.716027000000004 48.716327 110.754457 114.808087
122 -25.922933 -5.0058229999999995 -5.005753 -4.903923 1.060597 1.4023370000000002 1.4024070000000002 10.888417 21.910487 23.253367 27.825407000000002 27.825507 28.976277 48.322327 48.682707 48.683037 109.362447 115.091807
123 -25.901293 -5.089833 -5.089763 -4.956733 1.0469870000000001 1.5056770000000004 1.505757 10.897667 21.571787 23.282777 27.910357 27.910467 29.361837 48.156867 48.643517 48.643887 107.789117 115.421407
124 -25.876333 -5.183253 -5.183173 -5.017253 1.0314170000000003 1.6213570000000002 1.6214270000000002 10.906477 21.223937 23.316717 28.008497000000002 28.008617 29.765157000000002 47.968647 48.598547 48.598947 106.063467 115.794077
125 -25.848053 -5.284973 -5.284883 -5.085353 1.0139470000000004 1.7482470000000006 1.7483170000000006 10.914007 20.872297 23.355197 28.119897 28.120017 30.181537 47.758737 48.547917 48.548337000000004 104.214597 116.206607
126 -25.816443 -5.393922999999999 -5.393833 -5.160823 0.9946170000000003 1.8852570000000006 1.8853370000000003 10.919287 20.521087 23.398207 28.244577 28.244707000000002 30.607526999999997 47.528247 48.491727 48.492177 102.270817 116.655357
127 -25.781523 -5.509123 -5.509033 -5.243513 0.9735170000000002 2.0313970000000006 2.031477 10.921227 20.173767 23.445767 28.382617 28.382747000000002 31.040587000000002 47.278357 48.430137 48.430607 100.258497 117.136387
128 -25.743282999999998 -5.629643 -5.629543 -5.333193 0.9507070000000004 2.185697 2.1857770000000003 10.918567000000001 19.833317 23.497867 28.534047 28.534187 31.478757 47.010287 48.363297 48.363787 98.201977 117.645307
129 -25.701733 -5.754613 -5.754512999999999 -5.429683 0.9262570000000001 2.3472770000000005 2.347357 10.909927000000001 19.502437 23.554527 28.698927 28.699067 31.920527 46.725297 48.291377 48.291887 96.122877 118.177407
130 -25.656883 -5.883273 -5.883172999999999 -5.532762999999999 0.9002670000000004 2.5153469999999998 2.5154270000000003 10.893807 19.183617 23.615737 28.877297000000002 28.877437 32.364657 46.424657 48.214587 48.215107 94.040077 118.727597
131 -25.608712999999998 -6.014943 -6.014832999999999 -5.642213 0.8728070000000003 2.689187 2.6892670000000005 10.868567 18.879237 23.681507 29.069187 29.069327 32.810247000000004 46.109577 48.133137 48.133657 91.969317 119.290537
132 -25.557253 -6.148982999999999 -6.148873 -5.757833 0.8439670000000001 2.8681570000000005 2.868237 10.832517000000001 18.591567 23.751857 29.274627000000002 29.274767 33.256467 45.781297 48.047257 48.047787 89.923907 119.860507
133 -25.502492999999998 -6.284833 -6.284723 -5.879383 0.813857 3.0516470000000004 3.051727 10.783967 18.322787 23.826767 29.493607 29.493747 33.702647 45.441037 47.957227 47.957757 87.914537 120.43149700000001
134 -25.444443 -6.422003 -6.421903 -6.006672999999999 0.7825670000000002 3.2391670000000006 3.239247 10.721237 18.074917 23.906277 29.726137 29.726267 34.148297 45.089927 47.863327 47.863857 85.949367 120.997307
135 -25.383112999999998 -6.5600629999999995 -6.559963 -6.139473 0.7501870000000004 3.430227 3.4303070000000004 10.642837 17.849737 23.990367 29.972157000000003 29.972287 34.592927 44.729097 47.765887 47.766417000000004 84.034727 121.551457
136 -25.318503 -6.698613 -6.6985030000000005 -6.277583 0.7168170000000003 3.624407 3.6244970000000003 10.547487 17.648777 24.079057000000002 30.231586999999998 30.231717000000003 35.036177 44.359597 47.665287 47.665797 82.175107 122.087307
137 -25.250623 -6.837282999999999 -6.837183 -6.420783 0.6825870000000003 3.8213270000000006 3.821417 10.434297 17.473137 24.172357 30.504327000000004 30.504437000000003 35.477707 43.982467 47.561917 47.562427 80.373547 122.598057
138 -25.179472999999998 -6.9757929999999995 -6.975683 -6.568883 0.647567 4.0206669999999995 4.020747 10.302757000000001 17.323447 24.270277 30.790207000000002 30.790317 35.917307 43.598597 47.456237 47.456727 78.631627 123.076897
139 -25.105073 -7.113842999999999 -7.113733 -6.721693 0.6118970000000004 4.222087 4.222177 10.152867 17.199877 24.372827 31.089007000000002 31.089107 36.354767 43.208887 47.348757 47.349237 76.950107 123.516957
140 -25.027413 -7.251182999999999 -7.251073 -6.8790130000000005 0.5756570000000001 4.425337000000001 4.425427000000001 9.985097000000001 17.102057000000002 24.480017 31.400427 31.400527000000004 36.789947 42.814167 47.240067 47.240527 75.328877 123.911437
141 -24.946523 -7.387592999999999 -7.387483 -7.040652999999999 0.538977 4.6301369999999995 4.630227 9.800387 17.029167 24.591857 31.724066999999998 31.724167 37.222727 42.415207 47.130827000000004 47.131257 73.767207 124.25366700000001
142 -24.862403 -7.522883 -7.522772999999999 -7.206462999999999 0.501957 4.8362870000000004 4.836377000000001 9.600007000000002 16.980027 24.708367 32.059477 32.059567 37.653097 42.012657 47.021777 47.022187 72.263717 124.537257
143 -24.775063 -7.656853 -7.6567430000000005 -7.3762430000000005 0.4647070000000002 5.043557 5.043657 9.385527000000002 16.953147 24.829547 32.406017 32.406097 38.081057 41.607177 46.913797 46.914187 70.816827 124.756087
144 -24.684523 -7.789353 -7.789242999999999 -7.549842999999999 0.4273370000000001 5.251757 5.251847 9.158677 16.946877 24.955427 32.762927 32.762997 38.506637 41.199367 46.807887 46.808257 69.424707 124.904427
145 -24.590773 -7.920233 -7.920123 -7.727103 0.38995700000000033 5.460707000000001 5.460807000000001 8.921247000000001 16.959507000000002 25.086007000000002 33.129267 33.129337 38.929977 40.789707 46.705197 46.705547 68.085147 124.977067
146 -24.493852999999998 -8.049363 -8.049253 -7.907873 0.35267700000000035 5.670237 5.670337 8.675037000000001 16.989307 25.221317 33.503887 33.503957 39.351227 40.378697 46.607097 46.607417 66.796027 124.969327
147 -24.393753 -8.176613 -8.176513 -8.091993 0.31559700000000035 5.880197000000001 5.8802970000000006 8.421747 17.034637 25.361357 33.885377 33.885437 39.770597 39.966767 46.515147 46.515447 65.555107 124.877187
148 -24.290503 -8.301883 -8.301772999999999 -8.279313 0.2788470000000003 6.090407000000001 6.090517 8.163017 17.093957 25.506157 34.271997 34.272047 39.554347 40.188327 46.431197 46.431477 64.360187 124.697297
149 -24.184103 -8.469713 -8.425073 -8.424963 0.24250700000000025 6.300757000000001 6.300867 7.9003070000000015 17.165847 25.655737000000002 34.661717 34.661777 39.141747 40.604767 46.357417 46.357677 63.208957 124.427017
150 -24.074583 -8.663053 -8.546083 -8.545983 0.2067070000000002 6.511087 6.511197000000001 7.634957 17.249047 25.810107000000002 35.052077000000004 35.052127 38.729327 41.020297 46.296317 46.296567 62.099267 124.064487
151 -23.961952999999998 -8.859193 -8.664843 -8.664733 0.17154700000000034 6.721267000000001 6.721367000000001 7.368177000000001 17.342407 25.969307 35.440137 35.440187 38.317397 41.435327 46.250837000000004 46.251067 61.029027 123.608607
152 -23.846223 -9.058003 -8.781253 -8.781153 0.137127 6.931127 6.931237000000001 7.101037 17.444947 26.133327 35.822477 35.822527 37.906267 41.850357 46.224347 46.224567 59.996227 123.059037
153 -23.727422999999998 -9.259352999999999 -8.895263 -8.895173 0.10355700000000034 6.8344570000000004 7.140557000000001 7.1406670000000005 17.555777 26.302217000000002 36.195217 36.195277 37.496187 42.265967 46.220667 46.220887 58.998847 122.416127
154 -23.605563 -9.463133 -9.006813 -9.006713 0.07092700000000018 6.569287000000001 7.349407000000001 7.349507000000001 17.674147 26.476007 36.553957000000004 36.554017 37.087447 42.682757 46.244027 46.244237 58.035087 121.680967
155 -23.480663 -9.669203 -9.115823 -9.115733 0.03935700000000031 6.306247000000001 7.557517000000001 7.5576170000000005 17.799387 26.654697000000002 36.680307 36.893947 36.894007 43.101407 46.298947 46.299167000000004 57.103167 120.855277
156 -23.352743 -9.877443 -9.222253 -9.222163 0.008937000000000417 6.045967000000001 7.764737 7.764837 17.930937 26.838327 36.275047 37.210227 37.210297000000004 43.522657 46.390067 46.390287 56.201477000000004 119.941447
157 -23.221823 -10.087743 -9.326043 -9.325963 -0.020222999999999658 5.788997 7.970907 7.9709970000000006 18.068317 27.026927 35.871877 37.498047 37.498127000000004 43.947337 46.521797 46.522037 55.328377 118.942237
158 -23.087913 -10.299973 -9.427153 -9.427073 -0.04803299999999977 5.535807 8.175847000000001 8.175937000000001 18.211097000000002 27.220527 35.471087 37.753097000000004 37.753177 44.376307000000004 46.697977 46.698227 54.482417 117.861027
159 -22.951062999999998 -10.514002999999999 -9.525523 -9.525453 -0.07439299999999971 5.286827000000001 8.379377 8.379457 18.358917 27.419157000000002 35.072917000000004 37.972007 37.972097 44.810487 46.921397 46.921657 53.662257000000004 116.701617
160 -22.811263 -10.729733 -9.621133 -9.621063 -0.09919299999999964 5.042396999999999 8.581307 8.581387000000001 18.511507 27.622857 34.677597 38.152707 38.152797 45.250907 47.193497 47.193767 52.866527 115.468027
161 -22.668553 -10.947042999999999 -9.713932999999999 -9.713863 -0.12235299999999993 4.802837 8.781437 8.781507000000001 18.668587000000002 27.831657 34.285377000000004 38.294577000000004 38.294667000000004 45.698627 47.514137 47.514417 52.094037 114.164707
162 -22.522953 -11.165792999999999 -9.803882999999999 -9.803823 -0.14376299999999986 4.568397000000001 8.979537 8.979607000000001 18.829957 28.045597 33.896487 38.398447 38.398537 46.154767 47.881587 47.881887 51.343647 112.796327
163 -22.374503 -11.385862999999999 -9.890953 -9.890893 -0.16332299999999966 4.339316999999999 9.175357 9.175427 18.995417 28.264707 33.511167 38.466417 38.466517 46.620497 48.292777 48.293077000000004 50.614317 111.367807
164 -22.223202999999998 -11.607163 -9.975113 -9.975063 -0.18094299999999963 4.115767 9.368687000000001 9.368747 19.164857 28.489037 33.129607 38.501517 38.501607 47.097097 48.743597 48.743897000000004 49.904997 109.884087
165 -22.069093 -11.829543 -10.056333 -10.056283 -0.196523 3.8979070000000005 9.559227 9.559287000000001 19.338127 28.718647 32.751997 38.507307 38.507397 47.585847 49.214777 49.229247 49.229557 108.350397
166 -21.912193 -12.052893 -10.134573 -10.134533 -0.20996299999999968 3.6858670000000004 9.746717 9.746757 19.515147 28.953557 32.378547 38.487577 38.487657 48.088097 48.542787000000004 49.744607 49.744917 106.771997
167 -21.752553 -12.277092999999999 -10.209823 -10.209783 -0.22116299999999978 3.4797569999999998 9.930827 9.930867000000001 19.695827 29.193817 32.009417 38.446097 38.446177 47.888237000000004 48.605247 50.284397 50.284707 105.154297
168 -21.590183 -12.502023 -10.282043 -10.282013 -0.2300329999999997 3.2796370000000006 10.111277000000001 10.111307 19.880117000000002 29.439497 31.644737 38.386437 38.386507 47.250307 49.138777 50.843517 50.843817 103.502537
169 -21.425113 -12.727573 -10.351223 -10.351192999999999 -0.23646299999999965 3.0855770000000002 10.287707000000001 10.287727 20.067957 29.690637000000002 31.284637000000004 38.311897 38.311967 46.628307 49.690167 51.416917 51.417217 101.822147
170 -21.257393 -12.953593 -10.417323 -10.417302999999999 -0.24035299999999982 2.8976270000000004 10.459777 10.459787 20.259307 29.947297 30.929237 38.225487 38.225547 46.021597 50.260917 51.999767 52.000067 100.118567
171 -21.087032999999998 -13.180003 -10.480343 -10.480322999999999 -0.241603 2.715787 10.627117 10.627137000000001 20.454147 30.209536999999997 30.578606999999998 38.129877 38.129927 45.429507 50.852637 52.587507 52.587787 98.396947
172 -20.914082999999998 -13.406673 -10.540242999999998 -10.540223 -0.24011299999999958 2.540087 10.789357 10.789377 20.652457000000002 30.232816999999997 30.477427 38.027457 38.027507 44.851457 51.466897 53.175677 53.175947 96.662597
173 -20.738583 -13.633483 -10.597023 -10.597002999999999 -0.235773 2.370517 10.946097 10.946127 20.854207000000002 29.891907000000003 30.751027 37.920377 37.920427000000004 44.286927 52.105277 53.760027 53.760297 94.92061700000001
174 -20.560563 -13.860313 -10.650642999999999 -10.650623 -0.22848299999999977 2.2070570000000003 11.096927 11.096967000000001 21.059397 29.555917 31.030397 37.810547 37.810587 43.735407 52.769387 54.336447 54.336697 93.176057
175 -20.380063 -14.087062999999999 -10.701103 -10.701073 -0.21814299999999998 2.049687 11.241447 11.241497 21.268017 29.224827 31.315627 37.699677 37.699717 43.196367 53.460877 54.901017 54.901247 91.433587
176 -20.197122999999998 -14.313613 -10.748382999999999 -10.748353 -0.20463299999999984 1.898367 11.379247000000001 11.379307 21.480057000000002 28.898627 31.606787000000004 37.589297 37.589337 42.669397000000004 54.181337 55.449887000000004 55.450107 89.697907
177 -20.011793 -14.539852999999999 -10.792463 -10.792432999999999 -0.1878529999999996 1.753047 11.509887 11.509957 21.695517000000002 28.577307 31.903967 37.480817 37.480847 42.154057 54.932347 55.979367 55.979577 87.973407
178 -19.824113 -14.765673 -10.833333 -10.833302999999999 -0.16769299999999987 1.613677 11.632957000000001 11.633037 21.914387 28.260817 32.207227 37.375487 37.375517 41.649977 55.715437 56.485877 56.486067 86.264337
179 -19.634123 -14.990983 -10.870982999999999 -10.870942999999999 -0.14404299999999992 1.480197 11.748047000000001 11.748137 22.136687000000002 27.949077 32.516697 37.274457 37.274477 41.156737 56.532187 56.966037 56.966207 84.574467
180 -19.441873 -15.215672999999999 -10.905393 -10.905353 -0.11679299999999992 1.3525470000000004 11.854737 11.854827 22.362407 27.642037000000002 32.832447 37.178757 37.178777000000004 40.674007 57.384017 57.416557 57.416727 82.907497
181 -19.247422999999998 -15.439632999999999 -10.936563 -10.936523 -0.08584299999999967 1.2306370000000002 11.952627000000001 11.952737 22.591557 27.339627 33.154587 37.089327 37.089347000000004 40.201457 57.834377 57.834537 58.272327 81.266787
182 -19.050812999999998 -15.662763 -10.964473 -10.964433 -0.051062999999999636 1.1144070000000004 12.041357000000001 12.041477 22.824137 27.041757 33.483207 37.007027 37.007047 39.738797 58.216577 58.216727 59.198377 79.655447
183 -18.852103 -15.884983 -10.989123 -10.989082999999999 -0.012352999999999614 1.0037570000000002 12.120567000000001 12.120697 23.060177 26.748337 33.818447 36.932607 36.932627000000004 39.285697 58.560527 58.560677 60.163477 78.07610700000001
184 -18.651353 -16.106183 -11.010503 -11.010453 0.03039700000000023 0.8986170000000002 12.189937 12.190067 23.299687000000002 26.459267 34.160407 36.866747000000004 36.866757 38.841897 58.863787 58.863937 61.168677 76.531267
185 -18.448612999999998 -16.326283 -11.028602999999999 -11.028552999999999 0.07730700000000024 0.7988870000000001 12.249157 12.249287 23.542677 26.174477 34.509207 36.810017 36.810027 38.407157 59.124197 59.124337000000004 62.214887000000004 75.023107
186 -18.243943 -16.545193 -11.043422999999999 -11.043372999999999 0.12847700000000017 0.7044670000000002 12.297977000000001 12.298117000000001 23.789207 25.893837 34.865007 36.762917 36.762917 37.981197 59.339887 59.340037 63.30304700000001 73.553337
187 -18.037403 -16.762833 -11.054953 -11.054903 0.18401700000000032 0.6152770000000003 12.336187 12.336327 24.039287 25.617297 35.227927 36.725857 36.725857 37.563807000000004 59.509307 59.509457 64.433747 72.123547
188 -17.829063 -16.979113 -11.063182999999999 -11.063132999999999 0.24404700000000012 0.5311970000000001 12.363597 12.363747 24.292967 25.344747 35.598107 36.699157 36.699157 37.154757000000004 59.631217 59.631367 65.607477 70.734957
189 -17.619003 -17.193943 -11.068133 -11.068083 0.3086770000000003 0.4521470000000001 12.380097000000001 12.380247 24.550287 25.076117 35.975707 36.683047 36.683047 36.753867 59.704717 59.704867 66.824477 69.388557
190 -17.407353 -17.407183 -11.069783 -11.069723 0.3779870000000001 0.37802700000000033 12.385607 12.385757 24.810887 24.811747 36.360897 36.360907 36.677657 36.677657 59.729277 59.729427 68.084817 68.084997
191 -17.406273 -17.406103 -11.073592999999999 -11.073542999999999 0.3854770000000003 0.3855270000000002 12.382937 12.383087000000002 24.801557 24.802427 36.141637 36.141647 36.907977 36.907997 59.709767 59.709917 68.098417 68.098587
192 -17.403023 -17.402863 -11.085013 -11.084952999999999 0.4079270000000004 0.4079670000000002 12.374917 12.375067000000001 24.773667 24.774537000000002 35.826307 35.826327 37.256427 37.256457 59.652017 59.652167 68.138397 68.138567
193 -17.397623 -17.397463000000002 -11.103902999999999 -11.103852999999999 0.44520700000000035 0.44524700000000017 12.361507000000001 12.361647000000001 24.727497 24.728367000000002 35.512167 35.512207000000004 37.625477000000004 37.625527 59.558267 59.558407 68.202467 68.202647
194 -17.390093 -17.389923 -11.130092999999999 -11.130042999999999 0.4971270000000003 0.49715700000000007 12.342637 12.342777 24.663487 24.664347 35.207297000000004 35.207347 38.006637 38.006707 59.431937 59.432077 68.287127 68.287307
195 -17.380443 -17.380263 -11.163312999999999 -11.163262999999999 0.5634170000000003 0.563447 12.318217 12.318357 24.582257000000002 24.583117 34.913567 34.913627 38.397467 38.397557 59.277287 59.277417 68.387997 68.388177
196 -17.368693 -17.368523 -11.203253 -11.203202999999998 0.6437470000000003 0.643777 12.288127000000001 12.288277 24.484607 24.485467 34.631597 34.631687 38.796547000000004 38.796677 59.099027 59.099157 68.500237 68.500417
197 -17.354903 -17.354713 -11.249543 -11.249493 0.7377470000000002 0.7377670000000003 12.252227000000001 12.252377000000001 24.371497 24.372347 34.361587 34.361697 39.202837 39.202997 58.901997 58.902117000000004 68.61890700000001 68.619097
198 -17.339093000000002 -17.338903000000002 -11.301763 -11.301713 0.844967 0.8449770000000001 12.210357 12.210507 24.244027 24.244867 34.103507 34.103637 39.615297 39.615487 58.690927 58.691047 68.739177 68.739397
199 -17.321313 -17.321123 -11.359452999999998 -11.359413 0.9649270000000003 0.9649370000000004 12.162307 12.162477 24.103427 24.104257 33.857177 33.857337 40.032897 40.033137 58.470277 58.470377 68.856567 68.856797
200 -17.301643 -17.301433 -11.422132999999999 -11.422092999999998 1.0971170000000003 1.0971270000000004 12.107887 12.108067 23.951077 23.951897 33.622347 33.622537 40.454607 40.454897 58.244137 58.244237 68.966987 68.967247
201 -17.280113 -17.279903 -11.489293 -11.489253 1.2410270000000003 1.241047 12.046867 12.047067 23.788407 23.789207 33.398627 33.398857 40.879387 40.879727 58.016197 58.016287 69.066857 69.067157
202 -17.256833 -17.256613 -11.560412999999999 -11.560373 1.396087 1.3961170000000003 11.978997000000001 11.979217 23.616957 23.617737 33.185647 33.185917 41.306087 41.306487000000004 57.789767 57.789857 69.153107 69.153457
203 -17.231863 -17.231633 -11.634953 -11.634922999999999 1.561747 1.5617870000000003 11.904027000000001 11.904267 23.438307000000002 23.439067 32.982987 32.983297 41.733537 41.734007 57.567777 57.567867 69.223167 69.223577
204 -17.205313 -17.205083000000002 -11.712382999999999 -11.712353 1.7374269999999998 1.7374770000000006 11.821707 11.821977 23.254077000000002 23.254817 32.790207 32.790557 42.160467000000004 42.161017 57.352817 57.352907 69.274977 69.275457
205 -17.177293 -17.177043 -11.792162999999999 -11.792133 1.9225569999999998 1.9226269999999999 11.731767000000001 11.732067 23.065867 23.066577000000002 32.606867 32.607277 42.585587000000004 42.586207 57.147147000000004 57.147227 69.306967 69.307537
206 -17.147913 -17.147653000000002 -11.873762999999999 -11.873723 2.1165670000000003 2.116647 11.633957 11.634287 22.875307 22.875987000000002 32.432607 32.433057 43.007447 43.008167 56.952747 56.952837 69.318057 69.318727
207 -17.117313 -17.117043 -11.956622999999999 -11.956593 2.3188670000000005 2.3189570000000006 11.528037000000001 11.528407000000001 22.683957 22.684617 32.267057 32.267557000000004 43.424537 43.425347 56.771387 56.771487 69.307607 69.308387
208 -17.085653 -17.085373 -12.040253 -12.040223 2.5288870000000006 2.528997 11.413807 11.414207000000001 22.493357 22.493977 32.109887 32.110447 43.835277 43.836187 56.604557 56.604657 69.27542700000001 69.276327
209 -17.053093 -17.052793 -12.124093 -12.124073 2.746057 2.746177 11.291077000000001 11.291507000000001 22.304957 22.305537 31.960856999999997 31.961467 44.237927 44.238947 56.453577 56.453687 69.22174700000001 69.222787
210 -17.019813 -17.019503 -12.207643 -12.207623 2.9697670000000005 2.969897 11.159727 11.160187 22.120147 22.120697 31.819757000000003 31.820417 44.630697 44.631827 56.319527 56.319657 69.14724700000001 69.148437
211 -16.986023 -16.985703 -12.290372999999999 -12.290353 3.199417 3.1995670000000005 11.019677000000001 11.020177 21.940227 21.940747 31.686427000000002 31.687137 45.011647 45.012897 56.203317 56.203467 69.052977 69.054327
212 -16.951943 -16.951613000000002 -12.371782999999999 -12.371763 3.434427 3.434587 10.870917 10.871457000000001 21.766397 21.766877 31.560767 31.561526999999998 45.378877 45.380247 56.105597 56.105767 68.940397 68.941927
213 -16.917833 -16.917483 -12.451353 -12.451333 3.674147 3.674317 10.713537 10.714107 21.599747 21.600197 31.442726999999998 31.443537 45.730357 45.731857 56.026777 56.026967 68.811357 68.813077
214 -16.883943 -16.883573000000002 -12.528563 -12.528542999999999 3.9178970000000004 3.9180870000000003 10.547717 10.548327 21.441267 21.441687 31.332287 31.333137 46.064127 46.065747 55.966957 55.967177 68.668077 68.669987
215 -16.850563 -16.850183 -12.602893 -12.602882999999999 4.164956999999999 4.165157000000001 10.373777 10.374407000000001 21.291837 21.292227 31.229477000000003 31.230367 46.378237 46.379987 55.925867000000004 55.926127 68.513147 68.515267
216 -16.818013 -16.817623 -12.673853 -12.673833 4.414557 4.414766999999999 10.192127000000001 10.192797 21.152217 21.152577 31.134337000000002 31.135277000000002 46.670947 46.672807 55.902807 55.903117 68.349487 68.351827
217 -16.786603 -16.786203 -12.740912999999999 -12.740893 4.665787 4.665997000000001 10.003397000000001 10.004097 21.023067 21.023407000000002 31.046967000000002 31.047947 46.940637 46.942627 55.896607 55.896977 68.180397 68.182937
218 -16.756693 -16.756273 -12.803573 -12.803543 4.917587000000001 4.917797 9.808437000000001 9.809177 20.904957 20.905267000000002 30.967457000000003 30.968467000000004 47.185997 47.188087 55.905527 55.905957 68.009437 68.012197
219 -16.728623 -16.728193 -12.861322999999999 -12.861293 5.168677000000001 5.168887 9.608367000000001 9.609137 20.798327 20.798617 30.895896999999998 30.896946999999997 47.406017 47.408207 55.927257 55.927767 67.840457 67.843427
220 -16.702753 -16.702313 -12.913682999999999 -12.913642999999999 5.417377 5.417587000000001 9.404737 9.405547 20.703567 20.703837 30.832427000000003 30.833497 47.599987 47.602267 55.958977 55.959557000000004 67.677507 67.680687
221 -16.679443 -16.678993000000002 -12.960173 -12.960123 5.661447000000001 5.661637000000001 9.199757 9.200597 20.620967 20.621217 30.777137000000003 30.778236999999997 47.767577 47.769927 55.997337 55.998007 67.524777 67.52815700000001
222 -16.659033 -16.658573 -13.000352999999999 -13.000302999999999 5.897617 5.897777000000001 8.996637 8.997527 20.550757 20.550997000000002 30.730157 30.731267000000003 47.908677 47.911097 56.038697 56.039447 67.386467 67.390027
223 -16.641833000000002 -16.641373 -13.033843 -13.033783 6.120927 6.121057 8.800347 8.801287 20.493117 20.493347 30.691557000000003 30.692697000000003 48.023467000000004 48.025937 56.079277 56.080107 67.266597 67.270317
224 -16.628143 -16.627673 -13.060272999999999 -13.060213 6.323437 6.323517000000001 8.618827000000001 8.619837 20.448177 20.448387 30.661447000000003 30.662596999999998 48.112227 48.114737 56.115417 56.116317 67.168927 67.17276700000001
225 -16.618183000000002 -16.617703 -13.079372999999999 -13.079312999999999 6.492357 6.492377000000001 8.464877000000001 8.465957000000001 20.416017 20.416227 30.639887 30.641047 48.175297 48.177847 56.143867 56.144807 67.096627 67.100567
226 -16.612133 -16.611653 -13.090912999999999 -13.090853 6.608617000000001 6.608657000000001 8.357567000000001 8.358697000000001 20.396697 20.396907000000002 30.626936999999998 30.628097000000004 48.212997 48.215557000000004 56.162037 56.163017 67.052187 67.056187
227 -16.610103 -16.609623 -13.094783 -13.094712999999999 6.650817 6.650877000000001 8.318327 8.319487 20.390257000000002 20.390457 30.622607000000002 30.623777000000004 48.225537 48.228107 56.168287 56.169277 67.03715700000001 67.041177
228 -16.678433000000002 -16.544893000000002 -13.160753 -13.021783 6.541727 6.715727000000001 8.334127 8.346907 20.296667 20.486177 30.416047 30.836057000000004 48.104677 48.335447 55.830217 56.497377 66.861567 67.226997
229 -16.744523 -16.489433000000002 -13.224782999999999 -12.937183 6.364097000000001 6.773147 8.383087000000002 8.415467000000001 20.199257 20.589657 30.208866999999998 31.059967 47.983697 48.415727000000004 55.481727 56.818997 66.698727 67.417347
230 -16.808123000000002 -16.443033 -13.286793 -12.841603 6.140287000000001 6.822787 8.427627000000001 8.541327 20.098747 20.699847000000002 30.001527000000003 31.294437000000002 47.864727 48.467037 55.126737 57.134397 66.547467 67.608597
231 -16.869243 -16.405093 -13.346743 -12.735923 5.888317000000001 6.864667000000001 8.480217000000001 8.694387 19.995697 20.815927000000002 29.793867 31.538997000000002 47.748617 48.489117 54.768077 57.444277 66.405197 67.798937
232 -16.927863 -16.374883 -13.404582999999999 -12.621153 5.620047 6.899057000000001 8.540337000000001 8.863407 19.890707 20.937147 29.585807 31.793087 47.636307 48.482157 54.408167 57.749097 66.269927 67.98638700000001
233 -16.983993 -16.351603 -13.460272999999999 -12.498422999999999 5.342897000000001 6.926507000000001 8.607167 9.041487 19.784357 21.062907 29.377217 32.056167 47.528707 48.446747 54.048887 58.049117 66.140127 68.168967
234 -17.037633 -16.334413 -13.513762999999999 -12.368922999999999 5.061697000000001 6.947707000000001 8.679737000000001 9.224267000000001 19.677217000000002 21.192647 29.168047 32.327607 47.426807000000004 48.383807 53.691877 58.344287 66.014737 68.344757
235 -17.088773 -16.322503 -13.565023 -12.233853 4.779726999999999 6.963447 8.756967000000001 9.408877 19.569847 21.325927 28.958217 32.606797 47.331527 48.294607 53.338337 58.634377 65.893037 68.511997
236 -17.137413 -16.315083 -13.614013 -12.094453 4.499416999999999 6.974537 8.837747 9.593227 19.462817 21.462347 28.747757 32.893017 47.243847 48.180657000000004 52.989317 58.918857 65.774637 68.669117
237 -17.183553 -16.311413 -13.660703 -11.951922999999999 4.222647 6.981747 8.920977 9.775777000000001 19.356677 21.601607 28.536627 33.185537000000004 47.164647 48.043677 52.645597 59.197047 65.659377 68.814847
238 -17.227193 -16.310823 -13.705043 -11.807473 3.951017 6.985797 9.005607000000001 9.955237 19.251977 21.743447 28.324927000000002 33.483467 47.094847 47.885607 52.307887 59.468047 65.547307 68.94819700000001
239 -17.268343 -16.312723000000002 -13.747022999999999 -11.662272999999999 3.6858870000000006 6.987297 9.090687 10.130527 19.149267000000002 21.887687 28.112747000000002 33.785897 47.035277 47.708457 51.976687 59.730917 65.438617 69.068527
240 -17.306993 -16.316553 -13.786613 -11.517482999999999 3.428537 6.986837000000001 9.175267 10.300657000000001 19.049077 22.034157 27.900207 34.091757 46.986707 47.514447000000004 51.652477 59.984567 65.333557 69.175517
241 -17.343143 -16.321863 -13.823763 -11.374263 3.1801470000000003 6.984847 9.258547 10.464737000000001 18.951977 22.182757000000002 27.687527 34.399807 46.949857 47.305867 51.335687 60.227907 65.232577 69.269147
242 -17.376793 -16.328233 -13.858473 -11.233773 2.9418770000000003 6.981777000000001 9.339717 10.621897 18.858477 22.333377000000002 27.474947 34.708627 46.925367 47.085187 51.026707 60.459827 65.136037 69.349747
243 -17.407953 -16.335293 -13.890702999999998 -11.097163 2.714857 6.977907 9.418067 10.771337 18.769147 22.485947 27.262807000000002 35.016567 46.854997 46.913817 50.725917 60.679207 65.044437 69.417867
244 -17.436613 -16.342733 -13.920442999999999 -10.965582999999999 2.500237 6.973567000000001 9.492907 10.912247 18.684487 22.640357 27.051467000000002 35.321687 46.618227 46.915637000000004 50.433677 60.885007 64.958177 69.474347
245 -17.462773 -16.350293 -13.947662999999999 -10.840202999999999 2.2991370000000004 6.968977000000001 9.563597000000001 11.043877 18.605047 22.796467 26.841457000000002 35.621677 46.377927 46.931247 50.150407 61.076227 64.877767 69.520157
246 -17.486443 -16.357733 -13.972342999999999 -10.722173 2.112677 6.964337 9.629547 11.165517000000001 18.531307 22.954067000000002 26.633327 35.913867 46.137537 46.960937 49.876457 61.251947 64.803607 69.556447
247 -17.507613 -16.364863 -13.994473 -10.612653 1.9419970000000002 6.959817000000001 9.690207000000001 11.276447000000001 18.463797 23.112787 26.427887000000002 36.195017 45.900977 47.004917 49.612307 61.411327 64.736107 69.584457
248 -17.526293 -16.371503 -14.014033 -10.512753 1.7881870000000002 6.955537000000001 9.745047000000001 11.376027 18.402957 23.272057 26.226127 36.461417 45.672547 47.063277 49.358367 61.553637 64.675647 69.605437
249 -17.542483 -16.377533 -14.031023 -10.423573 1.652317 6.951637 9.793607000000002 11.463657000000001 18.349237000000002 23.430867 26.029467 36.708687 45.457137 47.136007 49.115167 61.678197 64.622557 69.620637
250 -17.556173 -16.382813 -14.045402999999999 -10.346112999999999 1.535387 6.948187000000001 9.835467000000001 11.538797 18.303037 23.587567 25.839957000000002 36.931927 45.260117 47.222977 48.883247 61.784497 64.57713700000001 69.631237
251 -17.567383 -16.387253 -14.057193 -10.281343 1.4383370000000002 6.945277000000001 9.870237000000001 11.600957000000001 18.264727 23.739217 25.660917 37.125677 45.087297 47.323807 48.663327 61.872046999999995 64.539627 69.638307
252 -17.576093 -16.390793 -14.066362999999999 -10.230033 1.3619370000000002 6.942947 9.897627 11.649737 18.234587 23.880647 25.497807 37.284337 44.944597 47.437767 48.456457 61.940507 64.510247 69.642787
253 -17.582313 -16.393353 -14.072923 -10.192893 1.306877 6.941257 9.917367 11.684817 18.212887000000002 24.002567 25.360227000000002 37.402447 44.837717 47.562817 48.264877 61.989597 64.489137 69.645427
254 -17.586053 -16.394913 -14.076863 -10.170403 1.2736270000000003 6.940227 9.929297 11.705967000000001 18.199797 24.089477000000002 25.263837000000002 37.475417 44.771407 47.691297 48.096427 62.019147000000004 64.47644700000001 69.646767
255 -17.587293 -16.395423 -14.078173 -10.162863 1.2625170000000003 6.939887000000001 9.933277 11.713027 18.195407 24.121827 25.228307 37.500117 44.748937 47.770737000000004 48.003647 62.028987 64.472187 69.647197
