1 -6.6083 0.3607 0.3607 0.3607 2.7547 2.7547 19.9467
2 -6.6043 0.3597 0.3597 0.3617 2.7517 2.7557 19.9447
3 -6.5953 0.3597 0.3597 0.3647 2.7437 2.7587 19.9387
4 -6.5793 0.3577 0.3577 0.3697 2.7297 2.7637 19.9287
5 -6.5573 0.3557 0.3557 0.3777 2.7107 2.7707 19.9147
6 -6.5293 0.3537 0.3537 0.3867 2.6857 2.7797 19.8967
7 -6.4953 0.3527 0.3527 0.3987 2.6557 2.7907 19.8767
8 -6.4543 0.3497 0.3497 0.4127 2.6207 2.8037 19.8527
9 -6.4083 0.3467 0.3467 0.4287 2.5807 2.8167 19.8267
10 -6.3553 0.3437 0.3437 0.4467 2.5357 2.8337 19.7997
11 -6.2963 0.3397 0.3397 0.4667 2.4847 2.8507 19.7707
12 -6.2323 0.3367 0.3367 0.4887 2.4307 2.8707 19.7407
13 -6.1623 0.3337 0.3337 0.5137 2.3707 2.8907 19.7107
14 -6.0863 0.3307 0.3307 0.5397 2.3077 2.9137 19.6797
15 -6.0043 0.3277 0.3277 0.5677 2.2397 2.9367 19.6497
16 -5.9173 0.3257 0.3257 0.5977 2.1687 2.9617 19.6207
17 -5.8253 0.3237 0.3237 0.6297 2.0937 2.9867 19.5917
18 -5.7273 0.3237 0.3237 0.6637 2.0157 3.0137 19.5647
19 -5.6253 0.3237 0.3237 0.6997 1.9337 3.0417 19.5397
20 -5.5183 0.3247 0.3247 0.7377 1.8497 3.0697 19.5157
21 -5.4063 0.3277 0.3277 0.7767 1.7617 3.0987 19.4937
22 -5.2903 0.3307 0.3307 0.8187 1.6727 3.1267 19.4747
23 -5.1693 0.3357 0.3357 0.8617 1.5807 3.1567 19.4567
24 -5.0453 0.3427 0.3427 0.9057 1.4867 3.1867 19.4417
25 -4.9173 0.3507 0.3507 0.9527 1.3907 3.2177 19.4297
26 -4.7863 0.3617 0.3617 1.0027 1.2937 3.2487 19.4197
27 -4.6523 0.3727 0.3727 1.0507 1.1947 3.2787 19.4117
28 -4.5153 0.3867 0.3867 1.0947 1.1017 3.3107 19.1607
29 -4.3763 0.4037 0.4037 0.9937 1.1547 3.3417 18.9247
30 -4.2353 0.4217 0.4217 0.8927 1.2077 3.3737 18.7027
31 -4.0933 0.4427 0.4427 0.7917 1.2627 3.4077 18.4957
32 -3.9513 0.4657 0.4657 0.6897 1.3187 3.4417 18.3047
33 -3.8083 0.4917 0.4917 0.5877 1.3767 3.4767 18.1277
34 -3.6653 0.4857 0.5197 0.5197 1.4347 3.5127 17.9657
35 -3.5243 0.3837 0.5517 0.5517 1.4947 3.5517 17.8197
36 -3.3843 0.2827 0.5857 0.5857 1.5547 3.5927 17.6887
37 -3.2463 0.1827 0.6227 0.6227 1.6157 3.6367 17.5737
38 -3.1123 0.0827 0.6617 0.6617 1.6777 3.6847 17.4727
39 -2.9813 -0.0163 0.7037 0.7037 1.7407 3.7367 17.3867
40 -2.8553 -0.1133 0.7497 0.7497 1.8037 3.7937 17.3147
41 -2.7353 -0.2103 0.7977 0.7977 1.8667 3.8567 17.2577
42 -2.6213 -0.3053 0.8497 0.8497 1.9307 3.9257 17.2547
43 -2.5133 -0.3983 0.9037 0.9037 1.9947 4.0027 16.9327
44 -2.4133 -0.4903 0.9617 0.9617 2.0587 4.0877 16.6107
45 -2.3213 -0.5803 1.0217 1.0217 2.1237 4.1817 16.2907
46 -2.2373 -0.6683 1.0857 1.0857 2.1877 4.2857 15.9717
47 -2.1623 -0.7553 1.1517 1.1517 2.2517 4.3987 15.6547
48 -2.0963 -0.8403 1.2217 1.2217 2.3157 4.5217 15.3397
49 -2.0393 -0.9223 1.2947 1.2947 2.3787 4.6547 15.0277
50 -1.9903 -1.0023 1.3707 1.3707 2.4407 4.7977 14.7197
51 -1.9513 -1.0803 1.4487 1.4487 2.5027 4.9517 14.4137
52 -1.9193 -1.1553 1.5297 1.5297 2.5637 5.1147 14.1127
53 -1.8953 -1.2283 1.6137 1.6137 2.6247 5.2867 13.8157
54 -1.8783 -1.2993 1.7007 1.7007 2.6837 5.4677 13.5237
55 -1.8673 -1.3663 1.7897 1.7897 2.7417 5.6567 13.2367
56 -1.8623 -1.4313 1.8807 1.8807 2.7967 5.8537 12.9557
57 -1.8633 -1.4943 1.9727 1.9727 2.8517 6.0557 12.6797
58 -1.8683 -1.5543 2.0677 2.0677 2.9057 6.2647 12.4097
59 -1.8773 -1.6113 2.1637 2.1637 2.9567 6.4767 12.1477
60 -1.8893 -1.6653 2.2617 2.2617 3.0067 6.6937 11.8917
61 -1.9033 -1.7163 2.3577 2.3577 3.0537 6.9117 11.6437
62 -1.9203 -1.7643 2.4567 2.4567 3.0987 7.1317 11.4037
63 -1.9373 -1.8103 2.5547 2.5547 3.1417 7.3507 11.1737
64 -1.9563 -1.8523 2.6507 2.6507 3.1827 7.5687 10.9517
65 -1.9763 -1.8923 2.7467 2.7467 3.2207 7.7827 10.7407
66 -1.9963 -1.9283 2.8397 2.8397 3.2557 7.9927 10.5407
67 -2.0153 -1.9613 2.9297 2.9297 3.2887 8.1947 10.3527
68 -2.0333 -1.9913 3.0167 3.0167 3.3187 8.3897 10.1777
69 -2.0503 -2.0183 3.0977 3.0977 3.3457 8.5727 10.0167
70 -2.0653 -2.0423 3.1737 3.1737 3.3697 8.7427 9.8717
71 -2.0793 -2.0633 3.2427 3.2427 3.3907 8.8967 9.7417
72 -2.0923 -2.0813 3.3027 3.3027 3.4087 9.0327 9.6297
73 -2.1023 -2.0953 3.3547 3.3547 3.4237 9.1487 9.5357
74 -2.1103 -2.1063 3.3957 3.3957 3.4357 9.2417 9.4617
75 -2.1163 -2.1143 3.4267 3.4267 3.4447 9.3097 9.4087
76 -2.1193 -2.1193 3.4457 3.4457 3.4497 9.3507 9.3757
77 -2.1203 -2.1203 3.4517 3.4517 3.4517 9.3647 9.3647
78 -2.1193 -2.1193 3.4437 3.4457 3.4517 9.3607 9.3657
79 -2.1153 -2.1143 3.4187 3.4267 3.4527 9.3487 9.3687
80 -2.1093 -2.1073 3.3787 3.3967 3.4537 9.3297 9.3727
81 -2.1003 -2.0973 3.3247 3.3547 3.4567 9.3017 9.3797
82 -2.0883 -2.0843 3.2577 3.3027 3.4597 9.2667 9.3867
83 -2.0743 -2.0683 3.1787 3.2397 3.4627 9.2237 9.3967
84 -2.0583 -2.0503 3.0887 3.1677 3.4657 9.1727 9.4067
85 -2.0393 -2.0293 2.9897 3.0877 3.4707 9.1137 9.4187
86 -2.0173 -2.0063 2.8827 3.0007 3.4757 9.0477 9.4317
87 -1.9923 -1.9813 2.7697 2.9067 3.4817 8.9747 9.4457
88 -1.9653 -1.9553 2.6507 2.8087 3.4877 8.8937 9.4607
89 -1.9353 -1.9263 2.5277 2.7067 3.4947 8.8067 9.4767
90 -1.9033 -1.8973 2.4007 2.6017 3.5017 8.7117 9.4927
91 -1.8683 -1.8673 2.2727 2.4937 3.5097 8.6107 9.5097
92 -1.8373 -1.8303 2.1427 2.3857 3.5187 8.5037 9.5277
93 -1.8073 -1.7903 2.0107 2.2787 3.5267 8.3897 9.5457
94 -1.7783 -1.7473 1.8787 2.1737 3.5357 8.2697 9.5637
95 -1.7503 -1.7023 1.7467 2.0717 3.5457 8.1447 9.5827
96 -1.7243 -1.6533 1.6167 1.9747 3.5557 8.0137 9.6017
97 -1.7013 -1.6033 1.4867 1.8827 3.5657 7.8787 9.6217
98 -1.6823 -1.5503 1.3577 1.7977 3.5757 7.7377 9.6407
99 -1.6673 -1.4943 1.2307 1.7207 3.5867 7.5927 9.6607
100 -1.6563 -1.4343 1.1067 1.6527 3.5977 7.4447 9.6807
101 -1.6523 -1.3733 0.9847 1.5947 3.6087 7.2927 9.7007
102 -1.6543 -1.3093 0.8657 1.5467 3.6197 7.1367 9.7207
103 -1.6633 -1.2423 0.7497 1.5097 3.6307 6.9777 9.7397
104 -1.6783 -1.1733 0.6357 1.4857 3.6427 6.8167 9.7597
105 -1.7003 -1.1013 0.5257 1.4717 3.6537 6.6527 9.7797
106 -1.7293 -1.0263 0.4187 1.4697 3.6657 6.4877 9.7987
107 -1.7633 -0.9493 0.3157 1.4787 3.6767 6.3207 9.8187
108 -1.8033 -0.8693 0.2157 1.4987 3.6877 6.1517 9.8377
109 -1.8483 -0.7873 0.1187 1.5267 3.6987 5.9827 9.8557
110 -1.8973 -0.7033 0.0267 1.5637 3.7097 5.8137 9.8747
111 -1.9493 -0.6163 -0.0623 1.6077 3.7207 5.6437 9.8917
112 -2.0033 -0.5263 -0.1463 1.6587 3.7307 5.4737 9.9097
113 -2.0583 -0.4353 -0.2273 1.7147 3.7417 5.3047 9.9267
114 -2.1143 -0.3423 -0.3043 1.7747 3.7517 5.1367 9.9427
115 -2.1703 -0.3763 -0.2463 1.8377 3.7607 4.9697 9.9577
116 -2.2253 -0.4453 -0.1503 1.9027 3.7697 4.8037 9.9727
117 -2.2793 -0.5093 -0.0513 1.9697 3.7787 4.6407 9.9867
118 -2.3313 -0.5693 0.0477 2.0357 3.7867 4.4797 10.0007
119 -2.3803 -0.6243 0.1477 2.1017 3.7947 4.3227 10.0137
120 -2.4273 -0.6753 0.2487 2.1667 3.8027 4.1687 10.0247
121 -2.4703 -0.7223 0.3487 2.2287 3.8087 4.0197 10.0357
122 -2.5113 -0.7653 0.4477 2.2867 3.8157 3.8757 10.0457
123 -2.5483 -0.8033 0.5447 2.3417 3.7377 3.8207 10.0547
124 -2.5803 -0.8373 0.6387 2.3917 3.6087 3.8257 10.0627
125 -2.6103 -0.8663 0.7267 2.4357 3.4877 3.8287 10.0697
126 -2.6343 -0.8913 0.8097 2.4757 3.3797 3.8327 10.0757
127 -2.6553 -0.9113 0.8827 2.5087 3.2857 3.8357 10.0807
128 -2.6713 -0.9273 0.9437 2.5347 3.2067 3.8377 10.0847
129 -2.6823 -0.9383 0.9907 2.5537 3.1477 3.8397 10.0877
130 -2.6893 -0.9453 1.0197 2.5647 3.1107 3.8407 10.0887
131 -2.6913 -0.9473 1.0297 2.5687 3.0987 3.8417 10.0897
132 -2.6933 -0.9463 1.0217 2.5677 3.0977 3.8367 10.1037
133 -2.6973 -0.9433 1.0007 2.5667 3.0967 3.8237 10.1457
134 -2.7043 -0.9383 0.9647 2.5657 3.0937 3.8027 10.2157
135 -2.7153 -0.9323 0.9167 2.5627 3.0897 3.7717 10.3117
136 -2.7293 -0.9233 0.8577 2.5597 3.0847 3.7337 10.4327
137 -2.7473 -0.9133 0.7897 2.5547 3.0787 3.6867 10.5777
138 -2.7703 -0.9013 0.7157 2.5477 3.0717 3.6317 10.7447
139 -2.7983 -0.8873 0.6367 2.5397 3.0637 3.5707 10.9337
140 -2.8313 -0.8713 0.5547 2.5317 3.0547 3.5037 11.1407
141 -2.8713 -0.8543 0.4727 2.5207 3.0457 3.4307 11.3667
142 -2.9183 -0.8353 0.3927 2.5097 3.0357 3.3517 11.6067
143 -2.9723 -0.8143 0.3157 2.4977 3.0247 3.2677 11.8627
144 -3.0343 -0.7913 0.2437 2.4837 3.0137 3.1797 12.1317
145 -3.1043 -0.7673 0.1787 2.4697 3.0027 3.0887 12.4117
146 -3.1823 -0.7423 0.1207 2.4557 2.9907 2.9937 12.7037
147 -3.2683 -0.7153 0.0707 2.4407 2.8967 2.9787 13.0037
148 -3.3633 -0.6863 0.0287 2.4257 2.7987 2.9667 13.3127
149 -3.4643 -0.6573 -0.0043 2.4107 2.6977 2.9547 13.6287
150 -3.5723 -0.6263 -0.0293 2.3957 2.5957 2.9417 13.9507
151 -3.6863 -0.5943 -0.0463 2.3817 2.4927 2.9287 14.2787
152 -3.8053 -0.5613 -0.0563 2.3677 2.3907 2.9167 14.6107
153 -3.9273 -0.5273 -0.0593 2.2877 2.3557 2.9047 14.9457
154 -4.0533 -0.4923 -0.0563 2.1857 2.3427 2.8927 15.2827
155 -4.1813 -0.4563 -0.0483 2.0837 2.3327 2.8817 15.6217
156 -4.3103 -0.4203 -0.0353 1.9837 2.3247 2.8717 15.9607
157 -4.4403 -0.3833 -0.0193 1.8847 2.3187 2.8607 16.2977
158 -4.5703 -0.3453 -0.000300000000001 1.7877 2.3137 2.8517 16.6317
159 -4.6993 -0.3073 0.0217 1.6927 2.3117 2.8417 16.9627
160 -4.8263 -0.2693 0.0457 1.5997 2.3127 2.8337 17.2867
161 -4.9513 -0.2313 0.0697 1.5087 2.3147 2.8247 17.6027
162 -5.0743 -0.1933 0.0947 1.4207 2.3207 2.8167 17.9087
163 -5.1953 -0.1553 0.1197 1.3357 2.3297 2.8097 18.2017
164 -5.3113 -0.1173 0.1447 1.2527 2.3407 2.8027 18.4797
165 -5.4243 -0.0803 0.1687 1.1737 2.3547 2.7967 18.7377
166 -5.5343 -0.0433 0.1917 1.0977 2.3717 2.7917 18.9757
167 -5.6393 -0.0073 0.2137 1.0247 2.3907 2.7867 19.1887
168 -5.7393 0.0277 0.2337 0.9547 2.4127 2.7827 19.3767
169 -5.8353 0.0617 0.2517 0.8887 2.4357 2.7787 19.5357
170 -5.9263 0.0947 0.2687 0.8267 2.4617 2.7747 19.6687
171 -6.0113 0.1257 0.2837 0.7677 2.4877 2.7717 19.7747
172 -6.0923 0.1557 0.2967 0.7127 2.5147 2.7687 19.8557
173 -6.1673 0.1837 0.3087 0.6617 2.5427 2.7657 19.9147
174 -6.2363 0.2107 0.3187 0.6137 2.5707 2.7637 19.9557
175 -6.3003 0.2357 0.3267 0.5707 2.5977 2.7617 19.9807
176 -6.3583 0.2587 0.3347 0.5307 2.6237 2.7607 19.9937
177 -6.4103 0.2787 0.3407 0.4947 2.6487 2.7597 19.9977
178 -6.4563 0.2977 0.3467 0.4637 2.6717 2.7587 19.9947
179 -6.4963 0.3137 0.3507 0.4357 2.6927 2.7567 19.9877
180 -6.5303 0.3277 0.3537 0.4127 2.7107 2.7567 19.9787
181 -6.5583 0.3397 0.3557 0.3937 2.7267 2.7557 19.9687
182 -6.5803 0.3487 0.3577 0.3797 2.7387 2.7557 19.9597
183 -6.5953 0.3547 0.3587 0.3687 2.7477 2.7547 19.9537
184 -6.6053 0.3587 0.3597 0.3627 2.7527 2.7547 19.9487
185 -6.6083 0.3607 0.3607 0.3607 2.7547 2.7547 19.9467
186 -6.6053 0.3597 0.3597 0.3627 2.7537 2.7537 19.9497
187 -6.5973 0.3567 0.3567 0.3687 2.7517 2.7517 19.9567
188 -6.5833 0.3527 0.3527 0.3797 2.7477 2.7477 19.9687
189 -6.5633 0.3467 0.3467 0.3957 2.7427 2.7427 19.9847
190 -6.5383 0.3387 0.3387 0.4147 2.7357 2.7357 20.0037
191 -6.5083 0.3297 0.3297 0.4397 2.7287 2.7287 20.0237
192 -6.4723 0.3187 0.3187 0.4687 2.7197 2.7197 20.0457
193 -6.4313 0.3047 0.3047 0.5017 2.7107 2.7107 20.0657
194 -6.3843 0.2897 0.2897 0.5387 2.6997 2.6997 20.0837
195 -6.3323 0.2727 0.2727 0.5797 2.6887 2.6887 20.0967
196 -6.2753 0.2537 0.2537 0.6257 2.6787 2.6787 20.1027
197 -6.2133 0.2327 0.2327 0.6757 2.6677 2.6677 20.0997
198 -6.1463 0.2097 0.2097 0.7307 2.6567 2.6567 20.0857
199 -6.0743 0.1847 0.1847 0.7897 2.6467 2.6467 20.0587
200 -5.9973 0.1577 0.1577 0.8527 2.6367 2.6367 20.0167
201 -5.9153 0.1287 0.1287 0.9207 2.6277 2.6277 19.9597
202 -5.8283 0.0987 0.0987 0.9927 2.6197 2.6197 19.8857
203 -5.7373 0.0657 0.0657 1.0687 2.6137 2.6137 19.7957
204 -5.6423 0.0317 0.0317 1.1497 2.6077 2.6077 19.6887
205 -5.5423 -0.0033 -0.0033 1.2347 2.6037 2.6037 19.5667
206 -5.4393 -0.0403 -0.0403 1.3237 2.6007 2.6007 19.4307
207 -5.3313 -0.0783 -0.0783 1.4167 2.5997 2.5997 19.2807
208 -5.2203 -0.1173 -0.1173 1.5147 2.5997 2.5997 19.1197
209 -5.1053 -0.1573 -0.1573 1.6157 2.6017 2.6017 18.9477
210 -4.9873 -0.1993 -0.1993 1.7217 2.6047 2.6047 18.7677
211 -4.8653 -0.2403 -0.2403 1.8327 2.6097 2.6097 18.5807
212 -4.7413 -0.2833 -0.2833 1.9467 2.6157 2.6157 18.3867
213 -4.6143 -0.3263 -0.3263 2.0647 2.6227 2.6227 18.1877
214 -4.4843 -0.3693 -0.3693 2.1877 2.6307 2.6307 17.9857
215 -4.3523 -0.4123 -0.4123 2.3137 2.6407 2.6407 17.7797
216 -4.2183 -0.4553 -0.4553 2.4437 2.6517 2.6517 17.5717
217 -4.0833 -0.4973 -0.4973 2.5777 2.6627 2.6627 17.3617
218 -3.9463 -0.5393 -0.5393 2.6757 2.6757 2.7177 17.1517
219 -3.8083 -0.5813 -0.5813 2.6897 2.6897 2.8597 16.9397
220 -3.6693 -0.6213 -0.6213 2.7047 2.7047 3.0057 16.7287
221 -3.5303 -0.6613 -0.6613 2.7197 2.7197 3.1557 16.5177
222 -3.3913 -0.7003 -0.7003 2.7357 2.7357 3.3087 16.3077
223 -3.2533 -0.7383 -0.7383 2.7517 2.7517 3.4667 16.0987
224 -3.1153 -0.7743 -0.7743 2.7687 2.7687 3.6277 15.8907
225 -2.9783 -0.8103 -0.8103 2.7867 2.7867 3.7917 15.6037
226 -2.8423 -0.8443 -0.8443 2.8037 2.8037 3.9607 15.2897
227 -2.7093 -0.8763 -0.8763 2.8217 2.8217 4.1327 14.9837
228 -2.5783 -0.9073 -0.9073 2.8387 2.8387 4.3077 14.6857
229 -2.4503 -0.9363 -0.9363 2.8577 2.8577 4.4857 14.3967
230 -2.3253 -0.9643 -0.9643 2.8757 2.8757 4.6677 14.1177
231 -2.2043 -0.9903 -0.9903 2.8937 2.8937 4.8547 13.8477
232 -2.0873 -1.0153 -1.0153 2.9107 2.9107 5.0447 13.5867
233 -1.9753 -1.0383 -1.0383 2.9277 2.9277 5.2377 13.3367
234 -1.8683 -1.0583 -1.0583 2.9457 2.9457 5.4347 13.0967
235 -1.7663 -1.0783 -1.0783 2.9617 2.9617 5.6357 12.8677
236 -1.6703 -1.0943 -1.0943 2.9797 2.9797 5.8407 12.6487
237 -1.5803 -1.1103 -1.1103 2.9947 2.9947 6.0487 12.4417
238 -1.4973 -1.1243 -1.1243 3.0107 3.0107 6.2617 12.2447
239 -1.4213 -1.1363 -1.1363 3.0257 3.0257 6.4777 12.0597
240 -1.3523 -1.1473 -1.1473 3.0397 3.0397 6.6977 11.8847
241 -1.2903 -1.1553 -1.1553 3.0537 3.0537 6.9217 11.7217
242 -1.2353 -1.1623 -1.1623 3.0667 3.0667 7.1507 11.5687
243 -1.1873 -1.1673 -1.1673 3.0787 3.0787 7.3847 11.4267
244 -1.1713 -1.1713 -1.1473 3.0907 3.0907 7.6217 11.2957
245 -1.1733 -1.1733 -1.1143 3.1017 3.1017 7.8637 11.1747
246 -1.1733 -1.1733 -1.0883 3.1117 3.1117 8.1097 11.0637
247 -1.1723 -1.1723 -1.0693 3.1207 3.1207 8.3607 10.9627
248 -1.1703 -1.1703 -1.0573 3.1297 3.1297 8.6157 10.8707
249 -1.1663 -1.1663 -1.0503 3.1367 3.1367 8.8757 10.7867
250 -1.1603 -1.1603 -1.0503 3.1437 3.1437 9.1407 10.7117
251 -1.1543 -1.1543 -1.0553 3.1487 3.1487 9.4107 10.6447
252 -1.1463 -1.1463 -1.0643 3.1527 3.1527 9.6847 10.5847
253 -1.1383 -1.1383 -1.0783 3.1557 3.1557 9.9627 10.5317
254 -1.1283 -1.1283 -1.0963 3.1577 3.1577 10.2427 10.4887
255 -1.1183 -1.1183 -1.1183 3.1567 3.1567 10.4247 10.5537
