1 -8.883682 0.612768 0.6134679999999999 0.6140279999999999 2.908258 2.908338
2 -8.880892 0.613178 0.613478 0.615088 2.905338 2.9097079999999997
3 -8.872522 0.613398 0.613528 0.6192979999999999 2.896428 2.913998
4 -8.858592 0.6135379999999999 0.6136379999999999 0.626558 2.881588 2.921128
5 -8.839112 0.6137279999999999 0.613818 0.636748 2.860858 2.931058
6 -8.814102 0.6140279999999999 0.614108 0.6498379999999999 2.834278 2.943728
7 -8.783582 0.6144879999999999 0.6145579999999999 0.665828 2.801898 2.9590579999999997
8 -8.747592 0.615158 0.615238 0.6846979999999999 2.763778 2.976988
9 -8.706161999999999 0.6161179999999999 0.616188 0.7064379999999999 2.720018 2.997398
10 -8.659352 0.617428 0.617498 0.731018 2.670678 3.020178
11 -8.607202 0.619178 0.619258 0.7584179999999999 2.615888 3.045208
12 -8.549771999999999 0.6214679999999999 0.621548 0.7886179999999999 2.555738 3.072338
13 -8.487122 0.6243879999999999 0.6244679999999999 0.821608 2.490358 3.101418
14 -8.419331999999999 0.628038 0.628118 0.857328 2.419898 3.132298
15 -8.346472 0.632548 0.632628 0.895778 2.344488 3.164798
16 -8.268632 0.638018 0.6380979999999999 0.936898 2.264298 3.198738
17 -8.185891999999999 0.644578 0.644658 0.980668 2.179498 3.233928
18 -8.098362 0.6523479999999999 0.652438 1.027048 2.090258 3.270198
19 -8.006152 0.6614779999999999 0.661558 1.075968 1.996778 3.3073479999999997
20 -7.909371999999999 0.6720879999999999 0.672168 1.127408 1.899258 3.345188
21 -7.808141999999999 0.684318 0.684398 1.181308 1.797908 3.383548
22 -7.702611999999999 0.698318 0.698388 1.237598 1.692938 3.4222479999999997
23 -7.592911999999999 0.714208 0.714278 1.296238 1.5845879999999999 3.461118
24 -7.4792119999999995 0.7321479999999999 0.732208 1.357148 1.4730779999999999 3.500018
25 -7.361662 0.752278 0.752328 1.358658 1.420278 3.538818
26 -7.240451999999999 0.774728 0.774778 1.2415779999999998 1.485538 3.5774179999999998
27 -7.115772 0.7996479999999999 0.7996979999999999 1.1220679999999998 1.5528579999999998 3.615738
28 -6.987832 0.827178 0.827228 1.000398 1.622158 3.6537479999999998
29 -6.856862 0.8574579999999999 0.857498 0.8768279999999999 1.6933479999999999 3.6914379999999998
30 -6.723082 0.7516079999999999 0.8906179999999999 0.8906679999999999 1.766348 3.728848
31 -6.5867819999999995 0.625008 0.926788 0.9268379999999999 1.841048 3.766078
32 -6.4482219999999995 0.497288 0.9660979999999999 0.966158 1.917348 3.803268
33 -6.307702 0.36870800000000004 1.008668 1.008738 1.995158 3.840618
34 -6.1655619999999995 0.239518 1.054628 1.054698 2.074358 3.878388
35 -6.022142 0.10997799999999999 1.104068 1.104138 2.154818 3.916918
36 -5.877812 -0.019652 1.157098 1.157178 2.236438 3.956608
37 -5.732982 -0.149122 1.213808 1.2138879999999999 2.319088 3.997928
38 -5.588092 -0.278192 1.274278 1.274368 2.402638 4.0414080000000006
39 -5.443562 -0.406632 1.338588 1.338668 2.486948 4.087668000000001
40 -5.2999019999999994 -0.5342020000000001 1.406768 1.406858 2.571888 4.1373880000000005
41 -5.157602 -0.660672 1.478888 1.478968 2.657308 4.191308
42 -5.017192 -0.7858320000000001 1.554948 1.5550279999999999 2.743058 4.250238
43 -4.879201999999999 -0.9094720000000001 1.634968 1.635038 2.828998 4.315008000000001
44 -4.744172 -1.031382 1.718928 1.718988 2.914958 4.3864980000000005
45 -4.612661999999999 -1.151362 1.806778 1.806838 3.000798 4.465598
46 -4.485192 -1.269252 1.898468 1.898528 3.086338 4.553198
47 -4.362272 -1.384852 1.993908 1.993958 3.171428 4.650118
48 -4.244402 -1.498002 2.092968 2.093018 3.2558979999999997 4.757108000000001
49 -4.132002 -1.6085420000000001 2.195508 2.195548 3.339578 4.874818
50 -4.025452 -1.7163220000000001 2.301328 2.301368 3.422298 5.003688
51 -3.925052 -1.821202 2.410208 2.410258 3.503888 5.143908000000001
52 -3.831032 -1.9230420000000001 2.5218979999999998 2.521948 3.584178 5.295348000000001
53 -3.743542 -2.021722 2.636098 2.636148 3.663008 5.457398
54 -3.662642 -2.117122 2.752438 2.7525079999999997 3.740188 5.628878
55 -3.588302 -2.209132 2.870568 2.870648 3.815558 5.8078780000000005
56 -3.520432 -2.297662 2.990048 2.990128 3.888958 5.991558
57 -3.458872 -2.382602 3.110388 3.110478 3.960218 6.175908000000001
58 -3.403442 -2.463862 3.2310879999999997 3.231188 4.029168 6.355578
59 -3.353902 -2.541382 3.351588 3.351688 4.095658 6.523708
60 -3.310042 -2.615082 3.471278 3.4713979999999998 4.159538 6.671818
61 -3.2716920000000003 -2.684882 3.589528 3.589658 4.220638 6.790008
62 -3.238702 -2.750722 3.705678 3.7058079999999998 4.278838 6.867438000000001
63 -3.211002 -2.8125620000000002 3.819018 3.819158 4.333988000000001 6.893288
64 -3.1885820000000002 -2.870332 3.9288279999999998 3.928988 4.385948 6.858268000000001
65 -3.171482 -2.923992 4.034378 4.0345580000000005 4.434598 6.756408
66 -3.1597720000000002 -2.973502 4.134938 4.135148 4.479818000000001 6.5869480000000005
67 -3.153462 -3.018822 4.229748000000001 4.229998 4.521488000000001 6.355608
68 -3.152432 -3.0599220000000003 4.318098 4.318408000000001 4.559518000000001 6.0746080000000005
69 -3.156332 -3.096772 4.399268 4.399668 4.593818000000001 5.761468000000001
70 -3.164532 -3.129342 4.472558 4.473118 4.624278 5.436508000000001
71 -3.1760420000000003 -3.157612 4.537228000000001 4.5381480000000005 4.650838 5.120008
72 -3.189562 -3.181572 4.591958 4.594188000000001 4.673428 4.830388
73 -3.203582 -3.2011920000000003 4.5695380000000005 4.640748 4.648058000000001 4.692008
74 -3.216542 -3.216452 4.372958000000001 4.677408000000001 4.679098000000001 4.706498000000001
75 -3.227382 -3.226982 4.226268 4.703818 4.704918 4.7168980000000005
76 -3.2339320000000003 -3.233742 4.137158 4.719628 4.720678 4.7232780000000005
77 -3.236132 -3.236072 4.107308000000001 4.724338 4.725928000000001 4.726008
78 -3.233902 -3.233822 4.136528 4.7173680000000004 4.720608 4.726088000000001
79 -3.227362 -3.226972 4.218718 4.693968000000001 4.710808 4.727768
80 -3.2167120000000002 -3.215502 4.3269280000000006 4.655028000000001 4.719998 4.732508
81 -3.202282 -3.199382 4.386118000000001 4.601038 4.732708000000001 4.828308000000001
82 -3.184482 -3.178532 4.355718 4.532508 4.737618 5.0635580000000004
83 -3.1637720000000003 -3.152872 4.274718 4.450058 4.7432680000000005 5.385918
84 -3.140652 -3.122292 4.166458 4.354428 4.749828000000001 5.765858000000001
85 -3.115592 -3.086662 4.0395080000000005 4.246448 4.757328 6.187558
86 -3.089082 -3.045842 3.898248 4.127048 4.765748 6.638668
87 -3.061562 -2.999682 3.745808 3.997188 4.775068 7.107548
88 -3.033512 -2.948012 3.584968 3.857908 4.785258000000001 7.583138000000001
89 -3.005372 -2.890642 3.418358 3.710248 4.796298 8.055168
90 -2.977652 -2.827382 3.248548 3.555308 4.808148 8.514628
91 -2.950842 -2.758022 3.078058 3.394138 4.820768 8.954138
92 -2.925502 -2.682352 2.909318 3.227818 4.834128000000001 9.368068000000001
93 -2.902222 -2.600162 2.744628 3.057358 4.848198 9.752738
94 -2.881622 -2.511232 2.586138 2.883788 4.862908 10.106098000000001
95 -2.864362 -2.415342 2.435838 2.708038 4.878228 10.427628
96 -2.851122 -2.3122920000000002 2.2954879999999998 2.531038 4.894118000000001 10.717948
97 -2.842572 -2.201862 2.166638 2.353628 4.910508 10.978558
98 -2.839322 -2.083872 2.050588 2.176618 4.927358000000001 11.211538000000001
99 -2.841932 -1.958162 1.948358 2.000748 4.944618 11.419258000000001
100 -2.850852 -1.824562 1.826468 1.860938 4.9622280000000005 11.604258
101 -2.866382 -1.6829720000000001 1.654838 1.788368 4.980118 11.769028
102 -2.888652 -1.533302 1.4860879999999999 1.7311079999999999 4.998248 11.915958
103 -2.917612 -1.375532 1.3207879999999999 1.688998 5.016548 12.047268
104 -2.953032 -1.209672 1.159378 1.661618 5.034968 12.164968
105 -2.994502 -1.035812 1.002238 1.648318 5.053428 12.270848
106 -3.041452 -0.854082 0.849718 1.648248 5.071878000000001 12.366468000000001
107 -3.093222 -0.664742 0.702098 1.660378 5.090248000000001 12.453208
108 -3.1490620000000002 -0.468102 0.5596479999999999 1.6835579999999999 5.108478000000001 12.532218
109 -3.2081720000000002 -0.264602 0.422578 1.716558 5.126508 12.604498
110 -3.269752 -0.054802000000000003 0.291068 1.7581179999999998 5.144278000000001 12.670898000000001
111 -3.333002 0.160648 0.165278 1.806958 5.161708 12.732108
112 -3.397182 0.045308 0.380938 1.861828 5.178758 12.788718000000001
113 -3.4615620000000002 -0.06871200000000001 0.6050979999999999 1.921508 5.195348 12.841208
114 -3.525502 -0.176722 0.8320479999999999 1.984828 5.211428000000001 12.889948
115 -3.5883920000000002 -0.278642 1.0605179999999998 2.050648 5.2269380000000005 12.935268
116 -3.649702 -0.374432 1.2890979999999999 2.117918 5.241828000000001 12.977408
117 -3.708932 -0.464062 1.516228 2.185638 5.256038 13.016548
118 -3.765662 -0.547512 1.740218 2.252868 5.269508 13.052838000000001
119 -3.819502 -0.6247520000000001 1.959198 2.318708 5.282198 13.086368
120 -3.870112 -0.6957920000000001 2.171268 2.382358 5.294058000000001 13.117218000000001
121 -3.917212 -0.760622 2.374368 2.443058 5.305038000000001 13.145418000000001
122 -3.960512 -0.819242 2.500108 2.566428 5.315108 13.170998
123 -3.9998220000000004 -0.8716520000000001 2.5528779999999998 2.745348 5.324218 13.193948
124 -4.034922 -0.917872 2.600808 2.909088 5.3323480000000005 13.214278
125 -4.065662 -0.9579120000000001 2.643378 3.0556579999999998 5.339448 13.231968
126 -4.091892 -0.9917720000000001 2.680148 3.183188 5.345508000000001 13.246978
127 -4.1135019999999995 -1.019462 2.710758 3.290038 5.350498 13.259308
128 -4.130412 -1.040982 2.7348879999999998 3.374728 5.354398000000001 13.268928
129 -4.142531999999999 -1.056362 2.752288 3.436098 5.357198 13.275808
130 -4.1498219999999995 -1.065582 2.762798 3.473278 5.358878000000001 13.279948000000001
131 -4.1522619999999995 -1.0686520000000002 2.766318 3.485728 5.359438000000001 13.281328
132 -4.156082 -1.067372 2.764398 3.485068 5.354078 13.009418
133 -4.167642 -1.063522 2.758528 3.483108 5.338018000000001 12.247178
134 -4.187262 -1.057112 2.7483779999999998 3.479838 5.311388 11.131378
135 -4.215462 -1.048172 2.733268 3.475298 5.274348000000001 9.828588
136 -4.252882 -1.036712 2.711988 3.469508 5.227168000000001 8.486458
137 -4.3002519999999995 -1.022762 2.6823479999999997 3.462508 5.170158000000001 7.210788
138 -4.358332 -1.0063520000000001 2.640248 3.454328 5.103688 6.064828
139 -4.427721999999999 -0.9875320000000001 2.577538 3.4450279999999998 5.0281780000000005 5.082258
140 -4.508842 -0.966342 2.477588 3.434668 4.283138 4.944178
141 -4.601792 -0.942832 2.311038 3.423288 3.688698 4.852148000000001
142 -4.706251999999999 -0.917062 2.054588 3.308218 3.410978 4.752648000000001
143 -4.821502 -0.8891020000000001 1.739068 3.095298 3.397788 4.646298000000001
144 -4.946412 -0.859032 1.4244679999999998 2.974548 3.383808 4.533708000000001
145 -5.079612 -0.8269120000000001 1.145028 2.897518 3.369098 4.415498
146 -5.219501999999999 -0.7928320000000001 0.910508 2.841868 3.353758 4.292328
147 -5.364502 -0.756892 0.719988 2.797618 3.337848 4.164818
148 -5.513062 -0.719192 0.568978 2.760008 3.321458 4.033638000000001
149 -5.663822 -0.679822 0.452088 2.726628 3.304678 3.899398
150 -5.815542 -0.6389020000000001 0.364168 2.696208 3.287588 3.7627479999999998
151 -5.967242 -0.5965520000000001 0.300538 2.668068 3.270258 3.624278
152 -6.118072 -0.5528820000000001 0.257168 2.641878 3.252778 3.484588
153 -6.267352 -0.508042 0.230568 2.617518 3.235218 3.344248
154 -6.414552 -0.462142 0.217778 2.594988 3.203798 3.2176679999999998
155 -6.559202 -0.415342 0.216258 2.574398 3.063768 3.2001779999999997
156 -6.700971999999999 -0.367782 0.22381800000000002 2.555888 2.924628 3.182838
157 -6.839551999999999 -0.319622 0.238568 2.539668 2.786868 3.165698
158 -6.974702 -0.270992 0.258858 2.525958 2.6508979999999998 3.148828
159 -7.106211999999999 -0.222082 0.283258 2.514988 2.517158 3.132278
160 -7.233902 -0.173042 0.310468 2.386008 2.5069879999999998 3.116118
161 -7.357612 -0.12403200000000002 0.339388 2.2577979999999997 2.502168 3.100368
162 -7.477201999999999 -0.075242 0.369018 2.1328679999999998 2.500698 3.085098
163 -7.5925519999999995 -0.026831999999999998 0.398538 2.011518 2.502728 3.070338
164 -7.7035219999999995 0.021018 0.427198 1.894018 2.508318 3.056118
165 -7.810022 0.068138 0.454438 1.780618 2.517468 3.042468
166 -7.911942 0.11434799999999999 0.479788 1.671578 2.5300979999999997 3.029418
167 -8.009191999999999 0.159478 0.502918 1.567068 2.546038 3.016998
168 -8.101671999999999 0.203348 0.5236179999999999 1.467318 2.565028 3.005218
169 -8.189312 0.24579800000000002 0.5417879999999999 1.372488 2.586738 2.994088
170 -8.272032 0.286638 0.5574279999999999 1.2827279999999999 2.610728 2.983628
171 -8.349751999999999 0.325718 0.5706279999999999 1.198188 2.636548 2.973848
172 -8.422412 0.362888 0.581518 1.1189879999999999 2.663678 2.964748
173 -8.489942 0.397978 0.5903179999999999 1.045258 2.691558 2.956328
174 -8.552292 0.430848 0.597248 0.977088 2.719648 2.948608
175 -8.609392 0.461358 0.6025379999999999 0.914578 2.747388 2.941558
176 -8.661202 0.48937800000000004 0.6064579999999999 0.857788 2.774258 2.935208
177 -8.707682 0.514788 0.609238 0.806808 2.799748 2.929528
178 -8.748792 0.537488 0.6111179999999999 0.7616879999999999 2.823378 2.924538
179 -8.784481999999999 0.5573579999999999 0.6122979999999999 0.722478 2.844758 2.9202179999999998
180 -8.814741999999999 0.574328 0.6129779999999999 0.6892379999999999 2.863488 2.916568
181 -8.839532 0.588318 0.613308 0.6619879999999999 2.879248 2.913598
182 -8.858832 0.599258 0.613428 0.640768 2.891788 2.911278
183 -8.872632 0.607088 0.613448 0.6256079999999999 2.9008979999999998 2.909628
184 -8.880922 0.611718 0.6134679999999999 0.6165379999999999 2.906418 2.908648
185 -8.883682 0.612768 0.6134679999999999 0.6140279999999999 2.908258 2.908338
186 -8.881212 0.612258 0.613088 0.616228 2.907578 2.907658
187 -8.873821999999999 0.6094679999999999 0.610278 0.6257579999999999 2.905558 2.905638
188 -8.861502 0.6047579999999999 0.605568 0.6416879999999999 2.902248 2.902328
189 -8.844261999999999 0.5981179999999999 0.5989279999999999 0.6639879999999999 2.897718 2.897798
190 -8.822132 0.589498 0.5903079999999999 0.6926479999999999 2.892098 2.892168
191 -8.795102 0.5788479999999999 0.579668 0.727668 2.885498 2.8855779999999998
192 -8.763202 0.566108 0.5669379999999999 0.7690279999999999 2.878098 2.878178
193 -8.726472 0.551218 0.552048 0.8167279999999999 2.870078 2.870158
194 -8.684911999999999 0.5341079999999999 0.5349379999999999 0.8707579999999999 2.861638 2.861708
195 -8.638562 0.5147079999999999 0.515548 0.931098 2.852978 2.8530379999999997
196 -8.587462 0.492958 0.493808 0.9977379999999999 2.844318 2.844378
197 -8.531652 0.468808 0.469658 1.0706579999999999 2.835878 2.835938
198 -8.471162 0.442218 0.443078 1.1498279999999999 2.827878 2.827928
199 -8.406042 0.413158 0.414028 1.235228 2.820528 2.820558
200 -8.336352 0.38163800000000003 0.382518 1.326838 2.814008 2.814028
201 -8.262132 0.347658 0.348548 1.424618 2.808498 2.808518
202 -8.183442 0.311278 0.312168 1.528538 2.804158 2.8041679999999998
203 -8.100342 0.272538 0.27344799999999997 1.638568 2.8011179999999998 2.801128
204 -8.012922 0.231558 0.232468 1.754638 2.7994879999999998 2.799508
205 -7.921232 0.188428 0.18934800000000002 1.8767179999999999 2.799348 2.799388
206 -7.825352 0.143298 0.144228 2.0047580000000003 2.800768 2.800808
207 -7.725362 0.096338 0.097268 2.1386979999999998 2.803768 2.8038279999999998
208 -7.621352 0.047708 0.048648 2.278458 2.8083679999999998 2.8084379999999998
209 -7.513412 -0.002382000000000002 -0.0014420000000000023 2.423988 2.814548 2.814628
210 -7.401631999999999 -0.053742 -0.05278200000000001 2.575198 2.822288 2.822378
211 -7.286122 -0.10613200000000002 -0.105172 2.732008 2.831538 2.831638
212 -7.166982 -0.159332 -0.15837199999999999 2.842238 2.842348 2.894328
213 -7.044332 -0.213112 -0.21215199999999998 2.854318 2.854438 3.062058
214 -6.9182619999999995 -0.267252 -0.266292 2.867688 2.8678179999999998 3.235108
215 -6.7889219999999995 -0.321502 -0.320542 2.882268 2.882408 3.413348
216 -6.656432 -0.37563199999999997 -0.374672 2.897958 2.898108 3.596658
217 -6.520912 -0.429432 -0.42847199999999996 2.914668 2.914828 3.784908
218 -6.382522 -0.482662 -0.481712 2.932288 2.932458 3.977978
219 -6.241371999999999 -0.5351220000000001 -0.5341720000000001 2.950718 2.950898 4.175708
220 -6.097632 -0.5866020000000001 -0.5856520000000001 2.969858 2.970048 4.377938
221 -5.951441999999999 -0.636892 -0.635962 2.989608 2.989808 4.584498
222 -5.802942 -0.6858120000000001 -0.6848920000000001 3.009878 3.010078 4.795218
223 -5.652302 -0.7331920000000001 -0.732272 3.030548 3.030758 5.009888
224 -5.499651999999999 -0.7788320000000001 -0.7779320000000001 3.051538 3.051758 5.228288
225 -5.345141999999999 -0.8225920000000001 -0.821712 3.072748 3.072978 5.450188000000001
226 -5.188931999999999 -0.8643120000000001 -0.863442 3.094098 3.094338 5.6752780000000005
227 -5.031142 -0.9038520000000001 -0.902992 3.115488 3.115738 5.903258
228 -4.871912 -0.9410620000000001 -0.940222 3.136848 3.137098 6.133738
229 -4.711341999999999 -0.975832 -0.9750120000000001 3.158088 3.158348 6.366278
230 -4.549522 -1.008042 -1.007242 3.179128 3.179398 6.600338000000001
231 -4.386512 -1.037582 -1.036802 3.1999079999999998 3.200188 6.8352580000000005
232 -4.222341999999999 -1.064352 -1.063602 3.220358 3.220638 7.070208
233 -4.057011999999999 -1.0882720000000001 -1.087542 3.240398 3.240688 7.304178
234 -3.890472 -1.109262 -1.108562 3.259988 3.260278 7.535888000000001
235 -3.7226120000000003 -1.1272520000000001 -1.1265720000000001 3.279038 3.279338 7.763728
236 -3.553272 -1.142172 -1.1415220000000001 3.297518 3.297818 7.985678
237 -3.382212 -1.1539920000000001 -1.153362 3.315368 3.315658 8.199228
238 -3.209182 -1.162652 -1.1620620000000002 3.332538 3.332828 8.401208
239 -3.033832 -1.168132 -1.167572 3.348968 3.349258 8.587738
240 -2.855792 -1.170412 -1.169882 3.364638 3.364918 8.754118
241 -2.674722 -1.169492 -1.169002 3.3794779999999998 3.379758 8.894758000000001
242 -2.490322 -1.165372 -1.164912 3.393478 3.393748 9.003208
243 -2.302502 -1.1580620000000001 -1.157642 3.406578 3.406838 9.072358000000001
244 -2.111482 -1.147612 -1.147232 3.418768 3.419008 9.094908
245 -1.918032 -1.1340620000000001 -1.133712 3.429988 3.430218 9.064128
246 -1.723762 -1.117462 -1.1171520000000001 3.440228 3.440438 8.975158
247 -1.5315020000000001 -1.0979020000000002 -1.097622 3.449458 3.449648 8.826578
248 -1.345582 -1.0754620000000001 -1.0752220000000001 3.457658 3.457828 8.622288000000001
249 -1.172282 -1.050252 -1.050052 3.464798 3.464948 8.373148
250 -1.022412 -1.022242 -1.019692 3.4708579999999998 3.4709879999999997 8.097518
251 -0.9920720000000001 -0.9919420000000001 -0.8972720000000001 3.475828 3.4759379999999998 7.820298
252 -0.959422 -0.959322 -0.814382 3.479708 3.479778 7.569708
253 -0.924622 -0.924562 -0.778162 3.482478 3.482528 7.372428
254 -0.8879020000000001 -0.887872 -0.7910320000000001 3.4841379999999997 3.484158 7.2482880000000005
255 -0.8494820000000001 -0.8494820000000001 -0.8493820000000001 3.484688 3.484708 7.206798
