1 -7.337924 0.834706 0.933076 0.933236 2.803756 2.953766 141.692596 141.909206 142.065336
2 -7.334924 0.836106 0.932566 0.932736 2.804546 2.951316 141.243166 141.633996 141.734496
3 -7.325934 0.840296 0.931066 0.931236 2.806916 2.943956 139.645346 140.863446 140.964626
4 -7.310954 0.847296 0.928586 0.928756 2.810836 2.931716 136.968326 139.632346 139.734796
5 -7.290004 0.857066 0.925156 0.925316 2.816296 2.914606 133.351106 137.938566 138.038826
6 -7.263084 0.869616 0.920806 0.920976 2.823226 2.892676 128.930026 135.798346 135.894576
7 -7.230224 0.884926 0.915606 0.915776 2.831596 2.865956 123.853566 133.235676 133.326656
8 -7.191454 0.902936 0.909666 0.909786 2.834506 2.841336 118.276846 130.280336 130.365166
9 -7.146784 0.902866 0.903056 0.923806 2.798396 2.852386 112.351546 126.966106 127.044116
10 -7.096264 0.895526 0.895706 0.947276 2.757696 2.864646 106.220296 123.330916 123.401616
11 -7.039934 0.887636 0.887816 0.973436 2.712486 2.878046 100.009776 119.415116 119.478206
12 -6.977854 0.879306 0.879476 1.002236 2.662866 2.892496 93.829516 115.261816 115.317146
13 -6.910054 0.870656 0.870826 1.033646 2.608926 2.907906 87.769056 110.914866 110.962446
14 -6.836624 0.861796 0.861966 1.067636 2.550786 2.924166 81.900026 106.419316 106.459296
15 -6.757614 0.852876 0.853036 1.104166 2.488556 2.941216 76.275866 101.819236 101.851916
16 -6.673134 0.844016 0.844176 1.143176 2.422376 2.958956 70.935456 97.158316 97.184126
17 -6.583254 0.835376 0.835526 1.184646 2.352376 2.977306 65.903766 92.477716 92.497206
18 -6.488104 0.827096 0.827236 1.228506 2.278696 2.996216 61.195716 87.816736 87.830656
19 -6.387784 0.819356 0.819486 1.274706 2.201486 3.015636 56.816766 83.210846 83.220276
20 -6.282454 0.812306 0.812426 1.323206 2.120916 3.035536 52.766336 78.692396 78.699256
21 -6.172254 0.806136 0.806246 1.373916 2.037136 3.055906 49.038046 74.289136 74.296236
22 -6.057374 0.801026 0.801126 1.426796 1.950336 3.076766 45.622416 70.026336 70.035456
23 -5.938014 0.797146 0.797246 1.481776 1.860676 3.098166 42.506876 65.924786 65.936266
24 -5.814384 0.794716 0.794816 1.538776 1.768336 3.120156 39.677226 62.000666 62.014316
25 -5.686754 0.793936 0.794036 1.597726 1.673516 3.142846 37.118526 58.266356 58.281826
26 -5.555384 0.794986 0.795106 1.576396 1.658546 3.166356 34.814976 54.729816 54.746686
27 -5.420614 0.798106 0.798246 1.477176 1.721156 3.190796 32.751036 51.395926 51.413836
28 -5.282774 0.803496 0.803656 1.376056 1.785476 3.216346 30.911046 48.265916 48.284506
29 -5.142254 0.811376 0.811566 1.273246 1.851396 3.243146 29.280076 45.338636 45.357606
30 -4.999464 0.821946 0.822166 1.168936 1.918856 3.271376 27.843466 42.610116 42.629196
31 -4.854864 0.835416 0.835676 1.063356 1.987726 3.301186 26.587456 40.074776 40.093736
32 -4.708934 0.851926 0.852276 0.956766 2.057926 3.332746 25.498786 37.725016 37.743676
33 -4.562204 0.848006 0.872116 0.873116 2.129336 3.366226 24.565096 35.552396 35.570606
34 -4.415224 0.740536 0.895446 0.895826 2.201866 3.401796 23.774596 33.547196 33.564836
35 -4.268594 0.631856 0.922486 0.922876 2.275396 3.439636 23.116326 31.699436 31.716416
36 -4.122914 0.522856 0.953366 0.953766 2.349816 3.479966 22.579916 29.998516 30.014776
37 -3.978844 0.413776 0.988196 0.988626 2.424996 3.523056 22.155706 28.434016 28.449516
38 -3.837054 0.304816 1.027106 1.027566 2.500836 3.569236 21.834556 26.995366 27.010076
39 -3.698244 0.196186 1.070186 1.070676 2.577186 3.618876 21.607916 25.672476 25.686386
40 -3.563094 0.088056 1.117526 1.118036 2.653946 3.672486 21.467706 24.455436 24.468546
41 -3.432334 -0.019364 1.169176 1.169706 2.730966 3.730596 21.406316 23.334996 23.347326
42 -3.306664 -0.125914 1.225186 1.225736 2.808126 3.793856 21.416486 22.302266 22.313896
43 -3.186784 -0.231384 1.285576 1.286136 2.885276 3.862956 21.348976 21.358246 21.493406
44 -3.073334 -0.335614 1.350346 1.350926 2.962296 3.938626 20.467746 20.477446 21.625596
45 -2.966924 -0.438434 1.419486 1.420086 3.039046 4.021626 19.651256 19.660286 21.811356
46 -2.868094 -0.539684 1.492986 1.493596 3.115376 4.112656 18.893216 18.901546 22.043656
47 -2.777284 -0.639194 1.570806 1.571416 3.191156 4.212386 18.187726 18.195346 22.316936
48 -2.694824 -0.736824 1.652886 1.653496 3.266236 4.321386 17.529516 17.536456 22.625876
49 -2.620934 -0.832414 1.739166 1.739786 3.340476 4.440096 16.913796 16.920066 22.965456
50 -2.555704 -0.925824 1.829586 1.830196 3.413726 4.568806 16.336316 16.341936 23.330796
51 -2.499064 -1.016934 1.924056 1.924656 3.485856 4.707656 15.793226 15.798226 23.717206
52 -2.450824 -1.105584 2.022476 2.023066 3.556716 4.856576 15.281176 15.285566 24.120126
53 -2.410664 -1.191684 2.124746 2.125326 3.626156 5.015306 14.797126 14.800936 24.535096
54 -2.378154 -1.275094 2.230736 2.231306 3.694046 5.183416 14.338476 14.341726 24.957716
55 -2.352734 -1.355724 2.340326 2.340866 3.760246 5.360276 13.902886 13.905606 25.383646
56 -2.333814 -1.433444 2.453346 2.453866 3.824606 5.545056 13.488386 13.490596 25.808526
57 -2.320694 -1.508164 2.569636 2.570126 3.887006 5.736796 13.093206 13.094936 26.228036
58 -2.312674 -1.579804 2.688976 2.689436 3.947316 5.934326 12.715896 12.717196 26.637766
59 -2.308994 -1.648254 2.811146 2.811576 4.005386 6.136346 12.355186 12.356096 27.033366
60 -2.308924 -1.713444 2.935856 2.936256 4.061106 6.341396 12.010066 12.010686 27.410436
61 -2.311724 -1.775304 3.062816 3.063176 4.114356 6.547886 11.679636 11.680176 27.764686
62 -2.316694 -1.833744 3.191616 3.191956 4.165006 6.754096 11.363286 11.363996 28.091906
63 -2.323154 -1.888714 3.321826 3.322136 4.212956 6.958196 11.060676 11.061646 28.388206
64 -2.330484 -1.940144 3.452886 3.453186 4.258086 7.158266 10.771636 10.772896 28.650066
65 -2.338134 -1.987984 3.584166 3.584446 4.300316 7.352306 10.496196 10.497726 28.874626
66 -2.345604 -2.032174 3.714876 3.715146 4.339526 7.538336 10.234546 10.236346 29.059886
67 -2.352494 -2.072684 3.844046 3.844326 4.375646 7.714356 9.987196 9.989246 29.204986
68 -2.358494 -2.109454 3.970536 3.970816 4.408576 7.878456 9.754866 9.757146 29.310456
69 -2.363404 -2.142444 4.092926 4.093216 4.438256 8.028876 9.538616 9.541106 29.378436
70 -2.367124 -2.171644 4.209556 4.209856 4.464606 8.164076 9.339816 9.342496 29.412816
71 -2.369674 -2.197004 4.318436 4.318736 4.487576 8.282766 9.160196 9.163066 29.419126
72 -2.371184 -2.218504 4.417266 4.417556 4.507106 8.383986 9.001856 9.004896 29.404376
73 -2.371864 -2.236114 4.503476 4.503716 4.523196 8.467046 8.867196 8.870416 29.376536
74 -2.371974 -2.249844 4.535596 4.574396 4.574736 8.531516 8.758776 8.762236 29.343836
75 -2.371794 -2.259654 4.544566 4.627386 4.627706 8.576906 8.679186 8.683206 29.314006
76 -2.371564 -2.265544 4.549956 4.660206 4.660516 8.601086 8.630696 8.637526 29.293336
77 -2.371474 -2.267504 4.551756 4.671326 4.671636 8.602986 8.614546 8.628096 29.285966
78 -2.370814 -2.266374 4.545166 4.660586 4.665326 8.610726 8.619586 8.638726 29.293296
79 -2.368824 -2.262974 4.521546 4.627936 4.651766 8.613396 8.642856 8.681796 29.314646
80 -2.365484 -2.257224 4.473436 4.574886 4.639876 8.609886 8.681606 8.757776 29.348176
81 -2.360764 -2.249054 4.399216 4.503306 4.633846 8.602866 8.732806 8.861946 29.390916
82 -2.354564 -2.238374 4.303076 4.415466 4.632446 8.591706 8.794676 8.990746 29.438946
83 -2.346754 -2.225184 4.189776 4.313816 4.633946 8.575346 8.865166 9.140956 29.487546
84 -2.337184 -2.209514 4.063166 4.200796 4.637376 8.552666 8.942296 9.309696 29.531486
85 -2.325654 -2.191454 3.926296 4.078746 4.642216 8.522616 9.024216 9.494406 29.565236
86 -2.311964 -2.171164 3.781656 3.949796 4.648186 8.484276 9.109356 9.692916 29.583326
87 -2.295934 -2.148884 3.631236 3.815866 4.655136 8.436936 9.196406 9.903426 29.580506
88 -2.277394 -2.124874 3.476696 3.678696 4.662946 8.380126 9.284326 10.124406 29.552086
89 -2.256214 -2.099454 3.319396 3.539776 4.671556 8.313566 9.372306 10.354646 29.494076
90 -2.232304 -2.072994 3.160416 3.400496 4.680886 8.237226 9.459766 10.593156 29.403336
91 -2.205624 -2.045914 3.000706 3.262086 4.690896 8.151276 9.546276 10.839106 29.277716
92 -2.176154 -2.018664 2.841026 3.125696 4.701546 8.056016 9.631556 11.091856 29.116066
93 -2.143924 -1.991724 2.682016 2.992406 4.712776 7.951916 9.715416 11.350856 28.918186
94 -2.109024 -1.965604 2.524236 2.863236 4.724546 7.839536 9.797746 11.615676 28.684826
95 -2.071654 -1.940774 2.368146 2.739176 4.736826 7.719496 9.878516 11.885976 28.417526
96 -2.032184 -1.917574 2.214156 2.621226 4.749566 7.592486 9.957716 12.161456 28.118556
97 -1.991474 -1.895894 2.062626 2.510306 4.762716 7.459206 10.035356 12.441896 27.790686
98 -1.951784 -1.874254 1.913846 2.407346 4.776226 7.320366 10.111506 12.727136 27.437106
99 -1.918814 -1.847744 1.768116 2.313236 4.790066 7.176676 10.186206 13.016966 27.061346
100 -1.899684 -1.809974 1.625666 2.228766 4.804176 7.028826 10.259526 13.311316 26.667006
101 -1.893884 -1.762154 1.486716 2.154656 4.818516 6.877456 10.331536 13.610046 26.257776
102 -1.897874 -1.708384 1.351476 2.091486 4.833036 6.723226 10.402336 13.913056 25.837316
103 -1.910024 -1.650724 1.220106 2.039666 4.847686 6.566716 10.471996 14.220286 25.409146
104 -1.929744 -1.590044 1.092776 1.999446 4.862416 6.408506 10.540646 14.531576 24.976656
105 -1.956684 -1.526804 0.969636 1.970826 4.877176 6.249116 10.608376 14.846846 24.543016
106 -1.990464 -1.461254 0.850806 1.953626 4.891916 6.089056 10.675336 15.165946 24.111136
107 -2.030594 -1.393604 0.736416 1.947466 4.906576 5.928806 10.741666 15.488656 23.683736
108 -2.076484 -1.324024 0.626556 1.951766 4.921126 5.768806 10.807536 15.814766 23.263236
109 -2.127404 -1.252694 0.521326 1.965796 4.935496 5.609486 10.873136 16.143936 22.851806
110 -2.182534 -1.179774 0.420806 1.988736 4.949656 5.451276 10.938656 16.475766 22.451376
111 -2.241024 -1.105454 0.325056 2.019656 4.963536 5.294546 11.004316 16.809766 22.063596
112 -2.301974 -1.029924 0.234126 2.057586 4.977086 5.139726 11.070346 17.145296 21.689886
113 -2.364524 -0.953394 0.148066 2.101536 4.986786 4.990686 11.136946 17.481546 21.331466
114 -2.427814 -0.876114 0.066886 2.150496 4.837306 5.003086 11.204336 17.817596 20.989276
115 -2.491034 -0.798344 -0.009364 2.203476 4.690556 5.015406 11.272666 18.152256 20.664126
116 -2.553444 -0.720404 -0.080714 2.259476 4.547336 5.027216 11.342056 18.484196 20.356616
117 -2.614354 -0.642634 -0.147154 2.317546 4.408126 5.038496 11.412546 18.811796 20.067196
118 -2.673154 -0.565444 -0.208694 2.376726 4.273416 5.049176 11.484046 19.133176 19.796276
119 -2.729284 -0.489284 -0.265384 2.436096 4.143756 5.059236 11.556356 19.444666 19.545686
120 -2.782274 -0.414684 -0.317244 2.494746 4.019766 5.068636 11.629096 19.309286 19.750256
121 -2.831704 -0.364354 -0.342204 2.551766 3.902106 5.077336 11.701696 19.094746 20.039926
122 -2.877234 -0.406694 -0.272604 2.606316 3.791526 5.085316 11.773396 18.899036 20.314156
123 -2.918554 -0.444374 -0.206594 2.657546 3.688866 5.092526 11.843186 18.722476 20.569996
124 -2.955444 -0.477444 -0.145014 2.704676 3.595026 5.098966 11.909876 18.565306 20.804556
125 -2.987714 -0.505964 -0.088804 2.746946 3.510966 5.104586 11.972106 18.427816 21.014986
126 -3.015214 -0.529984 -0.038924 2.783696 3.437716 5.109386 12.028376 18.310386 21.198526
127 -3.037834 -0.549554 0.003646 2.814346 3.376266 5.113326 12.077146 18.213426 21.352636
128 -3.055504 -0.564724 0.037946 2.838456 3.327516 5.116416 12.116946 18.137396 21.475056
129 -3.068154 -0.575534 0.063146 2.855756 3.292216 5.118626 12.146436 18.082716 21.563906
130 -3.075764 -0.582004 0.078556 2.866116 3.270876 5.119956 12.164576 18.049746 21.617796
131 -3.078294 -0.584154 0.083736 2.869566 3.263726 5.120406 12.170706 18.038726 21.635856
132 -3.080724 -0.583014 0.078406 2.869436 3.262276 5.113146 12.191156 18.085536 21.671906
133 -3.088074 -0.579574 0.062666 2.869016 3.257946 5.091516 12.252366 18.226146 21.780116
134 -3.100494 -0.573854 0.037256 2.868196 3.250896 5.055906 12.353956 18.461016 21.960656
135 -3.118294 -0.565864 0.003346 2.866816 3.241316 5.006966 12.495276 18.790996 22.213886
136 -3.141814 -0.555624 -0.037544 2.864696 3.229506 4.945546 12.675536 19.217266 22.540336
137 -3.171514 -0.543174 -0.083604 2.861666 3.215766 4.872666 12.893796 19.741306 22.940756
138 -3.207874 -0.528524 -0.132894 2.857536 3.200446 4.789416 13.149076 20.365046 23.416246
139 -3.251374 -0.511744 -0.183404 2.852186 3.183896 4.696996 13.440396 21.090646 23.968176
140 -3.302494 -0.492854 -0.233154 2.845536 3.166436 4.596596 13.766896 21.920736 24.598376
141 -3.361594 -0.471914 -0.280304 2.837546 3.148396 4.489396 14.127896 22.858266 25.309106
142 -3.428944 -0.448994 -0.323204 2.828206 3.130036 4.376536 14.522886 23.906366 26.102986
143 -3.504634 -0.424184 -0.360444 2.817586 3.111606 4.259106 14.951776 25.068576 26.983226
144 -3.588604 -0.398364 -0.390114 2.805766 3.093316 4.138066 15.414886 26.348696 27.953536
145 -3.680564 -0.414364 -0.368634 2.792876 3.075346 4.014356 15.912986 27.750476 29.017936
146 -3.780084 -0.429274 -0.338484 2.779036 3.057826 3.888776 16.447556 29.277986 30.181086
147 -3.886584 -0.435894 -0.306654 2.764416 3.040876 3.762076 17.020856 30.935336 31.448076
148 -3.999364 -0.434124 -0.273284 2.749186 3.024586 3.634906 17.635976 32.726196 32.824376
149 -4.117664 -0.424034 -0.238484 2.733526 3.009016 3.507836 18.297236 34.315286 34.655196
150 -4.240674 -0.405834 -0.202344 2.717616 2.994216 3.381366 19.010066 35.927476 36.724956
151 -4.367584 -0.379824 -0.164984 2.701666 2.980236 3.255956 19.781496 37.666956 38.939106
152 -4.497624 -0.346374 -0.126514 2.685856 2.967096 3.131956 20.620196 39.540196 41.300486
153 -4.630014 -0.305924 -0.087064 2.670396 2.954786 3.009736 21.536516 41.553346 43.810936
154 -4.764034 -0.258954 -0.046744 2.655476 2.889526 2.943376 22.542926 43.712676 46.471876
155 -4.899024 -0.206044 -0.005684 2.641296 2.771646 2.932776 23.653946 46.024186 49.283846
156 -5.034324 -0.147834 0.035986 2.628006 2.656336 2.923026 24.885996 48.492966 52.245866
157 -5.169354 -0.085054 0.078116 2.543546 2.616056 2.914106 26.257806 51.123916 55.356306
158 -5.303504 -0.018554 0.120586 2.433766 2.605356 2.905986 27.789656 53.920396 58.611486
159 -5.436244 0.050756 0.163236 2.326996 2.596246 2.898666 29.503706 56.885016 62.006666
160 -5.567054 0.121866 0.205946 2.223376 2.588946 2.892116 31.423446 60.018876 65.535436
161 -5.695414 0.193686 0.248586 2.123026 2.583666 2.886316 33.572906 63.320806 69.188946
162 -5.820884 0.265056 0.291116 2.026066 2.580606 2.881246 35.976756 66.788006 72.956946
163 -5.943014 0.330596 0.337716 1.932586 2.579946 2.876866 38.659496 70.415286 76.827166
164 -6.061394 0.373616 0.403966 1.842686 2.581826 2.873176 41.644276 74.194146 80.784566
165 -6.175694 0.414386 0.468566 1.756446 2.586356 2.870156 44.953196 78.113836 84.812776
166 -6.285564 0.454196 0.529356 1.673956 2.593566 2.867796 48.605166 82.159536 88.892446
167 -6.390754 0.492956 0.585736 1.595296 2.603396 2.866086 52.616086 86.313496 93.002736
168 -6.491014 0.530536 0.637306 1.520546 2.615696 2.865036 56.997156 90.554376 97.120846
169 -6.586144 0.566776 0.683846 1.449766 2.630236 2.864676 61.752716 94.856396 101.221466
170 -6.675994 0.601526 0.725306 1.383056 2.646646 2.865036 66.879856 99.190766 105.278306
171 -6.760424 0.634646 0.761806 1.320466 2.664476 2.866196 72.365816 103.525116 109.263696
172 -6.839314 0.665976 0.793536 1.262096 2.683166 2.868256 78.184746 107.823046 113.148266
173 -6.912594 0.695346 0.820816 1.208016 2.702066 2.871346 84.297316 112.046156 116.902796
174 -6.980174 0.722606 0.844006 1.158326 2.720476 2.875646 90.645796 116.152716 120.496916
175 -7.042014 0.747566 0.863506 1.113146 2.737686 2.881306 97.154036 120.099906 123.900996
176 -7.098074 0.770016 0.879726 1.072616 2.753086 2.888426 103.724966 123.843846 127.085976
177 -7.148294 0.789706 0.893066 1.036926 2.766216 2.896926 110.239006 127.339906 130.023336
178 -7.192664 0.806316 0.903896 1.006336 2.776926 2.906476 116.557226 130.544816 132.686696
179 -7.231154 0.819486 0.912576 0.981156 2.785336 2.916546 122.523556 133.416816 135.051806
180 -7.263754 0.828826 0.919386 0.961736 2.791736 2.926456 127.969546 135.916046 137.097016
181 -7.290444 0.834226 0.924606 0.948146 2.796456 2.935526 132.724786 138.005686 138.805336
182 -7.311204 0.836186 0.928436 0.939846 2.799816 2.943176 136.624916 139.649956 140.166016
183 -7.326044 0.835976 0.931056 0.935546 2.802056 2.948956 139.524446 140.815986 141.176116
184 -7.334954 0.835116 0.932586 0.933706 2.803346 2.952546 141.294146 141.506636 141.821096
185 -7.337924 0.834706 0.933076 0.933236 2.803756 2.953766 141.692596 141.909206 142.065336
186 -7.335274 0.834806 0.932156 0.934406 2.803036 2.953036 141.246276 141.612436 141.875406
187 -7.327324 0.834856 0.929296 0.938276 2.800876 2.950846 139.629386 141.022806 141.308006
188 -7.314074 0.834136 0.924496 0.945476 2.797326 2.947256 136.972526 140.079976 140.366146
189 -7.295534 0.831746 0.917726 0.956816 2.792466 2.942336 133.397636 138.772146 139.055206
190 -7.271714 0.826986 0.908906 0.972936 2.786416 2.936206 129.038666 137.104636 137.382566
191 -7.242604 0.819456 0.897986 0.994066 2.779316 2.929006 124.045836 135.086866 135.358146
192 -7.208214 0.809046 0.884866 1.020196 2.771316 2.920876 118.575076 132.730816 132.994156
193 -7.168564 0.795746 0.869466 1.051146 2.762616 2.912016 112.778786 130.050966 130.305196
194 -7.123664 0.779596 0.851676 1.086706 2.753406 2.902626 106.798406 127.064276 127.308336
195 -7.073534 0.760606 0.831396 1.126676 2.743916 2.892916 100.759216 123.790226 124.023146
196 -7.018204 0.738766 0.808526 1.170856 2.734356 2.883106 94.767946 120.251076 120.471986
197 -6.957684 0.714026 0.782976 1.219096 2.724956 2.873426 88.910276 116.470796 116.678936
198 -6.892014 0.686366 0.754636 1.271246 2.715946 2.864086 83.253896 112.476496 112.671216
199 -6.821244 0.655736 0.723456 1.327176 2.707536 2.855316 77.848496 108.297266 108.478026
200 -6.745414 0.622116 0.689376 1.386756 2.699916 2.847306 72.728316 103.964186 104.130586
201 -6.664594 0.585496 0.652356 1.449896 2.693286 2.840246 67.914566 99.510046 99.661796
202 -6.578844 0.545866 0.612386 1.516516 2.687796 2.834306 63.417746 94.968866 95.105836
203 -6.488264 0.503286 0.569486 1.586536 2.683586 2.829606 59.240146 90.375806 90.497966
204 -6.392934 0.457786 0.523696 1.659946 2.680766 2.826286 55.376636 85.765256 85.872736
205 -6.292974 0.409466 0.475086 1.736726 2.679416 2.824416 51.818046 81.172186 81.265236
206 -6.188524 0.358436 0.423766 1.816916 2.679606 2.824076 48.551346 76.630166 76.709186
207 -6.079714 0.304846 0.369866 1.900566 2.681366 2.825306 45.561086 72.171086 72.236616
208 -5.966724 0.248866 0.313546 1.987786 2.684706 2.828106 42.830246 67.824456 67.877206
209 -5.849734 0.190686 0.254996 2.078686 2.689626 2.832496 40.340906 63.616876 63.657776
210 -5.728934 0.130546 0.194446 2.173426 2.696096 2.838426 38.074976 59.571716 59.602116
211 -5.604534 0.068686 0.132116 2.272196 2.704086 2.845876 36.013986 55.707576 55.729636
212 -5.476774 0.005386 0.068296 2.375166 2.713566 2.854796 34.140276 52.039426 52.057116
213 -5.345874 -0.059064 0.003276 2.482476 2.724556 2.865096 32.436676 48.577986 48.596816
214 -5.212094 -0.124334 -0.062634 2.594026 2.737296 2.876726 30.886756 45.331606 45.355366
215 -5.075684 -0.190094 -0.129094 2.706756 2.754956 2.889586 29.475036 42.305146 42.335136
216 -4.936894 -0.255984 -0.195744 2.759266 2.839026 2.903606 28.187036 39.499236 39.535616
217 -4.796024 -0.321654 -0.262214 2.776576 2.918596 2.964626 27.009386 36.911156 36.953596
218 -4.653304 -0.386724 -0.328144 2.793256 2.934606 3.097086 25.929626 34.534726 34.582746
219 -4.509014 -0.450844 -0.393164 2.810426 2.951436 3.235376 24.936626 32.361986 32.415056
220 -4.363434 -0.513644 -0.456894 2.828156 2.968996 3.379316 24.020286 30.382976 30.440516
221 -4.216844 -0.574804 -0.519004 2.846406 2.987166 3.528876 23.171596 28.586366 28.647846
222 -4.069534 -0.633994 -0.579184 2.865086 3.005846 3.683996 22.382596 26.959946 27.024846
223 -3.921794 -0.690944 -0.637124 2.884086 3.024906 3.844616 21.646306 25.491006 25.558836
224 -3.773934 -0.745414 -0.692584 2.903306 3.044256 4.010616 20.956766 24.166766 24.237086
225 -3.626264 -0.797214 -0.745374 2.922636 3.063776 4.181906 20.308706 22.974336 23.046716
226 -3.479124 -0.846174 -0.795324 2.941996 3.083356 4.358326 19.697796 21.901456 21.975516
227 -3.332854 -0.892204 -0.842324 2.961266 3.102916 4.539746 19.120376 20.936336 21.011726
228 -3.187824 -0.935224 -0.886294 2.980356 3.122326 4.725996 18.573446 20.067856 20.144266
229 -3.044434 -0.975214 -0.927204 2.999186 3.141526 4.916936 18.054536 19.285666 19.362806
230 -2.903094 -1.012164 -0.965074 3.017676 3.160416 5.112406 17.561676 18.580216 18.657836
231 -2.764224 -1.046114 -0.999914 3.035756 3.178926 5.312256 17.093336 17.942836 18.020706
232 -2.628274 -1.077134 -1.031794 3.053346 3.196986 5.516396 16.648256 17.365526 17.443466
233 -2.495724 -1.105274 -1.060784 3.070396 3.214526 5.724706 16.225546 16.841246 16.919086
234 -2.367044 -1.130634 -1.086974 3.086856 3.231496 5.937086 15.824536 16.363636 16.441216
235 -2.242744 -1.153304 -1.110464 3.102686 3.247846 6.153476 15.444736 15.927056 16.004256
236 -2.123324 -1.173384 -1.131354 3.117826 3.263546 6.373836 15.085776 15.526516 15.603236
237 -2.009284 -1.190974 -1.149744 3.132266 3.278536 6.598136 14.747426 15.157626 15.233786
238 -1.901134 -1.206174 -1.165764 3.145966 3.292796 6.826376 14.429526 14.816576 14.892096
239 -1.799334 -1.219094 -1.179504 3.158896 3.306306 7.058586 14.131876 14.499976 14.574796
240 -1.704364 -1.229814 -1.191084 3.171066 3.319046 7.294806 13.854376 14.204926 14.279006
241 -1.616654 -1.238424 -1.200614 3.182436 3.330986 7.535086 13.596866 13.928926 14.002226
242 -1.536624 -1.244974 -1.208194 3.192996 3.342116 7.779496 13.359156 13.669806 13.742286
243 -1.464664 -1.249464 -1.213934 3.202756 3.352426 8.028096 13.141016 13.425686 13.497336
244 -1.401244 -1.251774 -1.217934 3.211706 3.361916 8.280966 12.942146 13.194976 13.265776
245 -1.347134 -1.251384 -1.220304 3.219846 3.370566 8.538156 12.762176 12.976336 13.046276
246 -1.304394 -1.246374 -1.221144 3.227166 3.378386 8.799716 12.600616 12.768556 12.837656
247 -1.277854 -1.232064 -1.220514 3.233676 3.385366 9.065656 12.456946 12.570686 12.638936
248 -1.265944 -1.218814 -1.209714 3.239386 3.391516 9.335916 12.330556 12.381896 12.449296
249 -1.259174 -1.215644 -1.189184 3.244296 3.396826 9.610416 12.201446 12.220816 12.268056
250 -1.253394 -1.211434 -1.174114 3.248416 3.401296 9.888946 12.028856 12.094616 12.126916
251 -1.247634 -1.206224 -1.165234 3.251746 3.404946 10.171156 11.863566 11.928496 12.048246
252 -1.241784 -1.200134 -1.162304 3.254316 3.407766 10.456456 11.705246 11.769306 11.984216
253 -1.236174 -1.193264 -1.164594 3.256116 3.409766 10.743696 11.553686 11.616706 11.934606
254 -1.231704 -1.185724 -1.170714 3.257186 3.410966 11.030056 11.409286 11.470416 11.900206
255 -1.230584 -1.178114 -1.177454 3.257516 3.411356 11.252496 11.327306 11.331776 11.885636
