1 -61.2855 -34.5895 -34.5895 -34.5895 -7.1805 -1.3335 -1.3335 -1.3335 1.6395 1.6395 14.9575
2 -61.2855 -34.5905 -34.5905 -34.5905 -7.1765 -1.3335 -1.3335 -1.3315 1.6345 1.6415 14.9615
3 -61.2855 -34.5935 -34.5915 -34.5915 -7.1655 -1.3345 -1.3345 -1.3265 1.6195 1.6465 14.9735
4 -61.2835 -34.5975 -34.5935 -34.5935 -7.1465 -1.3355 -1.3355 -1.3185 1.5935 1.6555 14.9935
5 -61.2825 -34.6035 -34.5955 -34.5955 -7.1195 -1.3375 -1.3375 -1.3065 1.5585 1.6675 15.0215
6 -61.2805 -34.6105 -34.5995 -34.5995 -7.0855 -1.3395 -1.3395 -1.2915 1.5145 1.6835 15.0575
7 -61.2785 -34.6195 -34.6035 -34.6035 -7.0445 -1.3425 -1.3425 -1.2735 1.4605 1.7025 15.1005
8 -61.2755 -34.6305 -34.6085 -34.6085 -6.9955 -1.3455 -1.3455 -1.2515 1.3975 1.7245 15.1505
9 -61.2725 -34.6425 -34.6135 -34.6135 -6.9395 -1.3475 -1.3475 -1.2275 1.3255 1.7505 15.2065
10 -61.2685 -34.6565 -34.6195 -34.6195 -6.8775 -1.3505 -1.3505 -1.1985 1.2465 1.7785 15.2695
11 -61.2645 -34.6715 -34.6265 -34.6265 -6.8075 -1.3525 -1.3525 -1.1675 1.1585 1.8105 15.3375
12 -61.2605 -34.6885 -34.6345 -34.6345 -6.7315 -1.3545 -1.3545 -1.1325 1.0645 1.8455 15.4115
13 -61.2565 -34.7065 -34.6435 -34.6435 -6.6495 -1.3565 -1.3565 -1.0955 0.9625 1.8825 15.4895
14 -61.2515 -34.7245 -34.6525 -34.6525 -6.5615 -1.3575 -1.3575 -1.0545 0.8555 1.9225 15.5715
15 -61.2465 -34.7445 -34.6625 -34.6625 -6.4675 -1.3565 -1.3565 -1.0095 0.7425 1.9655 15.6585
16 -61.2405 -34.7655 -34.6725 -34.6725 -6.3675 -1.3555 -1.3555 -0.9625 0.6245 2.0105 15.7485
17 -61.2345 -34.7875 -34.6835 -34.6835 -6.2625 -1.3525 -1.3525 -0.9125 0.5015 2.0575 15.8415
18 -61.2285 -34.8105 -34.6955 -34.6955 -6.1535 -1.3485 -1.3485 -0.8595 0.3735 2.1065 15.9365
19 -61.2215 -34.8325 -34.7075 -34.7075 -6.0395 -1.3425 -1.3425 -0.8025 0.2425 2.1565 16.0345
20 -61.2145 -34.8565 -34.7205 -34.7205 -5.9215 -1.3345 -1.3345 -0.7435 0.1085 2.2095 16.1345
21 -61.2075 -34.8815 -34.7335 -34.7335 -5.7995 -1.3245 -1.3245 -0.6805 -0.0285 2.2625 16.2355
22 -61.2005 -34.9065 -34.7475 -34.7475 -5.6755 -1.3125 -1.3125 -0.6155 -0.1685 2.3175 16.3385
23 -61.1935 -34.9315 -34.7625 -34.7625 -5.5475 -1.2975 -1.2975 -0.5475 -0.3095 2.3735 16.4415
24 -61.1855 -34.9565 -34.7775 -34.7775 -5.4185 -1.2795 -1.2795 -0.4765 -0.4525 2.4295 16.5465
25 -61.1775 -34.9815 -34.7925 -34.7925 -5.2885 -1.2595 -1.2595 -0.5975 -0.4035 2.4865 16.6515
26 -61.1695 -35.0075 -34.8085 -34.8085 -5.1565 -1.2365 -1.2365 -0.7425 -0.3275 2.5435 16.7565
27 -61.1615 -35.0325 -34.8245 -34.8245 -5.0245 -1.2095 -1.2095 -0.8885 -0.2485 2.6005 16.8625
28 -61.1525 -35.0585 -34.8415 -34.8415 -4.8935 -1.1805 -1.1805 -1.0355 -0.1675 2.6585 16.7345
29 -61.1445 -35.0825 -34.8585 -34.8585 -4.7645 -1.1815 -1.1475 -1.1475 -0.0835 2.7155 16.4925
30 -61.1355 -35.1075 -34.8765 -34.8765 -4.6365 -1.3275 -1.1105 -1.1105 0.0025 2.7735 16.2705
31 -61.1265 -35.1325 -34.8935 -34.8935 -4.5115 -1.4735 -1.0705 -1.0705 0.0905 2.8325 16.0675
32 -61.1185 -35.1565 -34.9115 -34.9115 -4.3905 -1.6185 -1.0255 -1.0255 0.1815 2.8915 15.8845
33 -61.1095 -35.1795 -34.9305 -34.9305 -4.2745 -1.7625 -0.9785 -0.9785 0.2735 2.9505 15.7215
34 -61.1005 -35.2025 -34.9485 -34.9485 -4.1635 -1.9055 -0.9265 -0.9265 0.3685 3.0125 15.5795
35 -61.0915 -35.2245 -34.9675 -34.9675 -4.0595 -2.0465 -0.8705 -0.8705 0.4655 3.0755 15.4585
36 -61.0825 -35.2465 -34.9865 -34.9865 -3.9635 -2.1865 -0.8095 -0.8095 0.5635 3.1405 15.3595
37 -61.0735 -35.2665 -35.0055 -35.0055 -3.8755 -2.3245 -0.7455 -0.7455 0.6635 3.2095 15.2815
38 -61.0655 -35.2865 -35.0245 -35.0245 -3.7965 -2.4605 -0.6775 -0.6775 0.7655 3.2825 15.2255
39 -61.0565 -35.3065 -35.0435 -35.0435 -3.7285 -2.5945 -0.6045 -0.6045 0.8685 3.3595 15.1895
40 -61.0475 -35.3245 -35.0625 -35.0625 -3.6705 -2.7265 -0.5275 -0.5275 0.9725 3.4435 15.1755
41 -61.0385 -35.3415 -35.0815 -35.0815 -3.6235 -2.8565 -0.4455 -0.4455 1.0785 3.5325 15.1805
42 -61.0295 -35.3585 -35.1005 -35.1005 -3.5885 -2.9835 -0.3595 -0.3595 1.1845 3.6295 15.2055
43 -61.0215 -35.3735 -35.1195 -35.1195 -3.5655 -3.1085 -0.2695 -0.2695 1.2915 3.7335 15.2495
44 -61.0125 -35.3885 -35.1385 -35.1385 -3.5545 -3.2305 -0.1745 -0.1745 1.4005 3.8455 15.3115
45 -61.0045 -35.4025 -35.1575 -35.1575 -3.5555 -3.3495 -0.0755 -0.0755 1.5085 3.9655 15.3905
46 -60.9965 -35.4155 -35.1765 -35.1765 -3.5675 -3.4655 0.0285 0.0285 1.6175 4.0955 15.4865
47 -60.9885 -35.4265 -35.1945 -35.1945 -3.5905 -3.5785 0.1355 0.1355 1.7265 4.2325 15.5975
48 -60.9805 -35.4375 -35.2125 -35.2125 -3.6895 -3.6235 0.2475 0.2475 1.8355 4.3785 15.7225
49 -60.9735 -35.4475 -35.2305 -35.2305 -3.7965 -3.6655 0.3645 0.3645 1.9445 4.5335 15.5395
50 -60.9655 -35.4575 -35.2485 -35.2485 -3.9005 -3.7175 0.4845 0.4845 2.0535 4.6955 15.2255
51 -60.9585 -35.4655 -35.2655 -35.2655 -4.0005 -3.7755 0.6095 0.6095 2.1615 4.8655 14.9105
52 -60.9515 -35.4735 -35.2825 -35.2825 -4.0985 -3.8415 0.7375 0.7375 2.2675 5.0415 14.5955
53 -60.9445 -35.4805 -35.2985 -35.2985 -4.1925 -3.9125 0.8705 0.8705 2.3735 5.2245 14.2815
54 -60.9385 -35.4865 -35.3155 -35.3155 -4.2825 -3.9875 1.0065 1.0065 2.4785 5.4125 13.9685
55 -60.9315 -35.4915 -35.3305 -35.3305 -4.3695 -4.0675 1.1455 1.1455 2.5805 5.6055 13.6585
56 -60.9255 -35.4965 -35.3455 -35.3455 -4.4535 -4.1495 1.2885 1.2885 2.6815 5.8035 13.3505
57 -60.9195 -35.5005 -35.3605 -35.3605 -4.5335 -4.2335 1.4345 1.4345 2.7805 6.0035 13.0455
58 -60.9145 -35.5035 -35.3745 -35.3745 -4.6095 -4.3185 1.5835 1.5835 2.8775 6.2065 12.7445
59 -60.9085 -35.5065 -35.3885 -35.3885 -4.6815 -4.4035 1.7345 1.7345 2.9705 6.4115 12.4485
60 -60.9045 -35.5095 -35.4015 -35.4015 -4.7505 -4.4875 1.8875 1.8875 3.0615 6.6165 12.1565
61 -60.8995 -35.5105 -35.4135 -35.4135 -4.8155 -4.5705 2.0435 2.0435 3.1495 6.8215 11.8695
62 -60.8945 -35.5125 -35.4255 -35.4255 -4.8765 -4.6525 2.1995 2.1995 3.2335 7.0245 11.5895
63 -60.8905 -35.5135 -35.4365 -35.4365 -4.9345 -4.7305 2.3565 2.3565 3.3135 7.2255 11.3155
64 -60.8865 -35.5145 -35.4465 -35.4465 -4.9875 -4.8055 2.5135 2.5135 3.3895 7.4235 11.0495
65 -60.8825 -35.5145 -35.4565 -35.4565 -5.0375 -4.8775 2.6695 2.6695 3.4615 7.6155 10.7925
66 -60.8785 -35.5155 -35.4655 -35.4655 -5.0835 -4.9455 2.8235 2.8235 3.5285 7.8015 10.5445
67 -60.8755 -35.5155 -35.4735 -35.4735 -5.1255 -5.0085 2.9745 2.9745 3.5905 7.9795 10.3075
68 -60.8725 -35.5155 -35.4805 -35.4805 -5.1635 -5.0665 3.1205 3.1205 3.6485 8.1485 10.0835
69 -60.8705 -35.5155 -35.4875 -35.4875 -5.1975 -5.1195 3.2605 3.2605 3.7005 8.3065 9.8735
70 -60.8675 -35.5145 -35.4935 -35.4935 -5.2275 -5.1665 3.3935 3.3935 3.7465 8.4515 9.6795
71 -60.8655 -35.5145 -35.4985 -35.4985 -5.2535 -5.2085 3.5155 3.5155 3.7865 8.5815 9.5035
72 -60.8635 -35.5145 -35.5035 -35.5035 -5.2755 -5.2435 3.6255 3.6255 3.8215 8.6955 9.3485
73 -60.8625 -35.5135 -35.5065 -35.5065 -5.2935 -5.2725 3.7205 3.7205 3.8505 8.7915 9.2165
74 -60.8605 -35.5135 -35.5095 -35.5095 -5.3075 -5.2955 3.7975 3.7975 3.8725 8.8685 9.1105
75 -60.8605 -35.5135 -35.5115 -35.5115 -5.3175 -5.3125 3.8545 3.8545 3.8885 8.9235 9.0325
76 -60.8595 -35.5135 -35.5125 -35.5125 -5.3235 -5.3225 3.8895 3.8895 3.8985 8.9575 8.9845
77 -60.8595 -35.5135 -35.5135 -35.5135 -5.3255 -5.3255 3.9015 3.9015 3.9015 8.9685 8.9685
78 -60.8595 -35.5135 -35.5125 -35.5125 -5.3235 -5.3225 3.8855 3.8895 3.9025 8.9675 8.9745
79 -60.8605 -35.5145 -35.5115 -35.5105 -5.3165 -5.3135 3.8395 3.8545 3.9035 8.9635 8.9925
80 -60.8605 -35.5165 -35.5095 -35.5065 -5.3045 -5.2985 3.7655 3.7975 3.9065 8.9565 9.0215
81 -60.8625 -35.5185 -35.5065 -35.5015 -5.2885 -5.2785 3.6645 3.7185 3.9105 8.9475 9.0595
82 -60.8635 -35.5225 -35.5035 -35.4955 -5.2685 -5.2515 3.5415 3.6205 3.9165 8.9355 9.1065
83 -60.8655 -35.5265 -35.4995 -35.4875 -5.2435 -5.2195 3.3975 3.5055 3.9225 8.9195 9.1615
84 -60.8675 -35.5305 -35.4935 -35.4785 -5.2145 -5.1815 3.2385 3.3755 3.9295 8.9015 9.2225
85 -60.8695 -35.5365 -35.4885 -35.4675 -5.1815 -5.1375 3.0645 3.2315 3.9385 8.8795 9.2875
86 -60.8725 -35.5415 -35.4815 -35.4555 -5.1435 -5.0875 2.8805 3.0765 3.9485 8.8535 9.3565
87 -60.8745 -35.5485 -35.4745 -35.4425 -5.1035 -5.0315 2.6885 2.9125 3.9585 8.8225 9.4275
88 -60.8775 -35.5555 -35.4665 -35.4275 -5.0585 -4.9705 2.4895 2.7415 3.9705 8.7885 9.4995
89 -60.8815 -35.5635 -35.4575 -35.4115 -5.0115 -4.9035 2.2845 2.5655 3.9835 8.7495 9.5725
90 -60.8845 -35.5715 -35.4485 -35.3945 -4.9615 -4.8315 2.0765 2.3865 3.9965 8.7055 9.6455
91 -60.8885 -35.5805 -35.4385 -35.3765 -4.9085 -4.7535 1.8665 2.2045 4.0115 8.6555 9.7175
92 -60.8925 -35.5895 -35.4275 -35.3575 -4.8535 -4.6705 1.6555 2.0225 4.0265 8.5995 9.7895
93 -60.8965 -35.5995 -35.4165 -35.3375 -4.7975 -4.5815 1.4435 1.8405 4.0435 8.5385 9.8605
94 -60.9005 -35.6095 -35.4055 -35.3165 -4.7405 -4.4875 1.2315 1.6625 4.0605 8.4705 9.9295
95 -60.9055 -35.6195 -35.3935 -35.2945 -4.6825 -4.3885 1.0205 1.4875 4.0775 8.3955 9.9975
96 -60.9095 -35.6305 -35.3815 -35.2715 -4.6255 -4.2835 0.8115 1.3175 4.0965 8.3145 10.0645
97 -60.9145 -35.6415 -35.3685 -35.2485 -4.5685 -4.1745 0.6045 1.1555 4.1155 8.2255 10.1295
98 -60.9195 -35.6535 -35.3545 -35.2235 -4.5145 -4.0595 0.4005 1.0005 4.1345 8.1295 10.1935
99 -60.9235 -35.6645 -35.3415 -35.1995 -4.4635 -3.9395 0.1995 0.8545 4.1545 8.0265 10.2555
100 -60.9285 -35.6765 -35.3275 -35.1735 -4.4165 -3.8155 0.000499999999999 0.7205 4.1755 7.9155 10.3165
101 -60.9335 -35.6885 -35.3135 -35.1475 -4.3735 -3.6865 -0.1935 0.5975 4.1965 7.7965 10.3765
102 -60.9385 -35.7005 -35.2995 -35.1215 -4.3375 -3.5525 -0.3835 0.4885 4.2175 7.6705 10.4345
103 -60.9435 -35.7125 -35.2855 -35.0955 -4.3085 -3.4135 -0.5695 0.3945 4.2385 7.5365 10.4915
104 -60.9485 -35.7245 -35.2705 -35.0685 -4.2875 -3.2705 -0.7515 0.3155 4.2605 7.3965 10.5465
105 -60.9535 -35.7365 -35.2565 -35.0425 -4.2745 -3.1235 -0.9285 0.2545 4.2815 7.2485 10.6005
106 -60.9585 -35.7485 -35.2415 -35.0165 -4.2715 -2.9715 -1.1005 0.2095 4.3035 7.0935 10.6525
107 -60.9635 -35.7605 -35.2275 -34.9895 -4.2775 -2.8165 -1.2665 0.1815 4.3255 6.9315 10.7035
108 -60.9685 -35.7715 -35.2135 -34.9635 -4.2935 -2.6565 -1.4275 0.1715 4.3465 6.7635 10.7535
109 -60.9735 -35.7835 -35.1995 -34.9375 -4.3175 -2.4925 -1.5835 0.1785 4.3675 6.5905 10.8015
110 -60.9785 -35.7945 -35.1855 -34.9115 -4.3505 -2.3245 -1.7325 0.2015 4.3885 6.4105 10.8485
111 -60.9835 -35.8055 -35.1715 -34.8865 -4.3905 -2.1535 -1.8765 0.2385 4.4095 6.2255 10.8935
112 -60.9875 -35.8165 -35.1585 -34.8615 -4.4375 -2.0145 -1.9785 0.2895 4.4295 6.0365 10.9375
113 -60.9925 -35.8265 -35.1455 -34.8375 -4.4885 -2.1455 -1.7995 0.3525 4.4485 5.8425 10.9795
114 -60.9965 -35.8365 -35.1325 -34.8145 -4.5445 -2.2715 -1.6185 0.4255 4.4675 5.6435 11.0195
115 -61.0005 -35.8465 -35.1205 -34.7925 -4.6025 -2.3895 -1.4325 0.5075 4.4865 5.4415 11.0585
116 -61.0045 -35.8555 -35.1085 -34.7705 -4.6625 -2.5015 -1.2445 0.5965 4.5035 5.2365 11.0955
117 -61.0085 -35.8645 -35.0975 -34.7505 -4.7235 -2.6065 -1.0535 0.6905 4.5205 5.0275 11.1305
118 -61.0125 -35.8725 -35.0875 -34.7305 -4.7835 -2.7055 -0.8595 0.7875 4.5365 4.8165 11.1645
119 -61.0155 -35.8805 -35.0775 -34.7125 -4.8425 -2.7965 -0.6635 0.8875 4.5525 4.6035 11.1955
120 -61.0185 -35.8875 -35.0675 -34.6955 -4.8985 -2.8815 -0.4645 0.9865 4.3885 4.5665 11.2255
121 -61.0215 -35.8945 -35.0595 -34.6795 -4.9525 -2.9585 -0.2635 1.0845 4.1725 4.5795 11.2535
122 -61.0235 -35.9005 -35.0515 -34.6645 -5.0025 -3.0295 -0.0605 1.1795 3.9555 4.5915 11.2785
123 -61.0265 -35.9055 -35.0445 -34.6515 -5.0485 -3.0925 0.1445 1.2695 3.7375 4.6025 11.3025
124 -61.0285 -35.9105 -35.0375 -34.6395 -5.0905 -3.1485 0.3495 1.3535 3.5205 4.6115 11.3245
125 -61.0305 -35.9155 -35.0325 -34.6295 -5.1275 -3.1965 0.5555 1.4295 3.3035 4.6205 11.3445
126 -61.0325 -35.9185 -35.0275 -34.6205 -5.1595 -3.2375 0.7615 1.4975 3.0885 4.6275 11.3635
127 -61.0335 -35.9225 -35.0235 -34.6135 -5.1855 -3.2715 0.9645 1.5545 2.8785 4.6335 11.3785
128 -61.0345 -35.9245 -35.0205 -34.6075 -5.2065 -3.2975 1.1605 1.5995 2.6755 4.6385 11.3925
129 -61.0355 -35.9265 -35.0185 -34.6035 -5.2215 -3.3165 1.3435 1.6325 2.4885 4.6415 11.4025
130 -61.0355 -35.9275 -35.0175 -34.6015 -5.2305 -3.3275 1.4905 1.6525 2.3395 4.6435 11.4095
131 -61.0355 -35.9275 -35.0165 -34.6005 -5.2335 -3.3315 1.5525 1.6595 2.2765 4.6445 11.4115
132 -61.0355 -35.9265 -35.0165 -34.6005 -5.2315 -3.3305 1.5245 1.6765 2.2745 4.6355 11.4235
133 -61.0365 -35.9235 -35.0155 -34.6005 -5.2275 -3.3255 1.4625 1.7045 2.2715 4.6105 11.4575
134 -61.0375 -35.9175 -35.0135 -34.6005 -5.2205 -3.3195 1.3835 1.7285 2.2655 4.5685 11.5155
135 -61.0395 -35.9105 -35.0115 -34.6005 -5.2105 -3.3095 1.2905 1.7445 2.2575 4.5095 11.5945
136 -61.0415 -35.9015 -35.0075 -34.6005 -5.1985 -3.2975 1.1855 1.7535 2.2475 4.4365 11.6935
137 -61.0435 -35.8895 -35.0045 -34.6005 -5.1835 -3.2825 1.0685 1.7545 2.2355 4.3485 11.8135
138 -61.0465 -35.8765 -34.9995 -34.5995 -5.1665 -3.2645 0.9425 1.7495 2.2205 4.2465 11.9505
139 -61.0495 -35.8605 -34.9945 -34.5995 -5.1485 -3.2445 0.8075 1.7385 2.2055 4.1335 12.1035
140 -61.0525 -35.8435 -34.9895 -34.5995 -5.1275 -3.2215 0.6645 1.7225 2.1875 4.0095 12.2725
141 -61.0565 -35.8235 -34.9825 -34.5995 -5.1065 -3.1955 0.5155 1.7015 2.1685 3.8745 12.4535
142 -61.0615 -35.8025 -34.9755 -34.5995 -5.0835 -3.1675 0.3615 1.6775 2.1485 3.7315 12.6475
143 -61.0655 -35.7795 -34.9685 -34.5995 -5.0615 -3.1375 0.2045 1.6485 2.1275 3.5815 12.7585
144 -61.0705 -35.7555 -34.9605 -34.5985 -5.0385 -3.1045 0.0455 1.6175 2.1055 3.4245 12.8765
145 -61.0755 -35.7295 -34.9515 -34.5985 -5.0175 -3.0695 -0.1135 1.5845 2.0825 3.2625 13.0005
146 -61.0815 -35.7015 -34.9425 -34.5985 -4.9975 -3.0325 -0.2715 1.5485 2.0595 3.0965 13.1315
147 -61.0875 -35.6715 -34.9335 -34.5985 -4.9795 -2.9925 -0.4265 1.5115 2.0355 2.9265 13.2675
148 -61.0935 -35.6415 -34.9235 -34.5975 -4.9665 -2.9505 -0.5775 1.4725 2.0125 2.7545 13.4085
149 -61.0995 -35.6095 -34.9125 -34.5975 -4.9565 -2.9075 -0.7215 1.4335 1.9885 2.5805 13.5535
150 -61.1065 -35.5765 -34.9025 -34.5975 -4.9525 -2.8615 -0.8585 1.3945 1.9655 2.4055 13.7015
151 -61.1125 -35.5415 -34.8915 -34.5975 -4.9555 -2.8145 -0.9865 1.3555 1.9425 2.2295 13.8515
152 -61.1195 -35.5065 -34.8795 -34.5965 -4.9665 -2.7645 -1.1045 1.3165 1.9195 2.0545 14.0025
153 -61.1265 -35.4705 -34.8675 -34.5965 -4.9855 -2.7145 -1.2095 1.2795 1.8805 1.8975 14.1535
154 -61.1335 -35.4335 -34.8565 -34.5955 -5.0135 -2.6615 -1.3025 1.2435 1.7085 1.8765 14.3035
155 -61.1405 -35.3955 -34.8445 -34.5955 -5.0515 -2.6085 -1.3825 1.2085 1.5375 1.8555 14.4495
156 -61.1475 -35.3575 -34.8315 -34.5955 -5.0995 -2.5535 -1.4485 1.1765 1.3695 1.8355 14.5915
157 -61.1545 -35.3195 -34.8195 -34.5955 -5.1585 -2.4985 -1.5005 1.1475 1.2035 1.8165 14.7275
158 -61.1625 -35.2805 -34.8075 -34.5945 -5.2255 -2.4415 -1.5405 1.0415 1.1205 1.7995 14.8555
159 -61.1695 -35.2425 -34.7945 -34.5945 -5.3025 -2.3845 -1.5675 0.8825 1.0985 1.7825 14.9745
160 -61.1765 -35.2035 -34.7825 -34.5945 -5.3865 -2.3265 -1.5835 0.7265 1.0795 1.7665 15.0825
161 -61.1835 -35.1645 -34.7705 -34.5945 -5.4775 -2.2675 -1.5905 0.5755 1.0645 1.7515 15.1765
162 -61.1915 -35.1255 -34.7575 -34.5935 -5.5735 -2.2095 -1.5885 0.4295 1.0545 1.7385 15.2575
163 -61.1975 -35.0875 -34.7455 -34.5935 -5.6745 -2.1515 -1.5805 0.2875 1.0495 1.7255 15.3235
164 -61.2045 -35.0495 -34.7335 -34.5935 -5.7775 -2.0935 -1.5675 0.1505 1.0505 1.7145 15.3745
165 -61.2115 -35.0135 -34.7225 -34.5925 -5.8825 -2.0355 -1.5505 0.0175 1.0555 1.7035 15.4105
166 -61.2185 -34.9765 -34.7105 -34.5925 -5.9875 -1.9785 -1.5305 -0.1085 1.0675 1.6945 15.4315
167 -61.2245 -34.9415 -34.6995 -34.5925 -6.0915 -1.9225 -1.5095 -0.2305 1.0835 1.6855 15.4385
168 -61.2305 -34.9075 -34.6885 -34.5915 -6.1945 -1.8675 -1.4885 -0.3455 1.1055 1.6785 15.4345
169 -61.2365 -34.8745 -34.6785 -34.5915 -6.2955 -1.8145 -1.4675 -0.4555 1.1325 1.6715 15.4195
170 -61.2415 -34.8425 -34.6685 -34.5915 -6.3935 -1.7625 -1.4475 -0.5595 1.1645 1.6665 15.3955
171 -61.2475 -34.8125 -34.6585 -34.5915 -6.4865 -1.7125 -1.4295 -0.6575 1.1995 1.6615 15.3655
172 -61.2525 -34.7835 -34.6495 -34.5915 -6.5765 -1.6645 -1.4125 -0.7485 1.2385 1.6565 15.3295
173 -61.2565 -34.7565 -34.6415 -34.5905 -6.6615 -1.6195 -1.3975 -0.8345 1.2795 1.6535 15.2905
174 -61.2615 -34.7305 -34.6335 -34.5905 -6.7405 -1.5765 -1.3845 -0.9125 1.3225 1.6505 15.2485
175 -61.2655 -34.7075 -34.6265 -34.5905 -6.8145 -1.5365 -1.3735 -0.9855 1.3665 1.6475 15.2075
176 -61.2685 -34.6855 -34.6195 -34.5905 -6.8825 -1.4995 -1.3645 -1.0505 1.4095 1.6455 15.1665
177 -61.2725 -34.6655 -34.6135 -34.5905 -6.9435 -1.4655 -1.3565 -1.1095 1.4515 1.6435 15.1265
178 -61.2755 -34.6485 -34.6075 -34.5905 -6.9985 -1.4355 -1.3505 -1.1615 1.4905 1.6425 15.0895
179 -61.2775 -34.6325 -34.6035 -34.5895 -7.0455 -1.4095 -1.3455 -1.2075 1.5275 1.6415 15.0565
180 -61.2805 -34.6195 -34.5995 -34.5895 -7.0865 -1.3865 -1.3415 -1.2455 1.5595 1.6405 15.0275
181 -61.2825 -34.6085 -34.5955 -34.5895 -7.1205 -1.3675 -1.3385 -1.2775 1.5875 1.6405 15.0025
182 -61.2835 -34.6005 -34.5935 -34.5895 -7.1465 -1.3525 -1.3355 -1.3015 1.6095 1.6395 14.9835
183 -61.2855 -34.5945 -34.5915 -34.5895 -7.1655 -1.3415 -1.3345 -1.3195 1.6265 1.6395 14.9685
184 -61.2855 -34.5915 -34.5905 -34.5895 -7.1765 -1.3355 -1.3335 -1.3295 1.6355 1.6395 14.9605
185 -61.2855 -34.5895 -34.5895 -34.5895 -7.1805 -1.3335 -1.3335 -1.3335 1.6395 1.6395 14.9575
186 -61.2855 -34.5915 -34.5895 -34.5895 -7.1775 -1.3345 -1.3345 -1.3295 1.6375 1.6375 14.9595
187 -61.2855 -34.5945 -34.5905 -34.5905 -7.1675 -1.3385 -1.3385 -1.3185 1.6335 1.6335 14.9665
188 -61.2845 -34.6005 -34.5905 -34.5905 -7.1505 -1.3455 -1.3455 -1.3005 1.6265 1.6265 14.9775
189 -61.2825 -34.6085 -34.5915 -34.5915 -7.1265 -1.3555 -1.3555 -1.2745 1.6165 1.6165 14.9935
190 -61.2805 -34.6195 -34.5925 -34.5925 -7.0965 -1.3675 -1.3675 -1.2405 1.6045 1.6045 15.0135
191 -61.2785 -34.6315 -34.5935 -34.5935 -7.0605 -1.3825 -1.3825 -1.2005 1.5905 1.5905 15.0385
192 -61.2765 -34.6465 -34.5955 -34.5955 -7.0175 -1.4015 -1.4015 -1.1525 1.5755 1.5755 15.0675
193 -61.2735 -34.6635 -34.5975 -34.5975 -6.9685 -1.4225 -1.4225 -1.0965 1.5585 1.5585 15.1005
194 -61.2705 -34.6825 -34.5995 -34.5995 -6.9135 -1.4465 -1.4465 -1.0335 1.5405 1.5405 15.1385
195 -61.2675 -34.7035 -34.6015 -34.6015 -6.8525 -1.4735 -1.4735 -0.9625 1.5225 1.5225 15.1815
196 -61.2635 -34.7265 -34.6045 -34.6045 -6.7865 -1.5045 -1.5045 -0.8845 1.5055 1.5055 15.2285
197 -61.2605 -34.7515 -34.6065 -34.6065 -6.7145 -1.5375 -1.5375 -0.7985 1.4875 1.4875 15.2795
198 -61.2555 -34.7775 -34.6105 -34.6105 -6.6375 -1.5735 -1.5735 -0.7055 1.4715 1.4715 15.3355
199 -61.2515 -34.8045 -34.6135 -34.6135 -6.5555 -1.6135 -1.6135 -0.6045 1.4565 1.4565 15.3965
200 -61.2465 -34.8335 -34.6175 -34.6175 -6.4685 -1.6555 -1.6555 -0.4955 1.4435 1.4435 15.4605
201 -61.2415 -34.8635 -34.6215 -34.6215 -6.3775 -1.7005 -1.7005 -0.3795 1.4325 1.4325 15.5305
202 -61.2365 -34.8945 -34.6255 -34.6255 -6.2825 -1.7475 -1.7475 -0.2565 1.4235 1.4235 15.6035
203 -61.2305 -34.9265 -34.6295 -34.6295 -6.1825 -1.7975 -1.7975 -0.1245 1.4165 1.4165 15.6825
204 -61.2245 -34.9595 -34.6345 -34.6345 -6.0805 -1.8485 -1.8485 0.0135 1.4125 1.4125 15.7645
205 -61.2195 -34.9925 -34.6395 -34.6395 -5.9735 -1.9025 -1.9025 0.1595 1.4115 1.4115 15.8515
206 -61.2125 -35.0265 -34.6455 -34.6455 -5.8645 -1.9575 -1.9575 0.3135 1.4125 1.4125 15.9435
207 -61.2065 -35.0605 -34.6505 -34.6505 -5.7525 -2.0145 -2.0145 0.4745 1.4165 1.4165 16.0395
208 -61.2005 -35.0955 -34.6575 -34.6575 -5.6375 -2.0715 -2.0715 0.6425 1.4225 1.4225 16.1405
209 -61.1935 -35.1295 -34.6635 -34.6635 -5.5205 -2.1295 -2.1295 0.8175 1.4315 1.4315 16.2455
210 -61.1875 -35.1635 -34.6705 -34.6705 -5.4015 -2.1885 -2.1885 0.9995 1.4435 1.4435 16.3545
211 -61.1805 -35.1975 -34.6775 -34.6775 -5.2805 -2.2465 -2.2465 1.1875 1.4565 1.4565 16.3295
212 -61.1745 -35.2315 -34.6845 -34.6845 -5.1585 -2.3045 -2.3045 1.3825 1.4735 1.4735 16.2655
213 -61.1675 -35.2645 -34.6925 -34.6925 -5.0345 -2.3625 -2.3625 1.4915 1.4915 1.5845 16.1895
214 -61.1605 -35.2975 -34.7005 -34.7005 -4.9095 -2.4195 -2.4195 1.5115 1.5115 1.7915 16.1025
215 -61.1535 -35.3285 -34.7095 -34.7095 -4.7835 -2.4745 -2.4745 1.5335 1.5335 2.0045 16.0065
216 -61.1475 -35.3595 -34.7185 -34.7185 -4.6575 -2.5285 -2.5285 1.5575 1.5575 2.2235 15.9025
217 -61.1405 -35.3895 -34.7275 -34.7275 -4.5315 -2.5815 -2.5815 1.5825 1.5825 2.4475 15.7915
218 -61.1345 -35.4175 -34.7375 -34.7375 -4.4045 -2.6315 -2.6315 1.6085 1.6085 2.6765 15.6745
219 -61.1285 -35.4455 -34.7475 -34.7475 -4.2775 -2.6805 -2.6805 1.6365 1.6365 2.9095 15.5545
220 -61.1215 -35.4715 -34.7575 -34.7575 -4.1515 -2.7265 -2.7265 1.6645 1.6645 3.1475 15.4305
221 -61.1155 -35.4955 -34.7685 -34.7685 -4.0265 -2.7715 -2.7715 1.6935 1.6935 3.3885 15.3035
222 -61.1085 -35.5185 -34.7795 -34.7795 -3.9015 -2.8125 -2.8125 1.7245 1.7245 3.6325 15.1755
223 -61.1025 -35.5395 -34.7915 -34.7915 -3.7785 -2.8515 -2.8515 1.7545 1.7545 3.8805 15.0465
224 -61.0975 -35.5595 -34.8025 -34.8025 -3.6565 -2.8875 -2.8875 1.7855 1.7855 4.1295 14.9165
225 -61.0915 -35.5775 -34.8155 -34.8155 -3.5365 -2.9205 -2.9205 1.8165 1.8165 4.3815 14.7865
226 -61.0855 -35.5935 -34.8275 -34.8275 -3.4185 -2.9505 -2.9505 1.8485 1.8485 4.6345 14.6565
227 -61.0805 -35.6075 -34.8405 -34.8405 -3.3025 -2.9775 -2.9775 1.8795 1.8795 4.8895 14.5275
228 -61.0755 -35.6195 -34.8535 -34.8535 -3.1905 -3.0015 -3.0015 1.9105 1.9105 5.1435 14.3985
229 -61.0705 -35.6305 -34.8665 -34.8665 -3.0805 -3.0215 -3.0215 1.9415 1.9415 5.3985 14.2715
230 -61.0655 -35.6385 -34.8805 -34.8805 -3.0395 -3.0395 -2.9745 1.9715 1.9715 5.6535 14.0235
231 -61.0605 -35.6445 -34.8945 -34.8945 -3.0535 -3.0535 -2.8735 2.0015 2.0015 5.9065 13.6875
232 -61.0565 -35.6495 -34.9085 -34.9085 -3.0645 -3.0645 -2.7755 2.0315 2.0315 6.1585 13.3625
233 -61.0525 -35.6515 -34.9235 -34.9235 -3.0725 -3.0725 -2.6835 2.0595 2.0595 6.4085 13.0495
234 -61.0485 -35.6515 -34.9375 -34.9375 -3.0775 -3.0775 -2.5965 2.0875 2.0875 6.6555 12.7485
235 -61.0455 -35.6505 -34.9525 -34.9525 -3.0785 -3.0785 -2.5165 2.1145 2.1145 6.9005 12.4605
236 -61.0415 -35.6465 -34.9675 -34.9675 -3.0775 -3.0775 -2.4415 2.1405 2.1405 7.1415 12.1865
237 -61.0385 -35.6405 -34.9835 -34.9835 -3.0725 -3.0725 -2.3745 2.1655 2.1655 7.3785 11.9275
238 -61.0355 -35.6325 -34.9985 -34.9985 -3.0645 -3.0645 -2.3145 2.1895 2.1895 7.6115 11.6835
239 -61.0335 -35.6235 -35.0145 -35.0145 -3.0545 -3.0545 -2.2625 2.2125 2.2125 7.8395 11.4555
240 -61.0305 -35.6115 -35.0305 -35.0305 -3.0405 -3.0405 -2.2185 2.2335 2.2335 8.0615 11.2445
241 -61.0285 -35.5985 -35.0455 -35.0455 -3.0245 -3.0245 -2.1825 2.2545 2.2545 8.2775 11.0505
242 -61.0265 -35.5835 -35.0615 -35.0615 -3.0055 -3.0055 -2.1565 2.2735 2.2735 8.4875 10.8755
243 -61.0245 -35.5665 -35.0775 -35.0775 -2.9845 -2.9845 -2.1395 2.2915 2.2915 8.6875 10.7215
244 -61.0235 -35.5485 -35.0945 -35.0945 -2.9615 -2.9615 -2.1315 2.3075 2.3075 8.8785 10.5895
245 -61.0225 -35.5285 -35.1105 -35.1105 -2.9355 -2.9355 -2.1325 2.3225 2.3225 9.0545 10.4845
246 -61.0215 -35.5075 -35.1265 -35.1265 -2.9075 -2.9075 -2.1435 2.3365 2.3365 9.2105 10.4105
247 -61.0205 -35.4845 -35.1425 -35.1425 -2.8775 -2.8775 -2.1635 2.3485 2.3485 9.3395 10.3765
248 -61.0195 -35.4605 -35.1585 -35.1585 -2.8465 -2.8465 -2.1915 2.3595 2.3595 9.4325 10.3905
249 -61.0185 -35.4355 -35.1735 -35.1735 -2.8135 -2.8135 -2.2285 2.3695 2.3695 9.4875 10.4555
250 -61.0175 -35.4095 -35.1895 -35.1895 -2.7785 -2.7785 -2.2735 2.3775 2.3775 9.5105 10.5635
251 -61.0175 -35.3825 -35.2055 -35.2055 -2.7435 -2.7435 -2.3265 2.3845 2.3845 9.5145 10.7015
252 -61.0165 -35.3545 -35.2205 -35.2205 -2.7065 -2.7065 -2.3845 2.3895 2.3895 9.5105 10.8605
253 -61.0155 -35.3255 -35.2365 -35.2365 -2.6695 -2.6695 -2.4495 2.3935 2.3935 9.5035 11.0325
254 -61.0155 -35.2965 -35.2515 -35.2515 -2.6315 -2.6315 -2.5195 2.3955 2.3955 9.4985 11.2125
255 -61.0155 -35.2665 -35.2665 -35.2665 -2.5935 -2.5935 -2.5935 2.3965 2.3965 9.4965 11.4015
