1 -16.3533 7.1137 7.1137 7.1137 11.7927 11.7927 11.7927
2 -16.3503 7.1027 7.1027 7.1047 11.7957 11.7977 11.7977
3 -16.3433 7.0697 7.0697 7.0767 11.8027 11.8137 11.8137
4 -16.3303 7.0167 7.0167 7.0307 11.8157 11.8387 11.8387
5 -16.3123 6.9427 6.9427 6.9667 11.8337 11.8727 11.8727
6 -16.2883 6.8497 6.8497 6.8867 11.8557 11.9157 11.9157
7 -16.2603 6.7397 6.7397 6.7917 11.8837 11.9657 11.9657
8 -16.2263 6.6147 6.6147 6.6817 11.9167 12.0227 12.0227
9 -16.1873 6.4757 6.4757 6.5587 11.9547 12.0847 12.0847
10 -16.1433 6.3237 6.3237 6.4237 11.9977 12.1527 12.1527
11 -16.0943 6.1617 6.1617 6.2777 12.0457 12.2257 12.2257
12 -16.0403 5.9897 5.9897 6.1227 12.0987 12.3027 12.3027
13 -15.9803 5.8107 5.8107 5.9597 12.1567 12.3837 12.3837
14 -15.9153 5.6237 5.6237 5.7897 12.2197 12.4677 12.4677
15 -15.8463 5.4317 5.4317 5.6127 12.2877 12.4307 12.5557
16 -15.7713 5.2357 5.2357 5.4307 12.1327 12.3607 12.6467
17 -15.6913 5.0357 5.0357 5.2447 11.8357 12.4387 12.7407
18 -15.6063 4.8317 4.8317 5.0557 11.5417 12.5217 12.8377
19 -15.5153 4.6267 4.6267 4.8627 11.2497 12.6097 12.9377
20 -15.4203 4.4197 4.4197 4.6687 10.9617 12.7017 13.0407
21 -15.3193 4.2117 4.2117 4.4727 10.6767 12.7997 13.1477
22 -15.2143 4.0037 4.0037 4.2747 10.3947 12.9027 13.2577
23 -15.1033 3.7957 3.7957 4.0767 10.1167 13.0097 13.3707
24 -14.9883 3.5887 3.5887 3.8787 9.8427 13.1227 13.4867
25 -14.8673 3.3817 3.3817 3.6817 9.5737 13.2397 13.6067
26 -14.7413 3.1757 3.1757 3.4837 9.3077 13.3617 13.7307
27 -14.6113 2.9717 2.9717 3.2877 9.0467 13.4887 13.8567
28 -14.4753 2.7697 2.7697 3.0927 8.7907 13.6207 13.9877
29 -14.3353 2.5697 2.5697 2.8987 8.5387 13.7567 14.1217
30 -14.1893 2.3717 2.3717 2.7067 8.2907 13.8977 14.2587
31 -14.0393 2.1767 2.1767 2.5167 8.0487 14.0437 14.4007
32 -13.8833 1.9837 1.9837 2.3297 7.8107 14.1937 14.5457
33 -13.7233 1.7937 1.7937 2.1437 7.5777 14.3497 14.6937
34 -13.5583 1.6067 1.6067 1.9607 7.3487 14.5087 14.8467
35 -13.3883 1.4237 1.4237 1.7807 7.1257 14.6727 15.0027
36 -13.2133 1.2427 1.2427 1.6027 6.9077 14.8417 15.1627
37 -13.0343 1.0657 1.0657 1.4287 6.6937 15.0147 15.3257
38 -12.8503 0.8927 0.8927 1.2567 6.4857 15.1927 15.4937
39 -12.6613 0.7227 0.7227 1.0887 6.2827 15.2917 15.3737
40 -12.4683 0.5557 0.5557 0.9237 6.0847 14.9647 15.5597
41 -12.2703 0.3937 0.3937 0.7617 5.8917 14.6197 15.7507
42 -12.0673 0.2347 0.2347 0.6037 5.7037 14.2567 15.9447
43 -11.8603 0.0807 0.0807 0.4497 5.5207 13.8807 16.1427
44 -11.6493 -0.0703 -0.0703 0.2987 5.3427 13.4917 16.3447
45 -11.4333 -0.2173 -0.2173 0.1517 5.1697 13.0927 16.5507
46 -11.2133 -0.3593 -0.3593 0.0077 5.0027 12.6867 16.7607
47 -10.9893 -0.4983 -0.4983 -0.1323 4.8407 12.2737 16.9737
48 -10.7603 -0.6323 -0.6323 -0.2673 4.6837 11.8557 17.1897
49 -10.5283 -0.7623 -0.7623 -0.3993 4.5317 11.4337 17.4097
50 -10.2923 -0.8883 -0.8883 -0.5273 4.3857 11.0097 17.6327
51 -10.0523 -1.0093 -1.0093 -0.6513 4.2447 10.5847 17.8577
52 -9.8083 -1.1263 -1.1263 -0.7713 4.1087 10.1587 18.0857
53 -9.5613 -1.2393 -1.2393 -0.8873 3.9777 9.7337 18.3167
54 -9.3113 -1.3473 -1.3473 -0.9993 3.8527 9.3107 18.5497
55 -9.0573 -1.4513 -1.4513 -1.1073 3.7317 8.8897 18.8607
56 -8.8013 -1.5503 -1.5503 -1.2113 3.6177 8.4707 19.0197
57 -8.5423 -1.6453 -1.6453 -1.3113 3.5077 8.0557 19.3067
58 -8.2813 -1.7363 -1.7363 -1.4073 3.4037 7.6457 19.4937
59 -8.0183 -1.8213 -1.8213 -1.4993 3.3047 7.2407 19.7307
60 -7.7533 -1.9033 -1.9033 -1.5873 3.2107 6.8417 19.9837
61 -7.4873 -1.9793 -1.9793 -1.6713 3.1227 6.4487 20.2097
62 -7.2213 -2.0523 -2.0523 -1.7523 3.0397 6.0647 20.4337
63 -6.9553 -2.1193 -2.1193 -1.8303 2.9627 5.6887 20.6557
64 -6.6903 -2.1823 -2.1823 -1.9043 2.8897 5.3227 20.8757
65 -6.4273 -2.2403 -2.2403 -1.9753 2.8227 4.9677 21.0917
66 -6.1673 -2.2943 -2.2943 -2.0433 2.7617 4.6257 21.3017
67 -5.9113 -2.3433 -2.3433 -2.1093 2.7057 4.2987 21.5057
68 -5.6623 -2.3873 -2.3873 -2.1723 2.6547 3.9877 21.7007
69 -5.4213 -2.4273 -2.4273 -2.2343 2.6087 3.6967 21.8857
70 -5.1903 -2.4623 -2.4623 -2.2943 2.5687 3.4267 22.0587
71 -4.9743 -2.4933 -2.4933 -2.3513 2.5337 3.1827 22.2167
72 -4.7753 -2.5183 -2.5183 -2.4073 2.5047 2.9667 22.3567
73 -4.5983 -2.5403 -2.5403 -2.4593 2.4807 2.7827 22.4757
74 -4.4503 -2.5563 -2.5563 -2.5053 2.4617 2.6347 22.5727
75 -4.3373 -2.5683 -2.5683 -2.5433 2.4477 2.5257 22.6437
76 -4.2663 -2.5753 -2.5753 -2.5683 2.4397 2.4597 22.6877
77 -4.2413 -2.5773 -2.5773 -2.5773 2.4377 2.4377 22.7017
78 -4.2653 -2.5893 -2.5753 -2.5543 2.4447 2.4547 22.6717
79 -4.3343 -2.6263 -2.5683 -2.4883 2.4677 2.5057 22.5837
80 -4.4383 -2.6863 -2.5563 -2.3883 2.5057 2.5897 22.4427
81 -4.5673 -2.7663 -2.5403 -2.2643 2.5577 2.7037 22.2527
82 -4.7143 -2.8653 -2.5193 -2.1253 2.6257 2.8457 22.0217
83 -4.8733 -2.9783 -2.4943 -1.9763 2.7097 3.0127 21.7557
84 -5.0393 -3.1043 -2.4633 -1.8213 2.8077 3.2017 21.4617
85 -5.2103 -3.2413 -2.4293 -1.6643 2.9207 3.4107 21.1447
86 -5.3843 -3.3853 -2.3893 -1.5053 3.0487 3.6367 20.8097
87 -5.5593 -3.5353 -2.3453 -1.3463 3.1917 3.8787 20.4597
88 -5.7343 -3.6893 -2.2973 -1.1893 3.3477 4.1337 20.0987
89 -5.9083 -3.8473 -2.2443 -1.0333 3.5187 4.4017 19.7287
90 -6.0823 -4.0053 -2.1863 -0.8793 3.7027 4.6807 19.3527
91 -6.2543 -4.1653 -2.1243 -0.7263 3.8997 4.9707 18.9717
92 -6.4233 -4.3253 -2.0573 -0.5763 4.1087 5.2697 18.5877
93 -6.5903 -4.4843 -1.9863 -0.4273 4.3287 5.5767 18.2017
94 -6.7553 -4.6413 -1.9113 -0.2793 4.5587 5.8927 17.8147
95 -6.9173 -4.7973 -1.8313 -0.1333 4.7997 6.2157 17.4267
96 -7.0753 -4.9513 -1.7463 0.0127 5.0487 6.5457 17.0407
97 -7.2303 -5.1023 -1.6573 0.1587 5.3057 6.8827 16.6547
98 -7.3813 -5.2503 -1.5643 0.3047 5.5697 7.2257 16.2707
99 -7.5293 -5.3953 -1.4663 0.4507 5.8397 7.5747 15.8887
100 -7.6733 -5.5373 -1.3653 0.5977 6.1147 7.9297 15.5087
101 -7.8143 -5.6753 -1.2593 0.7447 6.3937 8.2907 15.1327
102 -7.9503 -5.8103 -1.1493 0.8937 6.6757 8.6557 14.7597
103 -8.0823 -5.9403 -1.0353 1.0447 6.9587 9.0267 14.3897
104 -8.2103 -6.0673 -0.9163 1.1967 7.2407 9.4017 14.0237
105 -8.3343 -6.1903 -0.7943 1.3507 7.5207 9.7817 13.6617
106 -8.4543 -6.3093 -0.6693 1.5067 7.7967 10.1657 13.3047
107 -8.5693 -6.4233 -0.5393 1.6647 8.0657 10.5547 12.9517
108 -8.6803 -6.5333 -0.4063 1.8247 8.3247 10.9467 12.6037
109 -8.7873 -6.6393 -0.2703 1.9877 8.5697 11.3417 12.2617
110 -8.8893 -6.7413 -0.1303 2.1527 8.7977 11.7407 11.9237
111 -8.9863 -6.8373 0.0117 2.3187 9.0037 11.5927 12.1427
112 -9.0793 -6.9303 0.1567 2.4877 9.1827 11.2667 12.5467
113 -9.1673 -7.0183 0.3047 2.6587 9.3287 10.9487 12.9537
114 -9.2513 -7.1013 0.4547 2.8317 9.4397 10.6357 13.3627
115 -9.3303 -7.1803 0.6057 3.0067 9.5107 10.3317 13.7717
116 -9.4053 -7.2543 0.7587 3.1817 9.5427 10.0337 14.1827
117 -9.4743 -7.3233 0.9127 3.3587 9.5357 9.7457 14.5927
118 -9.5393 -7.3883 1.0657 3.5367 9.4657 9.4937 15.0027
119 -9.6003 -7.4483 1.2187 3.7137 9.1967 9.4217 15.4097
120 -9.6553 -7.5033 1.3697 3.8907 8.9377 9.3247 15.8137
121 -9.7063 -7.5543 1.5187 4.0667 8.6907 9.2077 16.2127
122 -9.7523 -7.5993 1.6627 4.2397 8.4577 9.0777 16.5117
123 -9.7933 -7.6403 1.8017 4.4077 8.2397 8.9387 16.8187
124 -9.8293 -7.6763 1.9327 4.5697 8.0377 8.7957 17.1377
125 -9.8613 -7.7083 2.0537 4.7237 7.8557 8.6547 17.4627
126 -9.8883 -7.7343 2.1627 4.8667 7.6947 8.5207 17.7877
127 -9.9093 -7.7563 2.2567 4.9927 7.5587 8.3987 18.1037
128 -9.9263 -7.7733 2.3347 5.0997 7.4487 8.2947 18.3967
129 -9.9383 -7.7853 2.3917 5.1807 7.3677 8.2137 18.6457
130 -9.9463 -7.7923 2.4267 5.2317 7.3187 8.1637 18.8197
131 -9.9483 -7.7953 2.4387 5.2497 7.3017 8.1457 18.8837
132 -9.9793 -7.7593 2.4407 5.2507 7.3037 8.1487 18.8747
133 -10.0663 -7.6593 2.4477 5.2547 7.3107 8.1557 18.8477
134 -10.1973 -7.5063 2.4587 5.2617 7.3227 8.1687 18.7617
135 -10.3573 -7.3143 2.4737 5.2717 7.3397 8.1857 18.6617
136 -10.5383 -7.0943 2.4927 5.2847 7.3607 8.2077 18.5447
137 -10.7303 -6.8543 2.5167 5.3007 7.3867 8.2357 18.4147
138 -10.9293 -6.5973 2.5457 5.3187 7.4177 8.2677 18.2767
139 -11.1323 -6.3283 2.5777 5.3397 7.4527 8.3047 18.1327
140 -11.3363 -6.0493 2.6147 5.3637 7.4927 8.3467 17.9847
141 -11.5403 -5.7623 2.6557 5.3897 7.5367 8.3937 17.8367
142 -11.7433 -5.4673 2.7017 5.4187 7.5867 8.4457 17.6877
143 -11.9433 -5.1663 2.7517 5.4497 7.6397 8.5027 17.5407
144 -12.1413 -4.8583 2.8057 5.4827 7.6987 8.5637 17.3957
145 -12.3363 -4.5463 2.8637 5.5187 7.7607 8.6307 17.2527
146 -12.5283 -4.2293 2.9267 5.5577 7.8287 8.7017 17.1137
147 -12.7153 -3.9073 2.9937 5.5977 7.8997 8.7777 16.9777
148 -12.8993 -3.5813 3.0647 5.6397 7.9757 8.8587 16.8467
149 -13.0793 -3.2513 3.1397 5.6837 8.0557 8.9447 16.7197
150 -13.2553 -2.9183 3.2187 5.7297 8.1407 9.0347 16.5977
151 -13.4263 -2.5813 3.3027 5.7777 8.2287 9.1297 16.4807
152 -13.5923 -2.2413 3.3897 5.8267 8.3217 9.2297 16.3687
153 -13.7553 -1.8983 3.4807 5.8767 8.4187 9.3337 16.2627
154 -13.9123 -1.5523 3.5767 5.9287 8.5187 9.4417 16.1617
155 -14.0653 -1.2043 3.6757 5.9807 8.6237 9.5547 16.0677
156 -14.2143 -0.8543 3.7787 6.0347 8.7317 9.6717 15.9787
157 -14.3573 -0.5033 3.8857 6.0887 8.8427 9.7927 15.8477
158 -14.4963 -0.1503 3.9967 6.1437 8.9577 9.9177 15.7147
159 -14.6303 0.2047 4.1107 6.1987 9.0757 10.0467 15.5857
160 -14.7593 0.5587 4.2287 6.2537 9.1967 10.1797 15.4597
161 -14.8833 0.9147 4.3497 6.3087 9.3197 10.3147 15.3377
162 -15.0023 1.2697 4.4747 6.3627 9.4467 10.4527 15.2197
163 -15.1163 1.6237 4.6017 6.4167 9.5747 10.5927 15.1067
164 -15.2263 1.9767 4.7327 6.4707 9.7057 10.7347 14.9997
165 -15.3303 2.3277 4.8657 6.5227 9.8377 10.8777 14.8977
166 -15.4293 2.6767 5.0017 6.5737 9.9707 11.0197 14.8047
167 -15.5243 3.0217 5.1397 6.6237 10.1047 11.1597 14.7197
168 -15.6133 3.3627 5.2787 6.6727 10.2387 11.2957 14.6447
169 -15.6973 3.6987 5.4207 6.7187 10.3737 11.4267 14.5767
170 -15.7773 4.0287 5.5627 6.7637 10.5067 11.5487 14.3027
171 -15.8513 4.3517 5.7057 6.8067 10.6387 11.6597 14.0377
172 -15.9203 4.6667 5.8487 6.8467 10.7687 11.7567 13.7807
173 -15.9843 4.9717 5.9907 6.8847 10.8947 11.8347 13.5317
174 -16.0433 5.2647 6.1307 6.9207 11.0177 11.8947 13.2937
175 -16.0973 5.5447 6.2677 6.9527 11.1357 11.9337 13.0667
176 -16.1453 5.8097 6.4017 6.9827 11.2477 11.9527 12.8527
177 -16.1893 6.0577 6.5297 7.0097 11.3517 11.9557 12.6517
178 -16.2273 6.2857 6.6497 7.0337 11.4487 11.9427 12.4667
179 -16.2613 6.4927 6.7617 7.0547 11.5347 11.9207 12.2997
180 -16.2893 6.6737 6.8617 7.0727 11.6107 11.8927 12.1527
181 -16.3123 6.8267 6.9477 7.0877 11.6747 11.8627 12.0277
182 -16.3303 6.9507 7.0187 7.0987 11.7257 11.8347 11.9267
183 -16.3433 7.0407 7.0707 7.1067 11.7627 11.8127 11.8527
184 -16.3503 7.0957 7.1027 7.1117 11.7857 11.7977 11.8077
185 -16.3533 7.1137 7.1137 7.1137 11.7927 11.7927 11.7927
186 -16.3513 7.0947 7.1097 7.1097 11.7897 11.7897 11.8097
187 -16.3443 7.0377 7.0967 7.0967 11.7807 11.7807 11.8607
188 -16.3323 6.9457 7.0757 7.0757 11.7667 11.7667 11.9427
189 -16.3163 6.8227 7.0447 7.0447 11.7457 11.7457 12.0527
190 -16.2963 6.6727 7.0057 7.0057 11.7207 11.7207 12.1847
191 -16.2713 6.4997 6.9567 6.9567 11.6907 11.6907 12.3367
192 -16.2413 6.3077 6.8977 6.8977 11.6577 11.6577 12.5027
193 -16.2063 6.0997 6.8277 6.8277 11.6207 11.6207 12.6807
194 -16.1683 5.8787 6.7477 6.7477 11.5827 11.5827 12.8667
195 -16.1243 5.6477 6.6557 6.6557 11.5437 11.5437 13.0597
196 -16.0763 5.4087 6.5527 6.5527 11.5067 11.5067 13.2557
197 -16.0233 5.1627 6.4377 6.4377 11.4707 11.4707 13.4547
198 -15.9663 4.9127 6.3117 6.3117 11.4387 11.4387 13.6547
199 -15.9053 4.6577 6.1737 6.1737 11.4107 11.4107 13.8547
200 -15.8383 4.3997 6.0247 6.0247 11.3887 11.3887 14.0537
201 -15.7683 4.1407 5.8647 5.8647 11.3727 11.3727 14.2507
202 -15.6923 3.8797 5.6957 5.6957 11.3637 11.3637 14.4467
203 -15.6133 3.6177 5.5167 5.5167 11.3627 11.3627 14.6397
204 -15.5283 3.3547 5.3297 5.3297 11.3687 11.3687 14.8307
205 -15.4403 3.0927 5.1347 5.1347 11.3827 11.3827 15.0197
206 -15.3463 2.8307 4.9327 4.9327 11.4047 11.4047 15.1347
207 -15.2493 2.5697 4.7247 4.7247 11.4337 11.4337 15.1887
208 -15.1463 2.3097 4.5117 4.5117 11.4707 11.4707 15.2497
209 -15.0403 2.0517 4.2947 4.2947 11.5157 11.5157 15.3167
210 -14.9293 1.7947 4.0737 4.0737 11.5667 11.5667 15.3887
211 -14.8143 1.5397 3.8507 3.8507 11.6247 11.6247 15.4667
212 -14.6943 1.2867 3.6247 3.6247 11.6897 11.6897 15.5497
213 -14.5703 1.0357 3.3967 3.3967 11.7607 11.7607 15.6377
214 -14.4413 0.7877 3.1687 3.1687 11.8377 11.8377 15.7307
215 -14.3083 0.5417 2.9397 2.9397 11.9207 11.9207 15.8267
216 -14.1713 0.2987 2.7107 2.7107 12.0097 12.0097 15.9277
217 -14.0303 0.0587 2.4817 2.4817 12.1037 12.1037 16.0327
218 -13.8843 -0.1793 2.2537 2.2537 12.2027 12.2027 16.1407
219 -13.7353 -0.4133 2.0257 2.0257 12.3077 12.3077 16.2527
220 -13.5813 -0.6443 1.8007 1.8007 12.4167 12.4167 16.3667
221 -13.4233 -0.8723 1.5757 1.5757 12.5317 12.5317 16.4847
222 -13.2613 -1.0963 1.3537 1.3537 12.6497 12.6497 16.6047
223 -13.0953 -1.3173 1.1327 1.1327 12.7737 12.7737 16.7267
224 -12.9253 -1.5343 0.9147 0.9147 12.9007 12.9007 16.8507
225 -12.7513 -1.7473 0.6987 0.6987 13.0327 13.0327 16.9777
226 -12.5733 -1.9563 0.4857 0.4857 13.1687 13.1687 17.1057
227 -12.3923 -2.1623 0.2757 0.2757 13.3087 13.3087 17.2337
228 -12.2073 -2.3633 0.0677 0.0677 13.4517 13.4517 17.3637
229 -12.0183 -2.5593 -0.1363 -0.1363 13.5997 13.5997 17.4947
230 -11.8263 -2.7523 -0.3383 -0.3383 13.7507 13.7507 17.6247
231 -11.6313 -2.9393 -0.5363 -0.5363 13.9047 13.9047 17.7547
232 -11.4333 -3.1223 -0.7313 -0.7313 14.0627 14.0627 17.8847
233 -11.2323 -3.2993 -0.9223 -0.9223 14.2237 14.2237 18.0127
234 -11.0283 -3.4713 -1.1103 -1.1103 14.3877 14.3877 18.1397
235 -10.8223 -3.6383 -1.2953 -1.2953 14.5537 14.5537 18.2647
236 -10.6143 -3.7983 -1.4753 -1.4753 14.7237 14.7237 18.3867
237 -10.4043 -3.9523 -1.6533 -1.6533 14.8957 14.8957 18.5057
238 -10.1933 -4.0993 -1.8263 -1.8263 15.0697 15.0697 18.6207
239 -9.9823 -4.2383 -1.9963 -1.9963 15.2467 15.2467 18.7317
240 -9.7713 -4.3693 -2.1623 -2.1623 15.4247 15.4247 18.8387
241 -9.5613 -4.4903 -2.3243 -2.3243 15.6047 15.6047 18.9397
242 -9.3543 -4.6013 -2.4823 -2.4823 15.7867 15.7867 19.0347
243 -9.1503 -4.7003 -2.6363 -2.6363 15.9687 15.9687 19.1237
244 -8.9523 -4.7853 -2.7863 -2.7863 16.1517 16.1517 19.2057
245 -8.7623 -4.8553 -2.9323 -2.9323 16.3357 16.3357 19.2797
246 -8.5823 -4.9063 -3.0743 -3.0743 16.5187 16.5187 19.3477
247 -8.4143 -4.9363 -3.2123 -3.2123 16.7007 16.7007 19.4067
248 -8.2633 -4.9423 -3.3463 -3.3463 16.8807 16.8807 19.4397
249 -8.1313 -4.9203 -3.4763 -3.4763 17.0597 17.0597 19.2887
250 -8.0213 -4.8693 -3.6023 -3.6023 17.2347 17.2347 19.1177
251 -7.9333 -4.7883 -3.7233 -3.7233 17.4057 17.4057 18.9287
252 -7.8683 -4.6753 -3.8413 -3.8413 17.5707 17.5707 18.7217
253 -7.8253 -4.5323 -3.9543 -3.9543 17.7287 17.7287 18.4997
254 -7.8013 -4.3623 -4.0633 -4.0633 17.8767 17.8767 18.2627
255 -7.7943 -4.1683 -4.1683 -4.1683 18.0127 18.0127 18.0127
