#   563 0.10247000000000E+01 2   1.0287 0.50000000000000E+01
   1 0.85616438356164E-04 0.41191897859484E-12 -.30591614727493E+01
   2 0.87731164383562E-04 0.44320230515662E-12 -.30591614801618E+01
   3 0.89898124143836E-04 0.47686145456615E-12 -.30591614879140E+01
   4 0.92118607810188E-04 0.51307685949555E-12 -.30591614959237E+01
   5 0.94393937423100E-04 0.55204268429220E-12 -.30591615049915E+01
   6 0.96725467677451E-04 0.59396778436760E-12 -.30591615144275E+01
   7 0.99114586729084E-04 0.63907690264918E-12 -.30591615242268E+01
   8 0.10156271702129E-03 0.68761185073540E-12 -.30591615343195E+01
   9 0.10407131613172E-03 0.73983280462451E-12 -.30591615447185E+01
  10 0.10664187764017E-03 0.79601969948396E-12 -.30591615555862E+01
  11 0.10927593201788E-03 0.85647373026778E-12 -.30591615667799E+01
  12 0.11197504753873E-03 0.92151896629980E-12 -.30591615783848E+01
  13 0.11474083121293E-03 0.99150408847657E-12 -.30591615903415E+01
  14 0.11757492974389E-03 0.10668042584030E-11 -.30591616028004E+01
  15 0.12047903050857E-03 0.11478231294803E-11 -.30591616157018E+01
  16 0.12345486256213E-03 0.12349950107265E-11 -.30591616290575E+01
  17 0.12650419766741E-03 0.13287871949294E-11 -.30591616428800E+01
  18 0.12962885134980E-03 0.14297024636123E-11 -.30591616571828E+01
  19 0.13283068397814E-03 0.15382817822394E-11 -.30591616720398E+01
  20 0.13611160187240E-03 0.16551072001109E-11 -.30591616874617E+01
  21 0.13947355843864E-03 0.17808049704908E-11 -.30591617034032E+01
  22 0.14291855533208E-03 0.19160489076944E-11 -.30591617199366E+01
  23 0.14644864364878E-03 0.20615639991309E-11 -.30591617370755E+01
  24 0.15006592514691E-03 0.22181302916646E-11 -.30591617548877E+01
  25 0.15377255349803E-03 0.23865870731268E-11 -.30591617733333E+01
  26 0.15757073556944E-03 0.25678373713941E-11 -.30591617924293E+01
  27 0.16146273273800E-03 0.27628527951516E-11 -.30591618122921E+01
  28 0.16545086223663E-03 0.29726787422891E-11 -.30591618328858E+01
  29 0.16953749853387E-03 0.31984400038518E-11 -.30591618542273E+01
  30 0.17372507474766E-03 0.34413467935844E-11 -.30591618763807E+01
  31 0.17801608409393E-03 0.37027012353915E-11 -.30591618993624E+01
  32 0.18241308137105E-03 0.39839043434914E-11 -.30591619231901E+01
  33 0.18691868448091E-03 0.42864635326796E-11 -.30591619479258E+01
  34 0.19153557598759E-03 0.46120006989624E-11 -.30591619736289E+01
  35 0.19626650471449E-03 0.49622609138778E-11 -.30591620002754E+01
  36 0.20111428738093E-03 0.53391217791095E-11 -.30591620279658E+01
  37 0.20608181027924E-03 0.57446034915413E-11 -.30591620566789E+01
  38 0.21117203099314E-03 0.61808796727049E-11 -.30591620865121E+01
  39 0.21638798015867E-03 0.66502890206760E-11 -.30591621174842E+01
  40 0.22173276326859E-03 0.71553478468768E-11 -.30591621496520E+01
  41 0.22720956252132E-03 0.76987635649915E-11 -.30591621830358E+01
  42 0.23282163871560E-03 0.82834492043027E-11 -.30591622177270E+01
  43 0.23857233319188E-03 0.89125390252488E-11 -.30591622537457E+01
  44 0.24446506982171E-03 0.95894053209109E-11 -.30591622911799E+01
  45 0.25050335704631E-03 0.10317676494496E-10 -.30591623300504E+01
  46 0.25669078996536E-03 0.11101256509718E-10 -.30591623704429E+01
  47 0.26303105247750E-03 0.11944345818354E-10 -.30591624124095E+01
  48 0.26952791947369E-03 0.12851463877142E-10 -.30591624560323E+01
  49 0.27618525908469E-03 0.13827473374738E-10 -.30591625013333E+01
  50 0.28300703498409E-03 0.14877606298600E-10 -.30591625484221E+01
  51 0.28999730874819E-03 0.16007491981530E-10 -.30591625973763E+01
  52 0.29716024227427E-03 0.17223187278222E-10 -.30591626482717E+01
  53 0.30450010025845E-03 0.18531209033576E-10 -.30591627011572E+01
  54 0.31202125273483E-03 0.19938569016840E-10 -.30591627561339E+01
  55 0.31972817767738E-03 0.21452811508826E-10 -.30591628132998E+01
  56 0.32762546366601E-03 0.23082053743715E-10 -.30591628727505E+01
  57 0.33571781261856E-03 0.24835029422221E-10 -.30591629345551E+01
  58 0.34401004259024E-03 0.26721135529381E-10 -.30591629988529E+01
  59 0.35250709064222E-03 0.28750482707945E-10 -.30591630657093E+01
  60 0.36121401578108E-03 0.30933949457389E-10 -.30591631352350E+01
  61 0.37013600197088E-03 0.33283240449086E-10 -.30591632075808E+01
  62 0.37927836121956E-03 0.35810949270262E-10 -.30591632828491E+01
  63 0.38864653674168E-03 0.38530625933050E-10 -.30591633611406E+01
  64 0.39824610619920E-03 0.41456849510551E-10 -.30591634426147E+01
  65 0.40808278502232E-03 0.44605306289269E-10 -.30591635274046E+01
  66 0.41816242981237E-03 0.47992873856866E-10 -.30591636156399E+01
  67 0.42849104182874E-03 0.51637711575982E-10 -.30591637074650E+01
  68 0.43907477056191E-03 0.55559357929137E-10 -.30591638030564E+01
  69 0.44991991739479E-03 0.59778835256524E-10 -.30591639025657E+01
  70 0.46103293935444E-03 0.64318762448147E-10 -.30591640061568E+01
  71 0.47242045295649E-03 0.69203476194418E-10 -.30591641140219E+01
  72 0.48408923814452E-03 0.74459161445165E-10 -.30591642263288E+01
  73 0.49604624232669E-03 0.80113991776409E-10 -.30591643432878E+01
  74 0.50829858451216E-03 0.86198280417338E-10 -.30591644651156E+01
  75 0.52085355954961E-03 0.92744642747093E-10 -.30591645919892E+01
  76 0.53371864247048E-03 0.99788171132421E-10 -.30591647241540E+01
  77 0.54690149293950E-03 0.10736662304345E-09 -.30591648618439E+01
  78 0.56040995981511E-03 0.11552062345598E-09 -.30591650053107E+01
  79 0.57425208582254E-03 0.12429388262530E-09 -.30591651548083E+01
  80 0.58843611234236E-03 0.13373343039889E-09 -.30591653105921E+01
  81 0.60297048431721E-03 0.14388986832414E-09 -.30591654729454E+01
  82 0.61786385527985E-03 0.15481764090242E-09 -.30591656421759E+01
  83 0.63312509250526E-03 0.16657532744370E-09 -.30591658186004E+01
  84 0.64876328229014E-03 0.17922595608612E-09 -.30591660025187E+01
  85 0.66478773536271E-03 0.19283734166394E-09 -.30591661942875E+01
  86 0.68120799242617E-03 0.20748244923497E-09 -.30591663942666E+01
  87 0.69803382983909E-03 0.22323978521619E-09 -.30591666028182E+01
  88 0.71527526543612E-03 0.24019381822438E-09 -.30591668203399E+01
  89 0.73294256449239E-03 0.25843543187759E-09 -.30591670472384E+01
  90 0.75104624583535E-03 0.27806241198475E-09 -.30591672839596E+01
  91 0.76959708810748E-03 0.29917997073517E-09 -.30591675309425E+01
  92 0.78860613618374E-03 0.32190131069767E-09 -.30591677886593E+01
  93 0.80808470774748E-03 0.34634823165292E-09 -.30591680576214E+01
  94 0.82804440002884E-03 0.37265178351182E-09 -.30591683383448E+01
  95 0.84849709670955E-03 0.40095296881998E-09 -.30591686313771E+01
  96 0.86945497499828E-03 0.43140349861422E-09 -.30591689372927E+01
  97 0.89093051288074E-03 0.46416660568274E-09 -.30591692567071E+01
  98 0.91293649654889E-03 0.49941791958870E-09 -.30591695902442E+01
  99 0.93548602801365E-03 0.53734640814768E-09 -.30591699385772E+01
 100 0.95859253290558E-03 0.57815539040604E-09 -.30591703024131E+01
 101 0.98226976846835E-03 0.62206362655016E-09 -.30591706824789E+01
 102 0.10065318317495E-02 0.66930649058925E-09 -.30591710795576E+01
 103 0.10313931679937E-02 0.72013723209795E-09 -.30591714944567E+01
 104 0.10568685792432E-02 0.77482833378226E-09 -.30591719280259E+01
 105 0.10829732331505E-02 0.83367297214639E-09 -.30591723811797E+01
 106 0.11097226720093E-02 0.89698658909026E-09 -.30591728548588E+01
 107 0.11371328220079E-02 0.96510858286257E-09 -.30591733500454E+01
 108 0.11652200027115E-02 0.10384041274337E-08 -.30591738677971E+01
 109 0.11940009367785E-02 0.11172661300415E-08 -.30591744092080E+01
 110 0.12234927599169E-02 0.12021173374034E-08 -.30591749754278E+01
 111 0.12537130310869E-02 0.12934126018853E-08 -.30591755676896E+01
 112 0.12846797429547E-02 0.13916413197759E-08 -.30591761872597E+01
 113 0.13164113326057E-02 0.14973300547352E-08 -.30591768354895E+01
 114 0.13489266925211E-02 0.16110453604827E-08 -.30591775137960E+01
 115 0.13822451818263E-02 0.17333968178549E-08 -.30591782236721E+01
 116 0.14163866378174E-02 0.18650403025128E-08 -.30591789666838E+01
 117 0.14513713877715E-02 0.20066815008164E-08 -.30591797444895E+01
 118 0.14872202610495E-02 0.21590796927130E-08 -.30591805588333E+01
 119 0.15239546014974E-02 0.23230518219181E-08 -.30591814115398E+01
 120 0.15615962801544E-02 0.24994768752067E-08 -.30591823045480E+01
 121 0.16001677082742E-02 0.26893005942909E-08 -.30591832398910E+01
 122 0.16396918506686E-02 0.28935405455426E-08 -.30591842197059E+01
 123 0.16801922393801E-02 0.31132915747361E-08 -.30591852462603E+01
 124 0.17216929876928E-02 0.33497316760533E-08 -.30591863219233E+01
 125 0.17642188044888E-02 0.36041283068106E-08 -.30591874492109E+01
 126 0.18077950089597E-02 0.38778451817596E-08 -.30591886307629E+01
 127 0.18524475456810E-02 0.41723495833813E-08 -.30591898693639E+01
 128 0.18982030000593E-02 0.44892202273616E-08 -.30591911679513E+01
 129 0.19450886141608E-02 0.48301557254121E-08 -.30591925296213E+01
 130 0.19931323029305E-02 0.51969836907999E-08 -.30591939576397E+01
 131 0.20423626708129E-02 0.55916705353979E-08 -.30591954554492E+01
 132 0.20928090287820E-02 0.60163320107736E-08 -.30591970266743E+01
 133 0.21445014117929E-02 0.64732445498204E-08 -.30591986751523E+01
 134 0.21974705966642E-02 0.69648574697309E-08 -.30592004049221E+01
 135 0.22517481204018E-02 0.74938061017243E-08 -.30592022202400E+01
 136 0.23073662989757E-02 0.80629259179120E-08 -.30592041256082E+01
 137 0.23643582465604E-02 0.86752677310274E-08 -.30592061257692E+01
 138 0.24227578952505E-02 0.93341140484991E-08 -.30592082257250E+01
 139 0.24826000152632E-02 0.10042996668533E-07 -.30592104307623E+01
 140 0.25439202356402E-02 0.10805715612529E-07 -.30592127464593E+01
 141 0.26067550654605E-02 0.11626359495316E-07 -.30592151786993E+01
 142 0.26711419155773E-02 0.12509327442404E-07 -.30592177336942E+01
 143 0.27371191208921E-02 0.13459352671738E-07 -.30592204180057E+01
 144 0.28047259631781E-02 0.14481527866367E-07 -.30592232385597E+01
 145 0.28740026944686E-02 0.15581332474028E-07 -.30592262026647E+01
 146 0.29449905610220E-02 0.16764662080000E-07 -.30592293180448E+01
 147 0.30177318278793E-02 0.18037860010664E-07 -.30592325928514E+01
 148 0.30922698040279E-02 0.19407751337195E-07 -.30592360356942E+01
 149 0.31686488681874E-02 0.20881679461641E-07 -.30592396556737E+01
 150 0.32469144952316E-02 0.22467545481533E-07 -.30592434623932E+01
 151 0.33271132832638E-02 0.24173850544011E-07 -.30592474659982E+01
 152 0.34092929813604E-02 0.26009741416527E-07 -.30592516772096E+01
 153 0.34935025180000E-02 0.27985059518386E-07 -.30592561073538E+01
 154 0.35797920301946E-02 0.30110393675966E-07 -.30592607683934E+01
 155 0.36682128933404E-02 0.32397136884398E-07 -.30592656729711E+01
 156 0.37588177518060E-02 0.34857547379984E-07 -.30592708344436E+01
 157 0.38516605502756E-02 0.37504814350715E-07 -.30592762669261E+01
 158 0.39467965658674E-02 0.40353128637122E-07 -.30592819853353E+01
 159 0.40442824410443E-02 0.43417758802463E-07 -.30592880054312E+01
 160 0.41441762173381E-02 0.46715132979980E-07 -.30592943438746E+01
 161 0.42465373699063E-02 0.50262926935983E-07 -.30593010182732E+01
 162 0.43514268429430E-02 0.54080158820799E-07 -.30593080472347E+01
 163 0.44589070859637E-02 0.58187291115480E-07 -.30593154504278E+01
 164 0.45690420909870E-02 0.62606340320750E-07 -.30593232486478E+01
 165 0.46818974306344E-02 0.67360994976138E-07 -.30593314638707E+01
 166 0.47975402971711E-02 0.72476742641942E-07 -.30593401193285E+01
 167 0.49160395425112E-02 0.77981006524653E-07 -.30593492395830E+01
 168 0.50374657192112E-02 0.83903292478216E-07 -.30593588505980E+01
 169 0.51618911224757E-02 0.90275347169068E-07 -.30593689798248E+01
 170 0.52893898332009E-02 0.97131328252777E-07 -.30593796562843E+01
 171 0.54200377620809E-02 0.10450798747444E-06 -.30593909106579E+01
 172 0.55539126948043E-02 0.11244486767434E-06 -.30594027753862E+01
 173 0.56910943383660E-02 0.12098451475476E-06 -.30594152847685E+01
 174 0.58316643685237E-02 0.13017270574425E-06 -.30594284750681E+01
 175 0.59757064784262E-02 0.14005869418173E-06 -.30594423846321E+01
 176 0.61233064284433E-02 0.15069547413563E-06 -.30594570540020E+01
 177 0.62745520972259E-02 0.16214006427352E-06 -.30594725260468E+01
 178 0.64295335340273E-02 0.17445381350446E-06 -.30594888460962E+01
 179 0.65883430123178E-02 0.18770272983268E-06 -.30595060620799E+01
 180 0.67510750847221E-02 0.20195783418507E-06 -.30595242246779E+01
 181 0.69178266393147E-02 0.21729554110897E-06 -.30595433874801E+01
 182 0.70886969573058E-02 0.23379806838094E-06 -.30595636071505E+01
 183 0.72637877721512E-02 0.25155387772176E-06 -.30595849436045E+01
 184 0.74432033301234E-02 0.27065814898005E-06 -.30596074601992E+01
 185 0.76270504523774E-02 0.29121329032597E-06 -.30596312239215E+01
 186 0.78154385985511E-02 0.31332948718943E-06 -.30596563056060E+01
 187 0.80084799319353E-02 0.33712529288530E-06 -.30596827801480E+01
 188 0.82062893862541E-02 0.36272826409085E-06 -.30597107267385E+01
 189 0.84089847340946E-02 0.39027564458168E-06 -.30597402291046E+01
 190 0.86166866570268E-02 0.41991510089053E-06 -.30597713757762E+01
 191 0.88295188174553E-02 0.45180551383191E-06 -.30598042603503E+01
 192 0.90476079322465E-02 0.48611783013471E-06 -.30598389817850E+01
 193 0.92710838481729E-02 0.52303597874718E-06 -.30598756447015E+01
 194 0.95000796192228E-02 0.56275785672506E-06 -.30599143597032E+01
 195 0.97347315858176E-02 0.60549638998670E-06 -.30599552437173E+01
 196 0.99751794559873E-02 0.65148067462002E-06 -.30599984203499E+01
 197 0.10221566388550E-01 0.70095720485805E-06 -.30600440202647E+01
 198 0.10474039078347E-01 0.75419119430368E-06 -.30600921815766E+01
 199 0.10732747843583E-01 0.81146799748458E-06 -.30601430502746E+01
 200 0.10997846715319E-01 0.87309463935623E-06 -.30601967806615E+01
 201 0.11269493529187E-01 0.93940146094972E-06 -.30602535358184E+01
 202 0.11547850019358E-01 0.10107438899831E-05 -.30603134880989E+01
 203 0.11833081914837E-01 0.10875043459249E-05 -.30603768196426E+01
 204 0.12125359038133E-01 0.11700942897177E-05 -.30604437229216E+01
 205 0.12424855406375E-01 0.12589564291469E-05 -.30605144013159E+01
 206 0.12731749334912E-01 0.13545670916704E-05 -.30605890697158E+01
 207 0.13046223543485E-01 0.14574387774256E-05 -.30606679551604E+01
 208 0.13368465265009E-01 0.15681229060915E-05 -.30607512975074E+01
 209 0.13698666357054E-01 0.16872127723266E-05 -.30608393501413E+01
 210 0.14037023416074E-01 0.18153467256155E-05 -.30609323807141E+01
 211 0.14383737894451E-01 0.19532115915629E-05 -.30610306719312E+01
 212 0.14739016220444E-01 0.21015463529665E-05 -.30611345223739E+01
 213 0.15103069921089E-01 0.22611461103882E-05 -.30612442473655E+01
 214 0.15476115748139E-01 0.24328663434451E-05 -.30613601798866E+01
 215 0.15858375807119E-01 0.26176274956478E-05 -.30614826715334E+01
 216 0.16250077689554E-01 0.28164199073490E-05 -.30616120935284E+01
 217 0.16651454608486E-01 0.30303091232268E-05 -.30617488377822E+01
 218 0.17062745537316E-01 0.32604416027361E-05 -.30618933180133E+01
 219 0.17484195352088E-01 0.35080508641151E-05 -.30620459709208E+01
 220 0.17916054977284E-01 0.37744640948577E-05 -.30622072574222E+01
 221 0.18358581535223E-01 0.40611092640594E-05 -.30623776639496E+01
 222 0.18812038499143E-01 0.43695227747301E-05 -.30625577038170E+01
 223 0.19276695850072E-01 0.47013576970571E-05 -.30627479186509E+01
 224 0.19752830237569E-01 0.50583926267135E-05 -.30629488798978E+01
 225 0.20240725144437E-01 0.54425412156495E-05 -.30631611904006E+01
 226 0.20740671055504E-01 0.58558624264031E-05 -.30633854860584E+01
 227 0.21252965630575E-01 0.63005715648419E-05 -.30636224375592E+01
 228 0.21777913881650E-01 0.67790521504058E-05 -.30638727522012E+01
 229 0.22315828354527E-01 0.72938686874087E-05 -.30641371757950E+01
 230 0.22867029314884E-01 0.78477804057710E-05 -.30644164946564E+01
 231 0.23431844938962E-01 0.84437560447432E-05 -.30647115376852E+01
 232 0.24010611508954E-01 0.90849897587581E-05 -.30650231785410E+01
 233 0.24603673613225E-01 0.97749182305508E-05 -.30653523379097E+01
 234 0.25211384351472E-01 0.10517239083137E-04 -.30656999858698E+01
 235 0.25834105544953E-01 0.11315930689188E-04 -.30660671443599E+01
 236 0.26472207951914E-01 0.12175273483810E-04 -.30664548897493E+01
 237 0.27126071488326E-01 0.13099872894766E-04 -.30668643555161E+01
 238 0.27796085454087E-01 0.14094684012822E-04 -.30672967350414E+01
 239 0.28482648764803E-01 0.15165038134205E-04 -.30677532845174E+01
 240 0.29186170189294E-01 0.16316671317152E-04 -.30682353259836E+01
 241 0.29907068592970E-01 0.17555755105276E-04 -.30687442504902E+01
 242 0.30645773187216E-01 0.18888929582073E-04 -.30692815214017E+01
 243 0.31402723784940E-01 0.20323338933314E-04 -.30698486778449E+01
 244 0.32178371062428E-01 0.21866669707451E-04 -.30704473383086E+01
 245 0.32973176827670E-01 0.23527191978586E-04 -.30710792044051E+01
 246 0.33787614295314E-01 0.25313803632006E-04 -.30717460647983E+01
 247 0.34622168368408E-01 0.27236078008963E-04 -.30724497993081E+01
 248 0.35477335927108E-01 0.29304315165269E-04 -.30731923831938E+01
 249 0.36353626124507E-01 0.31529597017562E-04 -.30739758916282E+01
 250 0.37251560689782E-01 0.33923846671779E-04 -.30748025043602E+01
 251 0.38171674238820E-01 0.36499892250683E-04 -.30756745105748E+01
 252 0.39114514592519E-01 0.39271535561230E-04 -.30765943139528E+01
 253 0.40080643102954E-01 0.42253625968303E-04 -.30775644379270E+01
 254 0.41070634987597E-01 0.45462139869085E-04 -.30785875311410E+01
 255 0.42085079671791E-01 0.48914266192079E-04 -.30796663731033E+01
 256 0.43124581139684E-01 0.52628498376824E-04 -.30808038800357E+01
 257 0.44189758293834E-01 0.56624733324808E-04 -.30820031109085E+01
 258 0.45281245323692E-01 0.60924377849051E-04 -.30832672736559E+01
 259 0.46399692083187E-01 0.65550463189667E-04 -.30845997315603E+01
 260 0.47545764477642E-01 0.70527768205461E-04 -.30860040097923E+01
 261 0.48720144860240E-01 0.75882951897631E-04 -.30874838020937E+01
 262 0.49923532438287E-01 0.81644695971053E-04 -.30890429775852E+01
 263 0.51156643689513E-01 0.87843858191758E-04 -.30906855876801E+01
 264 0.52420212788644E-01 0.94513637356316E-04 -.30924158730877E+01
 265 0.53714992044524E-01 0.10168975075018E-03 -.30942382708819E+01
 266 0.55041752348023E-01 0.10941062503804E-03 -.30961574216209E+01
 267 0.56401283631020E-01 0.11771760159993E-03 -.30981781764997E+01
 268 0.57794395336706E-01 0.12665515740318E-03 -.31003056045214E+01
 269 0.59221916901522E-01 0.13627114258187E-03 -.31025449996824E+01
 270 0.60684698248990E-01 0.14661703598336E-03 -.31049018881709E+01
 271 0.62183610295740E-01 0.15774822003573E-03 -.31073820355901E+01
 272 0.63719545470045E-01 0.16972427639151E-03 -.31099914542298E+01
 273 0.65293418243155E-01 0.18260930391143E-03 -.31127364104224E+01
 274 0.66906165673761E-01 0.19647226066916E-03 -.31156234320370E+01
 275 0.68558747965903E-01 0.21138733178297E-03 -.31186593161783E+01
 276 0.70252149040660E-01 0.22743432501513E-03 -.31218511371704E+01
 277 0.71987377121965E-01 0.24469909622389E-03 -.31252062549105E+01
 278 0.73765465336877E-01 0.26327400690807E-03 -.31287323236779E+01
 279 0.75587472330698E-01 0.28325841625010E-03 -.31324373014659E+01
 280 0.77454482897266E-01 0.30475921024189E-03 -.31363294598682E+01
 281 0.79367608624829E-01 0.32789137066837E-03 -.31404173944918E+01
 282 0.81327988557862E-01 0.35277858692872E-03 -.31447100357848E+01
 283 0.83336789875241E-01 0.37955391389431E-03 -.31492166600538E+01
 284 0.85395208585160E-01 0.40836047923734E-03 -.31539469003146E+01
 285 0.87504470237213E-01 0.43935224391573E-03 -.31589107564960E+01
 286 0.89665830652072E-01 0.47269481976899E-03 -.31641186044022E+01
 287 0.91880576669179E-01 0.50856634846778E-03 -.31695812027995E+01
 288 0.94150026912907E-01 0.54715844636779E-03 -.31753096980399E+01
 289 0.96475532577656E-01 0.58867722014794E-03 -.31813156258111E+01
 290 0.98858478232324E-01 0.63334435846448E-03 -.31876109099092E+01
 291 0.10130028264466E+00 0.68139830522785E-03 -.31942078583600E+01
 292 0.10380239962599E+00 0.73309552051017E-03 -.32011191576580E+01
 293 0.10636631889675E+00 0.78871183551791E-03 -.32083578663422E+01
 294 0.10899356697350E+00 0.84854390851978E-03 -.32159374093859E+01
 295 0.11168570807774E+00 0.91291078910375E-03 -.32238715749430E+01
 296 0.11444434506726E+00 0.98215559865267E-03 -.32321745147955E+01
 297 0.11727112039042E+00 0.10566473354748E-02 -.32408607494241E+01
 298 0.12016771706407E+00 0.11367828136059E-02 -.32499451780408E+01
 299 0.12313585967555E+00 0.12229887449154E-02 -.32594430932656E+01
 300 0.12617731540954E+00 0.13157239747986E-02 -.32693701995044E+01
 301 0.12929389510015E+00 0.14154818824259E-02 -.32797426335225E+01
 302 0.13248745430913E+00 0.15227929572437E-02 -.32905769852634E+01
 303 0.13575989443056E+00 0.16382275641843E-02 -.33018903166116E+01
 304 0.13911316382300E+00 0.17623989108451E-02 -.33137001755409E+01
 305 0.14254925896942E+00 0.18959662307327E-02 -.33260246029007E+01
 306 0.14607022566597E+00 0.20396381975461E-02 -.33388821289587E+01
 307 0.14967816023992E+00 0.21941765863849E-02 -.33522917567500E+01
 308 0.15337521079784E+00 0.23604001987126E-02 -.33662729292865E+01
 309 0.15716357850455E+00 0.25391890688841E-02 -.33808454777894E+01
 310 0.16104551889361E+00 0.27314889710504E-02 -.33960295483645E+01
 311 0.16502334321029E+00 0.29383162462816E-02 -.34118455049819E+01
 312 0.16909941978758E+00 0.31607629707928E-02 -.34283138073205E+01
 313 0.17327617545633E+00 0.34000024872124E-02 -.34454548630334E+01
 314 0.17755609699010E+00 0.36572953218860E-02 -.34632888553635E+01
 315 0.18194173258576E+00 0.39339955122497E-02 -.34818355488320E+01
 316 0.18643569338063E+00 0.42315573693254E-02 -.35011140780049E+01
 317 0.19104065500713E+00 0.45515427013664E-02 -.35211427271230E+01
 318 0.19575935918581E+00 0.48956285255930E-02 -.35419387116544E+01
 319 0.20059461535769E+00 0.52656152957844E-02 -.35635179764707E+01
 320 0.20554930235703E+00 0.56634356742032E-02 -.35858950290832E+01
 321 0.21062637012525E+00 0.60911638768808E-02 -.36090828296354E+01
 322 0.21582884146734E+00 0.65510256216459E-02 -.36330927611425E+01
 323 0.22115981385159E+00 0.70454087083747E-02 -.36579347021355E+01
 324 0.22662246125372E+00 0.75768742607070E-02 -.36836172169817E+01
 325 0.23222003604669E+00 0.81481686578375E-02 -.37101478635338E+01
 326 0.23795587093704E+00 0.87622361838404E-02 -.37375335901551E+01
 327 0.24383338094918E+00 0.94222324202431E-02 -.37657811530858E+01
 328 0.24985606545863E+00 0.10131538405107E-01 -.37948974342234E+01
 329 0.25602751027546E+00 0.10893775578646E-01 -.38248894920932E+01
 330 0.26235138977926E+00 0.11712821531346E-01 -.38557641611398E+01
 331 0.26883146910681E+00 0.12592826565694E-01 -.38875270592090E+01
 332 0.27547160639375E+00 0.13538231076918E-01 -.39201809938049E+01
 333 0.28227575507167E+00 0.14553783751645E-01 -.39537239555502E+01
 334 0.28924796622194E+00 0.15644560575870E-01 -.39881470815731E+01
 335 0.29639239098762E+00 0.16815984634762E-01 -.40234330622213E+01
 336 0.30371328304502E+00 0.18073846676028E-01 -.40595553847852E+01
 337 0.31121500113623E+00 0.19424326395175E-01 -.40964785884375E+01
 338 0.31890201166430E+00 0.20874014384460E-01 -.41341594487964E+01
 339 0.32677889135240E+00 0.22429934667114E-01 -.41725488296175E+01
 340 0.33485032996881E+00 0.24099567714194E-01 -.42115938806666E+01
 341 0.34312113311904E+00 0.25890873812777E-01 -.42512403021396E+01
 342 0.35159622510708E+00 0.27812316620585E-01 -.42914344819397E+01
 343 0.36028065186722E+00 0.29872886702925E-01 -.43321253954493E+01
 344 0.36917958396834E+00 0.32082124802165E-01 -.43732662153650E+01
 345 0.37829831969236E+00 0.34450144536947E-01 -.44148156094889E+01
 346 0.38764228818876E+00 0.36987654166985E-01 -.44567387147808E+01
 347 0.39721705270703E+00 0.39705976988585E-01 -.44990077757697E+01
 348 0.40702831390889E+00 0.42617069844938E-01 -.45416024317064E+01
 349 0.41708191326244E+00 0.45733539142829E-01 -.45845096338416E+01
 350 0.42738383652002E+00 0.49068653662909E-01 -.46277231739187E+01
 351 0.43794021728207E+00 0.52636353333262E-01 -.46712428079708E+01
 352 0.44875734064893E+00 0.56451253005585E-01 -.47150729656757E+01
 353 0.45984164696296E+00 0.60528640129637E-01 -.47592210444113E+01
 354 0.47119973564295E+00 0.64884465065509E-01 -.48036952982359E+01
 355 0.48283836911333E+00 0.69535322605952E-01 -.48485023447607E+01
 356 0.49476447683043E+00 0.74498423104647E-01 -.48936443267944E+01
 357 0.50698515940814E+00 0.79791551424297E-01 -.49391157802728E+01
 358 0.51950769284552E+00 0.85433011735402E-01 -.49849002748965E+01
 359 0.53233953285880E+00 0.91441556018627E-01 -.50309669086681E+01
 360 0.54548831932041E+00 0.97836293958906E-01 -.50772667516478E+01
 361 0.55896188080763E+00 0.10463658177744E+00 -.51237293471978E+01
 362 0.57276823926358E+00 0.11186188744060E+00 -.51702593900303E+01
 363 0.58691561477339E+00 0.11953162962593E+00 -.52167337086036E+01
 364 0.60141243045829E+00 0.12766498783131E+00 -.52629986836261E+01
 365 0.61626731749061E+00 0.13628068110005E+00 -.53088682343046E+01
 366 0.63148912023263E+00 0.14539671302268E+00 -.53541224864085E+01
 367 0.64708690150237E+00 0.15503008098294E+00 -.53985072370591E+01
 368 0.66306994796948E+00 0.16519644806230E+00 -.54417342724984E+01
 369 0.67944777568433E+00 0.17590977662326E+00 -.54834825636361E+01
 370 0.69623013574373E+00 0.18718192337728E+00 -.55234002964473E+01
 371 0.71342702009660E+00 0.19902219672972E+00 -.55611076068118E+01
 372 0.73104866749299E+00 0.21143687840545E+00 -.55961998033344E+01
 373 0.74910556958007E+00 0.22442871282392E+00 -.56282507724731E+01
 374 0.76760847714869E+00 0.23799636944940E+00 -.56568162049593E+01
 375 0.78656840653427E+00 0.25213388543278E+00 -.56814362858591E+01
 376 0.80599664617566E+00 0.26683009833483E+00 -.57016375964062E+01
 377 0.82590476333620E+00 0.28206808160997E+00 -.57169342036791E+01
 378 0.84630461099060E+00 0.29782459883292E+00 -.57268282600901E+01
 379 0.86720833488207E+00 0.31406959628949E+00 -.57308108415034E+01
 380 0.88862838075366E+00 0.33076575733711E+00 -.57283641128938E+01
 381 0.91057750175827E+00 0.34786814553663E+00 -.57189660912743E+01
 382 0.93306876605170E+00 0.36532396649066E+00 -.57020991725237E+01
 383 0.95611556457318E+00 0.38307248001769E+00 -.56772631792953E+01
 384 0.97973161901814E+00 0.40104509413915E+00 -.56439930525631E+01
 385 0.10039309900079E+01 0.41916566980838E+00 -.56018806036722E+01
 386 0.10287280854611E+01 0.43735105995809E+00 -.55505991268912E+01
 387 0.10541376691720E+01 0.45551189807644E+00 -.54899292466364E+01
 388 0.10801748696005E+01 0.47355364017952E+00 -.54197841584460E+01
 389 0.11068551888797E+01 0.49137785004432E+00 -.53402323745610E+01
 390 0.11341945120450E+01 0.50888370154048E+00 -.52515161381174E+01
 391 0.11622091164925E+01 0.52596965483694E+00 -.51540637757182E+01
 392 0.11909156816699E+01 0.54253524652136E+00 -.50484944041938E+01
 393 0.12203312990071E+01 0.55848291894674E+00 -.49356136181654E+01
 394 0.12504734820926E+01 0.57371980334049E+00 -.48163991097860E+01
 395 0.12813601771003E+01 0.58815936634873E+00 -.46919756668657E+01
 396 0.13130097734746E+01 0.60172283248143E+00 -.45635797039090E+01
 397 0.13454411148795E+01 0.61434030652228E+00 -.44325144128989E+01
 398 0.13786735104170E+01 0.62595154055073E+00 -.43000977350808E+01
 399 0.14127267461243E+01 0.63650631866428E+00 -.41676065416208E+01
 400 0.14476210967536E+01 0.64596446615555E+00 -.40362214864012E+01
 401 0.14833773378434E+01 0.65429552471460E+00 -.39069777133536E+01
 402 0.15200167580881E+01 0.66147816608011E+00 -.37807267013843E+01
 403 0.15575611720129E+01 0.66749941080500E+00 -.36582135565607E+01
 404 0.15960329329616E+01 0.67235372577942E+00 -.35397419871469E+01
 405 0.16354549464057E+01 0.67604227210722E+00 -.34255775666015E+01
 406 0.16758506835820E+01 0.67857235192624E+00 -.33157949518850E+01
 407 0.17172441954664E+01 0.67995673784176E+00 -.32103465465125E+01
 408 0.17596601270945E+01 0.68021328691421E+00 -.31091080312808E+01
 409 0.18031237322337E+01 0.67936459895789E+00 -.30119199416625E+01
 410 0.18476608884199E+01 0.67743772655624E+00 -.29186191718457E+01
 411 0.18932981123638E+01 0.67446386969369E+00 -.28290571202414E+01
 412 0.19400625757392E+01 0.67047801481641E+00 -.27431047349870E+01
 413 0.19879821213600E+01 0.66551850177661E+00 -.26606477925656E+01
 414 0.20370852797576E+01 0.65962652824972E+00 -.25815774284707E+01
 415 0.20874012861676E+01 0.65284562033918E+00 -.25057808149282E+01
 416 0.21389600979359E+01 0.64522110537579E+00 -.24331352613406E+01
 417 0.21917924123549E+01 0.63679961864130E+00 -.23635067682482E+01
 418 0.22459296849401E+01 0.62762866424323E+00 -.22967521756171E+01
 419 0.23014041481581E+01 0.61775623747275E+00 -.22327231304889E+01
 420 0.23582488306176E+01 0.60723050622049E+00 -.21712701930958E+01
 421 0.24164975767339E+01 0.59609954413917E+00 -.21122460856150E+01
 422 0.24761850668792E+01 0.58441110742204E+00 -.20555078339827E+01
 423 0.25373468380311E+01 0.57221244834739E+00 -.20009180219739E+01
 424 0.26000193049305E+01 0.55955016037776E+00 -.19483455113886E+01
 425 0.26642397817623E+01 0.54647005072866E+00 -.18976659067952E+01
 426 0.27300465043718E+01 0.53301703684071E+00 -.18487619091641E+01
 427 0.27974786530298E+01 0.51923506382771E+00 -.18015235988623E+01
 428 0.28665763757596E+01 0.50516703705587E+00 -.17558486360753E+01
 429 0.29373808122409E+01 0.49085477231153E+00 -.17116423525212E+01
 430 0.30099341183032E+01 0.47633895462712E+00 -.16688177145501E+01
 431 0.30842794910253E+01 0.46165910659302E+00 -.16272951512328E+01
 432 0.31604611944537E+01 0.44685356336624E+00 -.15870022557160E+01
 433 0.32385245859567E+01 0.43195945270111E+00 -.15478733800959E+01
 434 0.33185161432298E+01 0.41701267869183E+00 -.15098491516385E+01
 435 0.34004834919676E+01 0.40204790822469E+00 -.14728759408122E+01
 436 0.34844754342192E+01 0.38709855937945E+00 -.14369053098657E+01
 437 0.35705419774444E+01 0.37219679119390E+00 -.14018934659396E+01
 438 0.36587343642873E+01 0.35737349432105E+00 -.13678007365739E+01
 439 0.37491051030851E+01 0.34265828217510E+00 -.13345910794037E+01
 440 0.38417079991313E+01 0.32807948219498E+00 -.13022316327220E+01
 441 0.39365981867099E+01 0.31366412686731E+00 -.12706923097687E+01
 442 0.40338321619216E+01 0.29943794415756E+00 -.12399454369904E+01
 443 0.41334678163211E+01 0.28542534701096E+00 -.12099654348346E+01
 444 0.42355644713842E+01 0.27164942161373E+00 -.11807285386013E+01
 445 0.43401829138274E+01 0.25813191415399E+00 -.11522125562653E+01
 446 0.44473854317989E+01 0.24489321589950E+00 -.11243966598694E+01
 447 0.45572358519644E+01 0.23195234651074E+00 -.10972612069750E+01
 448 0.46697995775079E+01 0.21932693563411E+00 -.10707875887098E+01
 449 0.47851436270723E+01 0.20703320296711E+00 -.10449581010960E+01
 450 0.49033366746610E+01 0.19508593714788E+00 -.10197558365689E+01
 451 0.50244490905252E+01 0.18349847398887E+00 -.99516459285277E+00
 452 0.51485529830611E+01 0.17228267473855E+00 -.97116879664747E+00
 453 0.52757222417427E+01 0.16144890520930E+00 -.94775343985803E+00
 454 0.54060325811138E+01 0.15100601674274E+00 -.92490402637940E+00
 455 0.55395615858673E+01 0.14096133008977E+00 -.90260652770599E+00
 456 0.56763887570382E+01 0.13132062335262E+00 -.88084734587674E+00
 457 0.58165955593371E+01 0.12208812516638E+00 -.85961328248319E+00
 458 0.59602654696527E+01 0.11326651428258E+00 -.83889151266239E+00
 459 0.61074840267531E+01 0.10485692665691E+00 -.81866956316750E+00
 460 0.62583388822139E+01 0.96858971036688E-01 -.79893529375842E+00
 461 0.64129198526046E+01 0.89270753894725E-01 -.77967688128374E+00
 462 0.65713189729639E+01 0.82088914367845E-01 -.76088280593619E+00
 463 0.67336305515961E+01 0.75308669638955E-01 -.74254183925747E+00
 464 0.68999512262206E+01 0.68923870956970E-01 -.72464303354769E+00
 465 0.70703800215082E+01 0.62927070229511E-01 -.70717571240112E+00
 466 0.72450184080395E+01 0.57309596857881E-01 -.69012946214482E+00
 467 0.74239703627180E+01 0.52061644222444E-01 -.67349412400216E+00
 468 0.76073424306772E+01 0.47172364978608E-01 -.65725978684050E+00
 469 0.77952437887149E+01 0.42629974097903E-01 -.64141678039233E+00
 470 0.79877863102962E+01 0.38421858392955E-01 -.62595566886333E+00
 471 0.81850846321605E+01 0.34534691105731E-01 -.61086724486054E+00
 472 0.83872562225748E+01 0.30954550020042E-01 -.59614252358863E+00
 473 0.85944214512724E+01 0.27667037484904E-01 -.58177273727484E+00
 474 0.88067036611189E+01 0.24657400706165E-01 -.56774932979204E+00
 475 0.90242292415485E+01 0.21910650679159E-01 -.55406395145689E+00
 476 0.92471277038147E+01 0.19411678192997E-01 -.54070845398540E+00
 477 0.94755317580990E+01 0.17145365433569E-01 -.52767488559231E+00
 478 0.97095773925240E+01 0.15096691842810E-01 -.51495548622397E+00
 479 0.99494039541193E+01 0.13250833050327E-01 -.50254268291651E+00
 480 0.10195154231786E+02 0.11593251873741E-01 -.49042908527292E+00
 481 0.10446974541311E+02 0.10109780579465E-01 -.47860748105374E+00
 482 0.10705014812482E+02 0.87866937991912E-02 -.46707083187707E+00
 483 0.10969428678350E+02 0.76107717027659E-02 -.45581226902424E+00
 484 0.11240373566705E+02 0.65693532292617E-02 -.44482508934772E+00
 485 0.11518010793803E+02 0.56503793695718E-02 -.43410275127859E+00
 486 0.11802505660410E+02 0.48424266711753E-02 -.42363887093067E+00
 487 0.12094027550222E+02 0.41347312951796E-02 -.41342721829893E+00
 488 0.12392750030712E+02 0.35172040945993E-02 -.40346171354966E+00
 489 0.12698850956471E+02 0.29804372992772E-02 -.39373642340036E+00
 490 0.13012512575096E+02 0.25157034860040E-02 -.38424555758682E+00
 491 0.13333921635701E+02 0.21149475821637E-02 -.37498346541556E+00
 492 0.13663269500102E+02 0.17707726982981E-02 -.36594463239938E+00
 493 0.14000752256755E+02 0.14764206105947E-02 -.35712367697409E+00
 494 0.14346570837497E+02 0.12257477202321E-02 -.34851534729442E+00
 495 0.14700931137183E+02 0.10131973048724E-02 -.34011451810720E+00
 496 0.15064044136271E+02 0.83376885071842E-03 -.33191618769995E+00
 497 0.15436126026437E+02 0.68298521393891E-03 -.32391547492305E+00
 498 0.15817398339290E+02 0.55685831038562E-03 -.31610761628374E+00
 499 0.16208088078271E+02 0.45185397481997E-03 -.30848796311016E+00
 500 0.16608427853804E+02 0.36485656763020E-03 -.30105197878379E+00
 501 0.17018656021793E+02 0.29313384036800E-03 -.29379523603855E+00
 502 0.17439016825531E+02 0.23430250327177E-03 -.28671341432507E+00
 503 0.17869760541122E+02 0.18629486993956E-03 -.27980229723851E+00
 504 0.18311143626488E+02 0.14732688789716E-03 -.27305777000827E+00
 505 0.18763428874062E+02 0.11586780016340E-03 -.26647581704830E+00
 506 0.19226885567251E+02 0.90611623005329E-04 -.26005251956641E+00
 507 0.19701789640762E+02 0.70450569643239E-04 -.25378405323119E+00
 508 0.20188423844889E+02 0.54450499254529E-04 -.24766668589516E+00
 509 0.20687077913858E+02 0.41828425600764E-04 -.24169677537278E+00
 510 0.21198048738330E+02 0.31932080167180E-04 -.23587076727201E+00
 511 0.21721640542167E+02 0.24221490918889E-04 -.23018519287815E+00
 512 0.22258165063558E+02 0.18252509577942E-04 -.22463666708863E+00
 513 0.22807941740628E+02 0.13662197536789E-04 -.21922188639759E+00
 514 0.23371297901622E+02 0.10155962880604E-04 -.21393762692906E+00
 515 0.23948568959792E+02 0.74963281506637E-05 -.20878074251750E+00
 516 0.24540098613099E+02 0.54932000390297E-05 -.20374816283463E+00
 517 0.25146239048842E+02 0.39955077101093E-05 -.19883689156139E+00
 518 0.25767351153349E+02 0.28840754140803E-05 -.19404400460398E+00
 519 0.26403804726836E+02 0.20655969897636E-05 -.18936664835288E+00
 520 0.27055978703589E+02 0.14675842456158E-05 -.18480203798385E+00
 521 0.27724261377568E+02 0.10341675613734E-05 -.18034745579988E+00
 522 0.28409050633594E+02 0.72263489477555E-06 -.17600024961309E+00
 523 0.29110754184244E+02 0.50060426421883E-06 -.17175783116567E+00
 524 0.29829789812594E+02 0.34373430550310E-06 -.16761767458884E+00
 525 0.30566585620965E+02 0.23388731172573E-06 -.16357731489901E+00
 526 0.31321580285803E+02 0.15766895338597E-06 -.15963434653012E+00
 527 0.32095223318863E+02 0.10527838734528E-06 -.15578642190141E+00
 528 0.32887975334838E+02 0.69611498032863E-07 -.15203125001971E+00
 529 0.33700308325609E+02 0.45568422920879E-07 -.14836659511542E+00
 530 0.34532705941252E+02 0.29524195578664E-07 -.14479027531131E+00
 531 0.35385663778000E+02 0.18928234322145E-07 -.14130016132355E+00
 532 0.36259689673317E+02 0.12004493546852E-07 -.13789417519386E+00
 533 0.37155304008248E+02 0.75293804274987E-08 -.13457028905241E+00
 534 0.38073040017252E+02 0.46690800879933E-08 -.13132652391039E+00
 535 0.39013444105678E+02 0.28617068409634E-08 -.12816094848179E+00
 536 0.39977076175088E+02 0.17329653044765E-08 -.12507167803350E+00
 537 0.40964509956613E+02 0.00000000000000E+00 -.12205687326209E+00
 538 0.41976333352541E+02 0.00000000000000E+00 -.11911473920362E+00
 539 0.43013148786349E+02 0.00000000000000E+00 -.11624352415685E+00
 540 0.44075573561372E+02 0.00000000000000E+00 -.11344151864622E+00
 541 0.45164240228338E+02 0.00000000000000E+00 -.11070705440244E+00
 542 0.46279796961977E+02 0.00000000000000E+00 -.10803850336919E+00
 543 0.47422907946938E+02 0.00000000000000E+00 -.10543427673385E+00
 544 0.48594253773228E+02 0.00000000000000E+00 -.10289282398150E+00
 545 0.49794531841426E+02 0.00000000000000E+00 -.10041263197179E+00
 546 0.51024456777910E+02 0.00000000000000E+00 -.97992224038043E-01
 547 0.52284760860324E+02 0.00000000000000E+00 -.95630159108071E-01
 548 0.53576194453574E+02 0.00000000000000E+00 -.93325030846169E-01
 549 0.54899526456577E+02 0.00000000000000E+00 -.91075466815817E-01
 550 0.56255544760055E+02 0.00000000000000E+00 -.88880127662552E-01
 551 0.57645056715628E+02 0.00000000000000E+00 -.86737706316533E-01
 552 0.59068889616504E+02 0.00000000000000E+00 -.84646927214339E-01
 553 0.60527891190032E+02 0.00000000000000E+00 -.82606545539513E-01
 554 0.62022930102425E+02 0.00000000000000E+00 -.80615346481422E-01
 555 0.63554896475955E+02 0.00000000000000E+00 -.78672144511976E-01
 556 0.65124702418911E+02 0.00000000000000E+00 -.76775782679785E-01
 557 0.66733282568659E+02 0.00000000000000E+00 -.74925131921328E-01
 558 0.68381594648104E+02 0.00000000000000E+00 -.73119090388727E-01
 559 0.70070620035913E+02 0.00000000000000E+00 -.71356582793722E-01
 560 0.71801364350800E+02 0.00000000000000E+00 -.69636559767465E-01
 561 0.73574858050264E+02 0.00000000000000E+00 -.67957997235743E-01
 562 0.75392157044106E+02 0.00000000000000E+00 -.66319895809254E-01
 563 0.77254343323095E+02 0.00000000000000E+00 -.64721280188596E-01
