1 -7.654467 -3.060487 -3.060457 -1.440457 10.036413 13.187183 13.188053 15.476753 37.808683
2 -7.657367 -3.069367 -3.054907 -1.429517 10.031493 13.174743 13.196723 15.493223 37.745813
3 -7.666027 -3.095367 -3.038217 -1.397377 10.016973 13.136063 13.224873 15.541633 37.559193
4 -7.680317 -3.136567 -3.010557 -1.345947 9.993393 13.075073 13.271203 15.618643 37.254863
5 -7.700017 -3.190437 -2.972127 -1.277787 9.961573 12.995933 13.334973 15.719743 36.842363
6 -7.724847 -3.254287 -2.923207 -1.195587 9.922533 12.902953 13.415263 15.840153 36.334133
7 -7.754457 -3.325697 -2.864147 -1.101807 9.877393 12.799953 13.511063 15.975373 35.744663
8 -7.788477 -3.402607 -2.795307 -0.998527 9.827323 12.690103 13.621363 16.121353 35.089723
9 -7.826477 -3.483367 -2.717117 -0.887427 9.773433 12.575913 13.745253 16.274503 34.385523
10 -7.868037 -3.566687 -2.630007 -0.769857 9.716783 12.459283 13.881873 16.431493 33.648133
11 -7.912717 -3.651557 -2.534407 -0.646857 9.658333 12.341693 14.030543 16.589153 32.892913
12 -7.960097 -3.737197 -2.430747 -0.519277 9.598963 12.224253 14.190663 16.744223 32.134243
13 -8.009737 -3.823007 -2.319467 -0.387777 9.539433 12.107793 14.361823 16.893303 31.385343
14 -8.061257 -3.908487 -2.200957 -0.252917 9.480433 11.992973 14.543693 17.032633 30.658273
15 -8.114287 -3.993287 -2.075617 -0.115147 9.422583 11.880243 14.736123 17.158063 29.963873
16 -8.168447 -4.077087 -1.943827 0.025113 9.366433 11.769993 14.939023 17.264963 29.312153
17 -8.223427 -4.159647 -1.805927 0.167543 9.312463 11.662483 15.152453 17.348293 28.712033
18 -8.278917 -4.240767 -1.662257 0.311823 9.261133 11.557923 15.376583 17.402723 28.171583
19 -8.334647 -4.320287 -1.513127 0.457643 9.212843 11.456453 15.611653 17.422963 27.697803
20 -8.390367 -4.398067 -1.358847 0.604723 9.167983 11.358193 15.858043 17.404263 27.296243
21 -8.445837 -4.473997 -1.199687 0.752793 9.126913 11.263193 16.116213 17.343013 26.970623
22 -8.500857 -4.547977 -1.035937 0.901563 9.089973 11.171523 16.386723 17.237313 26.722333
23 -8.555227 -4.619917 -0.867837 1.050743 9.057483 11.083183 16.670253 17.087423 26.550173
24 -8.608787 -4.689757 -0.695647 1.200043 9.029773 10.998203 16.895733 16.967603 26.450373
25 -8.661387 -4.757427 -0.519627 1.349133 9.007133 10.916553 16.666503 17.279613 26.417113
26 -8.712877 -4.822877 -0.340027 1.497693 8.989853 10.838233 16.405133 17.607323 26.443133
27 -8.763137 -4.886067 -0.157077 1.645353 8.978213 10.763213 16.117583 17.951823 26.520503
28 -8.812047 -4.946937 0.028933 1.791733 8.972473 10.691463 15.809693 18.314333 26.641293
29 -8.859517 -5.005467 0.217753 1.936433 8.972863 10.622963 15.486893 18.696163 26.797943
30 -8.905457 -5.061617 0.409123 2.079023 8.979593 10.557653 15.153873 19.098753 26.983573
31 -8.949767 -5.115357 0.602683 2.219053 8.992823 10.495523 14.814683 19.523523 27.191973
32 -8.992397 -5.166657 0.798163 2.356043 9.012663 10.436503 14.472633 19.972023 27.417683
33 -9.033277 -5.215507 0.995163 2.489523 9.039153 10.380563 14.130473 20.445733 27.655883
34 -9.072327 -5.261887 1.193303 2.618973 9.072243 10.327663 13.790463 20.946043 27.902293
35 -9.109517 -5.305767 1.392113 2.743903 9.111793 10.277753 13.454473 21.474183 28.153163
36 -9.144787 -5.347137 1.591073 2.863813 9.157533 10.230793 13.124103 22.031063 28.405103
37 -9.178097 -5.385987 1.789603 2.978243 9.209053 10.186733 12.800773 22.617093 28.655123
38 -9.209417 -5.422317 1.986993 3.086743 9.265793 10.145503 12.485773 23.232003 28.900493
39 -9.238697 -5.456097 2.182453 3.188893 9.327023 10.107063 12.180363 23.874553 29.138773
40 -9.265917 -5.487347 2.375023 3.284333 9.391843 10.071313 11.885853 24.542223 29.367743
41 -9.291057 -5.516057 2.563613 3.372753 9.459193 10.038163 11.603613 25.230843 29.585413
42 -9.314077 -5.542237 2.746903 3.453893 9.527843 10.007463 11.335203 25.934293 29.789963
43 -9.334957 -5.565867 2.923373 3.527563 9.596433 9.979023 11.082433 26.644063 29.979773
44 -9.353697 -5.586977 3.091243 3.593593 9.663483 9.952493 10.847433 27.349053 30.153383
45 -9.370257 -5.605567 3.248473 3.651903 9.727483 9.927303 10.632803 28.035573 30.309543
46 -9.384637 -5.621647 3.392733 3.702433 9.786863 9.902453 10.441903 28.687223 30.447103
47 -9.396827 -5.635227 3.521483 3.745153 9.840143 9.876103 10.279063 29.285723 30.565113
48 -9.406817 -5.646327 3.632003 3.780073 9.845293 9.885913 10.149933 29.811593 30.662753
49 -9.414587 -5.654937 3.721593 3.807193 9.807693 9.922913 10.059543 30.245523 30.739383
50 -9.420147 -5.661087 3.787723 3.826543 9.767523 9.950133 10.006173 30.569943 30.794483
51 -9.423487 -5.664767 3.828323 3.838143 9.736583 9.966773 9.980073 30.770723 30.827723
52 -9.424597 -5.665997 3.841983 3.842043 9.725103 9.972243 9.972513 30.837173 30.840353
53 -9.430317 -5.657697 3.842173 3.842233 9.725903 9.974203 9.974473 30.801023 30.804203
54 -9.447327 -5.632957 3.842753 3.842813 9.728303 9.980063 9.980333 30.693463 30.696643
55 -9.475167 -5.592227 3.843743 3.843813 9.732293 9.989823 9.990093 30.517143 30.520303
56 -9.513157 -5.536197 3.845213 3.845283 9.737883 10.003433 10.003703 30.276233 30.279383
57 -9.560417 -5.465747 3.847203 3.847273 9.745083 10.020883 10.021143 29.976233 29.979363
58 -9.615947 -5.381877 3.849803 3.849883 9.753893 10.042103 10.042363 29.623623 29.626723
59 -9.678717 -5.285617 3.853113 3.853193 9.764313 10.067053 10.067313 29.225503 29.228553
60 -9.747717 -5.177987 3.857203 3.857293 9.776363 10.095663 10.095923 28.789213 28.792213
61 -9.821937 -5.060007 3.862203 3.862293 9.790053 10.127873 10.128133 28.322223 28.325153
62 -9.900477 -4.932567 3.868203 3.868293 9.805383 10.163613 10.163863 27.831573 27.834423
63 -9.982527 -4.796497 3.875303 3.875403 9.822363 10.202793 10.203043 27.323873 27.326643
64 -10.067327 -4.652547 3.883623 3.883733 9.841023 10.245343 10.245593 26.805113 26.807783
65 -10.154247 -4.501377 3.893253 3.893363 9.861363 10.291183 10.291423 26.280583 26.283163
66 -10.242717 -4.343547 3.904283 3.904393 9.883413 10.340233 10.340473 25.754813 25.757283
67 -10.332217 -4.179597 3.916783 3.916913 9.907173 10.392403 10.392623 25.231763 25.234133
68 -10.422337 -4.009947 3.930843 3.930983 9.932673 10.447583 10.447803 24.714563 24.716823
69 -10.512687 -3.834997 3.946533 3.946673 9.959933 10.505703 10.505913 24.205793 24.207963
70 -10.602947 -3.655087 3.963883 3.964033 9.988963 10.566663 10.566863 23.707493 23.709563
71 -10.692847 -3.470507 3.982963 3.983113 10.019803 10.630343 10.630533 23.221213 23.223203
72 -10.782137 -3.281497 4.003803 4.003953 10.052453 10.696653 10.696833 22.748093 22.750003
73 -10.870587 -3.088347 4.026423 4.026573 10.086943 10.765443 10.765613 22.289083 22.290913
74 -10.958037 -2.891217 4.050843 4.051003 10.123273 10.836593 10.836753 21.844703 21.846483
75 -11.044307 -2.690317 4.077073 4.077233 10.161473 10.909943 10.910093 21.415373 21.417093
76 -11.129267 -2.485807 4.105113 4.105273 10.201553 10.985323 10.985463 21.001313 21.002993
77 -11.212787 -2.277847 4.134973 4.135133 10.243493 11.062543 11.062663 20.602673 20.604323
78 -11.294767 -2.066567 4.166623 4.166783 10.287313 11.141363 11.141473 20.219503 20.221113
79 -11.375107 -1.852127 4.200043 4.200203 10.332983 11.221523 11.221623 19.851903 19.853483
80 -11.453717 -1.634637 4.235223 4.235383 10.380463 11.302703 11.302793 19.499893 19.501443
81 -11.530527 -1.414227 4.272123 4.272273 10.429723 11.384533 11.384613 19.163543 19.165063
82 -11.605477 -1.191017 4.310693 4.310843 10.480683 11.466583 11.466663 18.842983 18.844473
83 -11.678507 -0.965127 4.350903 4.351043 10.533263 11.548333 11.548423 18.538393 18.539853
84 -11.749577 -0.736647 4.392693 4.392833 10.587353 11.629183 11.629283 18.250073 18.251493
85 -11.818617 -0.505757 4.436013 4.436143 10.642783 11.708403 11.708523 17.978463 17.979853
86 -11.885607 -0.272547 4.480783 4.480903 10.699373 11.785163 11.785313 17.724093 17.725443
87 -11.950517 -0.037147 4.526943 4.527063 10.756913 11.858493 11.858673 17.487643 17.488953
88 -12.013307 0.200293 4.574413 4.574523 10.815113 11.927273 11.927483 17.269963 17.271233
89 -12.073957 0.439623 4.623093 4.623203 10.873663 11.990263 11.990513 17.072023 17.073253
90 -12.132457 0.680713 4.672893 4.673003 10.932193 12.046113 12.046403 16.894923 16.896103
91 -12.188777 0.923323 4.723703 4.723813 10.990273 12.093393 12.093713 16.739843 16.740973
92 -12.242897 1.167293 4.775413 4.775513 11.047413 12.130703 12.131063 16.607913 16.609003
93 -12.294817 1.412393 4.827873 4.827983 11.103083 12.156763 12.157153 16.500133 16.501183
94 -12.344527 1.658363 4.880963 4.881073 11.156693 12.170543 12.170973 16.417243 16.418263
95 -12.392017 1.904913 4.934513 4.934623 11.207613 12.171423 12.171873 16.359553 16.360533
96 -12.437287 2.151743 4.988353 4.988473 11.255183 12.159233 12.159703 16.326843 16.327803
97 -12.480327 2.398413 5.042303 5.042433 11.298703 12.134393 12.134863 16.318323 16.319253
98 -12.521137 2.644493 5.096163 5.096283 11.337503 12.097793 12.098263 16.332593 16.333493
99 -12.559727 2.889473 5.149693 5.149833 11.370893 12.050803 12.051263 16.367743 16.368603
100 -12.596087 3.132723 5.202673 5.202813 11.398263 11.995083 11.995513 16.421473 16.422303
101 -12.630237 3.373543 5.254843 5.254983 11.419073 11.932473 11.932883 16.491213 16.492013
102 -12.662157 3.611103 5.305923 5.306073 11.432903 11.864853 11.865223 16.574243 16.575003
103 -12.691867 3.844403 5.355623 5.355773 11.439463 11.794093 11.794423 16.667753 16.668473
104 -12.719367 4.072303 5.403613 5.403763 11.438693 11.721923 11.722213 16.768933 16.769613
105 -12.744647 4.293503 5.449583 5.449733 11.430733 11.649933 11.650183 16.875023 16.875653
106 -12.767727 4.506483 5.493183 5.493343 11.416023 11.579593 11.579793 16.983283 16.983873
107 -12.788607 4.709523 5.534073 5.534223 11.395263 11.512183 11.512343 17.091073 17.091603
108 -12.807277 4.900683 5.571893 5.572043 11.369503 11.448843 11.448973 17.195823 17.196303
109 -12.823757 5.077773 5.606283 5.606433 11.340083 11.390623 11.390713 17.295053 17.295483
110 -12.838037 5.238483 5.636913 5.637063 11.308663 11.338373 11.338443 17.386453 17.386823
111 -12.850117 5.380353 5.663463 5.663603 11.277123 11.292863 11.292923 17.467853 17.468173
112 -12.859997 5.500863 5.685633 5.685763 11.247483 11.254733 11.254793 17.537343 17.537593
113 -12.867687 5.597623 5.703163 5.703283 11.221763 11.224523 11.224593 17.593233 17.593423
114 -12.873177 5.668493 5.715843 5.715963 11.201843 11.202653 11.202723 17.634183 17.634303
115 -12.876467 5.711753 5.723513 5.723633 11.189223 11.189403 11.189483 17.659163 17.659233
116 -12.877567 5.726073 5.726193 5.726313 11.184893 11.184973 11.185053 17.667583 17.667593
117 -12.876467 5.719013 5.719233 5.720703 11.176843 11.195553 11.195693 17.649013 17.669433
118 -12.873187 5.697963 5.698193 5.704253 11.152583 11.227343 11.227463 17.593563 17.674953
119 -12.867707 5.663423 5.663663 5.676963 11.112543 11.279773 11.279873 17.502123 17.684163
120 -12.860037 5.616153 5.616403 5.639003 11.057273 11.352093 11.352163 17.376043 17.697073
121 -12.850177 5.557123 5.557403 5.590603 10.987533 11.443313 11.443373 17.217233 17.713683
122 -12.838117 5.487463 5.487753 5.532063 10.904253 11.552303 11.552393 17.027923 17.734013
123 -12.823867 5.408353 5.408653 5.463733 10.808503 11.677893 11.678043 16.810713 17.758063
124 -12.807407 5.320993 5.321303 5.385993 10.701433 11.818893 11.819123 16.568403 17.785873
125 -12.788747 5.226543 5.226863 5.299253 10.584303 11.974133 11.974443 16.303953 17.817433
126 -12.767877 5.126103 5.126423 5.203963 10.458353 12.142533 12.142933 16.020343 17.852803
127 -12.744787 5.020703 5.021023 5.100603 10.324873 12.323073 12.323573 15.720573 17.891973
128 -12.719487 4.911243 4.911563 4.989613 10.185103 12.514843 12.515463 15.407513 17.934983
129 -12.691947 4.798563 4.798873 4.871513 10.040243 12.717023 12.717753 15.083953 17.981873
130 -12.662177 4.683373 4.683683 4.746743 9.891433 12.928903 12.929763 14.752433 18.032653
131 -12.630167 4.566343 4.566633 4.615793 9.739723 13.149843 13.150823 14.415383 18.087383
132 -12.595907 4.448023 4.448303 4.479113 9.586073 13.379303 13.380423 14.074923 18.146073
133 -12.559397 4.328903 4.329173 4.337163 9.431383 13.616783 13.618043 13.733033 18.208783
134 -12.520617 4.190353 4.209423 4.209673 9.276403 13.391373 13.861923 13.863323 18.275533
135 -12.479567 4.039103 4.089953 4.090193 9.121833 13.051503 14.114333 14.115873 18.346383
136 -12.436247 3.883783 3.970823 3.971033 8.968273 12.714653 14.373743 14.375433 18.421363
137 -12.390657 3.724773 3.852313 3.852513 8.816223 12.381983 14.639893 14.641723 18.500523
138 -12.342777 3.562393 3.734673 3.734853 8.666113 12.054383 14.912603 14.914583 18.583903
139 -12.292617 3.396963 3.618123 3.618293 8.518313 11.732643 15.191673 15.193803 18.671543
140 -12.240167 3.228763 3.502843 3.502993 8.373103 11.417373 15.477033 15.479303 18.763513
141 -12.185427 3.058053 3.389003 3.389153 8.230733 11.109113 15.768533 15.770943 18.859833
142 -12.128397 2.885073 3.276753 3.276893 8.091383 10.808233 16.066173 16.068713 18.960563
143 -12.069097 2.710043 3.166213 3.166353 7.955213 10.515063 16.369873 16.372543 19.065723
144 -12.007507 2.533153 3.057503 3.057643 7.822303 10.229833 16.679663 16.682453 19.175383
145 -11.943647 2.354563 2.950713 2.950863 7.692733 9.952683 16.995583 16.998483 19.289563
146 -11.877507 2.174453 2.845933 2.846093 7.566563 9.683743 17.317673 17.320663 19.408313
147 -11.809117 1.992953 2.743253 2.743413 7.443803 9.423063 17.646053 17.649133 19.531653
148 -11.738467 1.810213 2.642723 2.642903 7.324463 9.170663 17.980813 17.983963 19.659593
149 -11.665577 1.626323 2.544413 2.544613 7.208543 8.926523 18.322143 18.325353 19.792183
150 -11.590467 1.441433 2.448383 2.448593 7.096013 8.690623 18.670203 18.673443 19.929413
151 -11.513137 1.255613 2.354673 2.354893 6.986853 8.462873 19.025233 19.028503 20.071293
152 -11.433627 1.068983 2.263343 2.263573 6.881033 8.243203 19.387473 19.390733 20.217803
153 -11.351927 0.881643 2.174403 2.174653 6.778493 8.031493 19.757243 19.760483 20.368933
154 -11.268077 0.693703 2.087923 2.088173 6.679223 7.827673 20.134843 20.138033 20.524633
155 -11.182097 0.505233 2.003903 2.004163 6.583143 7.631573 20.520663 20.523773 20.684893
156 -11.094017 0.316373 1.922393 1.922663 6.490233 7.443093 20.849263 20.915193 20.918313
157 -11.003857 0.127193 1.843403 1.843683 6.400433 7.262083 21.018413 21.318663 21.321643
158 -10.911667 -0.062167 1.766973 1.767253 6.313713 7.088413 21.191643 21.731713 21.734573
159 -10.817467 -0.251627 1.693103 1.693393 6.230023 6.921913 21.368943 22.154853 22.157593
160 -10.721317 -0.441027 1.621833 1.622123 6.149313 6.762453 21.550113 22.588593 22.591213
161 -10.623247 -0.630277 1.553163 1.553453 6.071553 6.609873 21.734973 23.033553 23.036063
162 -10.523327 -0.819227 1.487123 1.487413 5.996703 6.464033 21.923253 23.490273 23.492703
163 -10.421597 -1.007747 1.423703 1.423983 5.924723 6.324773 22.114663 23.959413 23.961813
164 -10.318147 -1.195677 1.362923 1.363203 5.855583 6.191953 22.308863 24.441513 24.443943
165 -10.213017 -1.382877 1.304783 1.305053 5.789253 6.065413 22.505473 24.937203 24.939743
166 -10.106327 -1.569177 1.249293 1.249563 5.725703 5.945033 22.704053 25.446983 25.449723
167 -9.998157 -1.754397 1.196453 1.196713 5.664903 5.830653 22.904133 25.971363 25.974393
168 -9.888617 -1.938337 1.146253 1.146503 5.606833 5.722143 23.105153 26.510663 26.514053
169 -9.777827 -2.120817 1.098693 1.098933 5.551463 5.619383 23.306523 27.065153 27.068983
170 -9.665957 -2.301597 1.053763 1.053993 5.498773 5.522233 23.507563 27.634803 27.639113
171 -9.553147 -2.480447 1.011433 1.011653 5.430573 5.448763 23.707583 28.219363 28.224203
172 -9.439587 -2.657107 0.971703 0.971913 5.344303 5.401383 23.905803 28.818293 28.823703
173 -9.325537 -2.831257 0.934543 0.934743 5.263303 5.356643 24.101373 29.430523 29.436513
174 -9.211227 -3.002587 0.899913 0.900103 5.187463 5.314513 24.293433 30.054593 30.061183
175 -9.096997 -3.170717 0.867793 0.867963 5.116713 5.274993 24.481023 30.688303 30.695513
176 -8.983187 -3.335217 0.838133 0.838293 5.050923 5.238073 24.663203 31.328923 31.336733
177 -8.870267 -3.495587 0.810893 0.811043 4.990043 5.203733 24.838943 31.972753 31.981163
178 -8.758737 -3.651277 0.786013 0.786153 4.933983 5.171963 25.007223 32.615373 32.624373
179 -8.649217 -3.801587 0.763453 0.763573 4.882663 5.142763 25.166993 33.251293 33.260853
180 -8.542457 -3.945747 0.743143 0.743253 4.836023 5.116123 25.317213 33.874213 33.884313
181 -8.439327 -4.082847 0.725023 0.725123 4.794003 5.092043 25.456843 34.476783 34.487373
182 -8.340857 -4.211797 0.709023 0.709123 4.756553 5.070503 25.584913 35.050933 35.061983
183 -8.248277 -4.331357 0.695103 0.695193 4.723623 5.051513 25.700443 35.587853 35.599303
184 -8.162977 -4.440097 0.683183 0.683273 4.695163 5.035053 25.802563 36.078403 36.090213
185 -8.086527 -4.536427 0.673213 0.673293 4.671143 5.021143 25.890453 36.513293 36.525403
186 -8.020617 -4.618637 0.665133 0.665213 4.651533 5.009753 25.963393 36.883633 36.896003
187 -7.966977 -4.684967 0.658893 0.658973 4.636303 5.000903 26.020783 37.181243 37.193803
188 -7.927257 -4.733767 0.654473 0.654543 4.625443 4.994583 26.062133 37.399213 37.411903
189 -7.902807 -4.763667 0.651833 0.651903 4.618933 4.990793 26.087083 37.532203 37.544983
190 -7.894547 -4.773737 0.650953 0.651023 4.616763 4.989523 26.095433 37.576923 37.589723
191 -7.894137 -4.772517 0.642983 0.644423 4.626423 5.000543 26.069083 37.485443 37.584143
192 -7.892887 -4.768857 0.619193 0.624953 4.655203 5.033353 25.990643 37.197763 37.585033
193 -7.890827 -4.762747 0.580333 0.593173 4.702503 5.087263 25.861893 36.732063 37.586973
194 -7.887967 -4.754177 0.527463 0.550053 4.767443 5.161223 25.685623 36.108103 37.589733
195 -7.884317 -4.743157 0.461923 0.496773 4.848853 5.253893 25.465543 35.350463 37.593263
196 -7.879917 -4.729657 0.385163 0.434653 4.945493 5.363833 25.205943 34.486053 37.597533
197 -7.874787 -4.713677 0.298693 0.365073 5.056043 5.489553 24.911593 33.542383 37.602513
198 -7.868967 -4.695197 0.203983 0.289383 5.179223 5.629623 24.587343 32.545303 37.608153
199 -7.862497 -4.674207 0.102373 0.208873 5.313813 5.782693 24.238123 31.518183 37.614433
200 -7.855417 -4.650707 -0.004897 0.124703 5.458703 5.947583 23.868573 30.480713 37.621303
201 -7.847787 -4.624667 -0.116727 0.037953 5.612863 6.123203 23.483123 29.449113 37.628703
202 -7.839637 -4.596097 -0.232167 -0.050437 5.775383 6.308673 23.085723 28.435753 37.636593
203 -7.831037 -4.564977 -0.350377 -0.139637 5.945423 6.503163 22.679993 27.449903 37.644903
204 -7.822027 -4.531307 -0.470667 -0.228907 6.122263 6.706033 22.269033 26.497783 37.653593
205 -7.812677 -4.495087 -0.592397 -0.317597 6.305193 6.916713 21.855613 25.583463 37.662583
206 -7.803037 -4.456297 -0.715057 -0.405147 6.493603 7.134743 21.442033 24.708923 37.671823
207 -7.793177 -4.414957 -0.838197 -0.491077 6.686893 7.359733 21.030353 23.874913 37.681233
208 -7.783157 -4.371057 -0.961437 -0.574937 6.884493 7.591383 20.622243 23.080923 37.690753
209 -7.773057 -4.324597 -1.084427 -0.656347 7.085813 7.829433 20.219233 22.325863 37.700323
210 -7.762937 -4.275577 -1.206917 -0.734967 7.290273 8.073713 19.822583 21.607973 37.709853
211 -7.752867 -4.224017 -1.328637 -0.810487 7.497243 8.324043 19.433493 20.925333 37.719293
212 -7.742917 -4.169917 -1.449387 -0.882657 7.706063 8.580363 19.053003 20.275703 37.728573
213 -7.733167 -4.113277 -1.568977 -0.951207 7.915943 8.842583 18.682203 19.656923 37.737613
214 -7.723687 -4.054097 -1.687267 -1.015937 8.126053 9.110723 18.322133 19.066733 37.746363
215 -7.714547 -3.992417 -1.804097 -1.076627 8.335373 9.384743 17.973953 18.503023 37.754743
216 -7.705827 -3.928217 -1.919357 -1.133117 8.542723 9.664743 17.638903 17.963703 37.762703
217 -7.697587 -3.861527 -2.032937 -1.185237 8.746663 9.950763 17.318483 17.446893 37.770183
218 -7.689897 -3.792347 -2.144757 -1.232827 8.945513 10.242943 16.950793 17.014363 37.777133
219 -7.682827 -3.720687 -2.254717 -1.275767 9.137223 10.541453 16.473713 16.728603 37.783493
220 -7.676427 -3.646587 -2.362757 -1.313937 9.319293 10.846433 16.014193 16.463653 37.789213
221 -7.670767 -3.570027 -2.468807 -1.347227 9.488833 11.158163 15.570813 16.222393 37.794263
222 -7.665877 -3.491057 -2.572807 -1.375557 9.642403 11.476853 15.142353 16.008203 37.798603
223 -7.661827 -3.409667 -2.674707 -1.398837 9.776213 11.802853 14.727643 15.824863 37.802193
224 -7.658627 -3.325897 -2.774467 -1.417007 9.886173 12.136493 14.325703 15.676423 37.805023
225 -7.656327 -3.239757 -2.872037 -1.430027 9.968313 12.478193 13.935573 15.566813 37.807053
226 -7.654937 -3.151277 -2.967387 -1.437847 10.019173 12.828383 13.556463 15.499473 37.808273
227 -7.654467 -3.060487 -3.060457 -1.440457 10.036413 13.187183 13.188053 15.476753 37.808683
228 -7.655817 -3.120187 -3.001477 -1.434507 10.026333 12.948673 13.430703 15.492523 37.782173
229 -7.659637 -3.177807 -2.947197 -1.415727 9.994093 12.718423 13.679183 15.536023 37.702133
230 -7.665577 -3.233337 -2.899287 -1.382877 9.936763 12.503993 13.933383 15.602753 37.568283
231 -7.673307 -3.286757 -2.858957 -1.335167 9.851923 12.310843 14.193593 15.689433 37.380983
232 -7.682537 -3.338057 -2.826877 -1.272337 9.738313 12.142373 14.460153 15.793593 37.141163
233 -7.692977 -3.387217 -2.803077 -1.194797 9.596433 11.999773 14.733403 15.913243 36.850423
234 -7.704357 -3.434247 -2.787017 -1.103467 9.428633 11.881953 15.013773 16.046753 36.510893
235 -7.716437 -3.479137 -2.777817 -0.999677 9.238753 11.786233 15.301643 16.192593 36.125283
236 -7.728997 -3.521857 -2.774377 -0.884937 9.031273 11.709073 15.597423 16.349353 35.696653
237 -7.741827 -3.562427 -2.775607 -0.760817 8.810763 11.646883 15.901533 16.515613 35.228553
238 -7.754747 -3.600817 -2.780457 -0.628817 8.581283 11.596403 16.214453 16.689963 34.724843
239 -7.767607 -3.637047 -2.787997 -0.490387 8.346343 11.554973 16.536583 16.870903 34.189603
240 -7.780247 -3.671097 -2.797447 -0.346877 8.108893 11.520543 16.868323 17.056853 33.627203
241 -7.792557 -3.702957 -2.808177 -0.199557 7.871353 11.491553 17.210013 17.246153 33.041973
242 -7.804397 -3.732637 -2.819647 -0.049697 7.635863 11.466853 17.436853 17.562023 32.438453
243 -7.815687 -3.760127 -2.831427 0.101453 7.404263 11.445583 17.627183 17.924473 31.821203
244 -7.826337 -3.785427 -2.843137 0.252553 7.178333 11.427123 17.814943 18.297413 31.194873
245 -7.836267 -3.808537 -2.854537 0.402193 6.959823 11.411053 17.997933 18.680633 30.563983
246 -7.845407 -3.829447 -2.865367 0.548753 6.750563 11.397063 18.173773 19.073553 29.933363
247 -7.853717 -3.848157 -2.875447 0.690443 6.552483 11.384893 18.340083 19.475113 29.308033
248 -7.861137 -3.864677 -2.884637 0.825193 6.367793 11.374383 18.494373 19.883323 28.693583
249 -7.867637 -3.878987 -2.892797 0.950683 6.198903 11.365443 18.634203 20.294903 28.096463
250 -7.873187 -3.891097 -2.899857 1.064253 6.048523 11.357993 18.757203 20.704243 27.525123
251 -7.877757 -3.901007 -2.905727 1.163033 5.919573 11.351943 18.861223 21.102053 26.991403
252 -7.881337 -3.908717 -2.910337 1.244043 5.815063 11.347263 18.944313 21.472343 26.513333
253 -7.883897 -3.914227 -2.913667 1.304423 5.737883 11.343943 19.004883 21.788453 26.119043
254 -7.885437 -3.917527 -2.915677 1.341753 5.690473 11.341973 19.041703 22.010003 25.850093
255 -7.885957 -3.918627 -2.916347 1.354393 5.674473 11.341313 19.054073 22.091263 25.752973
