1 -20.4866 4.4154 4.4154 4.4154 24.3784 34.0094 34.0094
2 -20.4826 4.4104 4.4124 4.4124 24.3824 33.9864 33.9864
3 -20.4726 4.3944 4.4024 4.4024 24.3934 33.9214 33.9214
4 -20.4556 4.3674 4.3864 4.3864 24.4114 33.8164 33.8164
5 -20.4306 4.3294 4.3644 4.3644 24.4374 33.6804 33.6804
6 -20.3996 4.2814 4.3354 4.3354 24.4694 33.5174 33.5174
7 -20.3616 4.2234 4.2994 4.2994 24.5084 33.3364 33.3364
8 -20.3166 4.1784 4.2584 4.2584 24.5564 33.1424 33.1424
9 -20.2646 4.1004 4.2104 4.2104 24.6074 32.9414 32.9414
10 -20.2056 4.0424 4.1654 4.1654 24.6694 32.7394 32.7394
11 -20.1396 3.9454 4.1054 4.1054 24.7304 32.5364 32.5364
12 -20.0676 3.8564 4.0544 4.0544 24.8004 32.3394 32.3394
13 -19.9886 3.7434 3.9814 3.9814 24.8694 32.0474 32.1464
14 -19.9016 3.6224 3.9024 3.9024 24.9414 31.5034 31.9614
15 -19.8096 3.4954 3.8174 3.8174 25.0154 30.9674 31.7854
16 -19.7096 3.3624 3.7274 3.7274 25.0904 30.4384 31.6204
17 -19.6036 3.2244 3.6314 3.6314 25.1654 29.9174 31.4664
18 -19.4906 3.0814 3.5304 3.5304 25.2404 29.4044 31.3244
19 -19.3706 2.9344 3.4254 3.4254 25.3154 28.9004 31.1954
20 -19.2446 2.7824 3.3144 3.3144 25.3884 28.4034 31.0794
21 -19.1126 2.6284 3.1994 3.1994 25.4594 27.9154 30.9764
22 -18.9726 2.4704 3.0794 3.0794 25.5274 27.4354 30.8884
23 -18.8276 2.3104 2.9554 2.9554 25.5914 26.9644 30.8134
24 -18.6756 2.1484 2.8284 2.8284 25.6504 26.5014 30.7524
25 -18.5176 1.9854 2.6974 2.6974 25.7044 26.0464 30.7064
26 -18.3536 1.7874 2.5584 2.5584 25.6004 25.7374 30.6734
27 -18.1826 1.6214 2.4204 2.4204 25.1634 25.7764 30.6554
28 -18.0056 1.4664 2.2824 2.2824 24.7334 25.8184 30.6524
29 -17.8226 1.2994 2.1394 2.1394 24.3134 25.8404 30.6614
30 -17.6346 1.1354 2.0244 2.0244 23.9014 25.8594 30.6954
31 -17.4396 0.9694 1.8764 1.8764 23.4984 25.8604 30.7324
32 -17.2396 0.8044 1.7274 1.7274 23.1034 25.8494 30.7824
33 -17.0346 0.6404 1.5764 1.5764 22.7174 25.8244 30.8454
34 -16.8236 0.4784 1.4244 1.4244 22.3394 25.7844 30.9214
35 -16.6066 0.3174 1.2724 1.2724 21.9704 25.7284 31.0094
36 -16.3856 0.1594 1.1194 1.1194 21.6104 25.6544 31.1094
37 -16.1586 0.0034 0.9674 0.9674 21.2584 25.5624 31.2224
38 -15.9276 -0.1506 0.8144 0.8144 20.9154 25.4514 31.3464
39 -15.6916 -0.3016 0.6624 0.6624 20.5804 25.3184 31.4814
40 -15.4506 -0.4496 0.5114 0.5114 20.2554 25.1644 31.6274
41 -15.2066 -0.5946 0.3614 0.3614 19.9374 24.9874 31.7844
42 -14.9576 -0.7366 0.2124 0.2124 19.6294 24.7874 31.9514
43 -14.7046 -0.8746 0.0654 0.0654 19.3294 24.5644 32.1284
44 -14.4496 -1.0096 -0.0796 -0.0796 19.0384 24.3174 32.3144
45 -14.1896 -1.1406 -0.2226 -0.2226 18.7554 24.0494 32.5104
46 -13.9286 -1.2676 -0.3636 -0.3636 18.4814 23.7584 32.7144
47 -13.6636 -1.3906 -0.5026 -0.5026 18.2164 23.4474 32.9264
48 -13.3976 -1.5086 -0.6386 -0.6386 17.9604 23.1164 33.1474
49 -13.1276 -1.6186 -0.7586 -0.7586 17.7124 22.7764 33.3884
50 -12.8586 -1.7276 -0.8886 -0.8886 17.4734 22.4114 33.6234
51 -12.5876 -1.8326 -1.0156 -1.0156 17.2424 22.0334 33.8644
52 -12.3176 -1.9326 -1.1396 -1.1396 17.0204 21.6434 34.1104
53 -12.0476 -2.0276 -1.2586 -1.2586 16.8074 21.2434 34.3624
54 -11.7786 -2.1166 -1.3746 -1.3746 16.6034 20.8374 34.6184
55 -11.5116 -2.2066 -1.4916 -1.4916 16.4074 20.4214 34.8744
56 -11.2476 -2.2846 -1.6006 -1.6006 16.2204 20.0074 35.1374
57 -10.9836 -2.3476 -1.6966 -1.6966 16.0414 19.6004 35.4144
58 -10.7256 -2.4146 -1.7966 -1.7966 15.8724 19.1874 35.6804
59 -10.4736 -2.4756 -1.8916 -1.8916 15.7114 18.7774 35.9464
60 -10.2276 -2.5396 -1.9856 -1.9856 15.5584 18.3684 36.2094
61 -9.9866 -2.5786 -2.0706 -2.0706 15.4154 17.9764 36.4754
62 -9.7556 -2.6226 -2.1516 -2.1516 15.2804 17.5904 36.7364
63 -9.5336 -2.6626 -2.2286 -2.2286 15.1544 17.2144 36.9924
64 -9.3226 -2.6936 -2.2996 -2.2996 15.0364 16.8544 37.2424
65 -9.1216 -2.7196 -2.3666 -2.3666 14.9274 16.5114 37.4854
66 -8.9336 -2.7386 -2.4276 -2.4276 14.8274 16.1854 37.7194
67 -8.7586 -2.7536 -2.4836 -2.4836 14.7364 15.8804 37.9414
68 -8.5976 -2.7626 -2.5346 -2.5346 14.6534 15.5964 38.1514
69 -8.4516 -2.7686 -2.5806 -2.5806 14.5794 15.3364 38.3474
70 -8.3216 -2.7706 -2.6216 -2.6216 14.5144 15.1024 38.5254
71 -8.2086 -2.7696 -2.6566 -2.6566 14.4574 14.8954 38.6854
72 -8.1116 -2.7676 -2.6866 -2.6866 14.4094 14.7174 38.8254
73 -8.0316 -2.7636 -2.6956 -2.6956 14.3714 14.5694 38.9674
74 -7.9696 -2.7596 -2.7146 -2.7146 14.3404 14.4534 39.0604
75 -7.9246 -2.7556 -2.7286 -2.7286 14.3184 14.3694 39.1274
76 -7.8976 -2.7486 -2.7316 -2.7316 14.3054 14.3184 39.1664
77 -7.8886 -2.7336 -2.7336 -2.7336 14.3014 14.3014 39.1934
78 -7.8976 -2.7406 -2.7306 -2.7246 14.3084 14.3154 39.1754
79 -7.9246 -2.7776 -2.7266 -2.7166 14.3314 14.3564 39.0834
80 -7.9676 -2.8136 -2.7126 -2.6726 14.3684 14.4244 38.9904
81 -8.0266 -2.8636 -2.7016 -2.6116 14.4194 14.5184 38.8634
82 -8.0996 -2.9256 -2.6776 -2.5356 14.4864 14.6394 38.7044
83 -8.1866 -3.0006 -2.6476 -2.4446 14.5664 14.7844 38.5174
84 -8.2846 -3.0876 -2.6126 -2.3416 14.6614 14.9544 38.3024
85 -8.3926 -3.1856 -2.5726 -2.2276 14.7694 15.1484 38.0644
86 -8.5096 -3.2926 -2.5276 -2.1036 14.8914 15.3634 37.8054
87 -8.6346 -3.4096 -2.4776 -1.9706 15.0264 15.6014 37.5284
88 -8.7646 -3.5346 -2.4216 -1.8306 15.1734 15.8584 37.2374
89 -8.9006 -3.6656 -2.3616 -1.6846 15.3334 16.1354 36.9334
90 -9.0396 -3.8036 -2.2966 -1.5336 15.5044 16.4294 36.6204
91 -9.1816 -3.9466 -2.2266 -1.3776 15.6874 16.7414 36.3004
92 -9.3256 -4.0946 -2.1516 -1.2096 15.8804 17.0684 35.9814
93 -9.4716 -4.2456 -2.0726 -1.0466 16.0824 17.4104 35.6544
94 -9.6196 -4.4006 -1.9916 -0.8996 16.2904 17.7654 35.3024
95 -9.7666 -4.5566 -1.9036 -0.7336 16.5084 18.1334 34.9794
96 -9.9126 -4.7136 -1.8126 -0.5646 16.7324 18.5134 34.6604
97 -10.0586 -4.8696 -1.7226 -0.3996 16.9614 18.9054 34.3104
98 -10.2026 -5.0276 -1.6236 -0.2296 17.1954 19.3044 33.8934
99 -10.3456 -5.1856 -1.5206 -0.0596 17.4304 19.7124 33.4714
100 -10.4856 -5.3416 -1.4146 0.1114 17.6674 20.1274 33.0464
101 -10.6246 -5.5026 -1.3186 0.2704 17.9004 20.5464 32.6054
102 -10.7606 -5.6526 -1.2016 0.4474 18.1344 20.9764 32.1814
103 -10.8926 -5.8026 -1.0886 0.6174 18.3624 21.4074 31.7554
104 -11.0226 -5.9506 -0.9726 0.7854 18.5844 21.8414 31.3314
105 -11.1486 -6.0956 -0.8546 0.9534 18.7974 22.2764 30.9114
106 -11.2716 -6.2366 -0.7356 1.1204 18.9984 22.7134 30.4964
107 -11.3906 -6.3746 -0.6156 1.2844 19.1874 23.1504 30.0864
108 -11.5056 -6.5066 -0.4836 1.4524 19.3604 23.5874 29.6874
109 -11.6166 -6.6356 -0.3626 1.6134 19.5164 24.0194 29.2924
110 -11.7236 -6.7606 -0.2416 1.7714 19.6524 24.4474 28.9074
111 -11.8266 -6.8806 -0.1206 1.9274 19.7694 24.8704 28.5314
112 -11.9246 -6.9956 -0.0006 2.0794 19.8654 25.2854 28.1674
113 -12.0186 -7.1066 0.1174 2.2284 19.9414 25.6924 27.8154
114 -12.1076 -7.2116 0.2344 2.3734 19.9964 26.0894 27.4754
115 -12.1926 -7.3116 0.3484 2.5134 20.0324 26.4744 27.1494
116 -12.2726 -7.4056 0.4594 2.6484 20.0514 26.8384 26.8474
117 -12.3476 -7.4946 0.5674 2.7784 20.0544 26.5424 27.2054
118 -12.4176 -7.5776 0.6704 2.9034 20.0444 26.2624 27.5464
119 -12.4836 -7.6546 0.7694 3.0214 20.0224 25.9994 27.8704
120 -12.5436 -7.7256 0.8624 3.1324 19.9924 25.7534 28.1744
121 -12.5986 -7.7906 0.9504 3.2254 19.9534 25.5264 28.4574
122 -12.6486 -7.8546 1.0314 3.3204 19.9134 25.3194 28.7064
123 -12.6936 -7.9086 1.1054 3.4074 19.8704 25.1314 28.9434
124 -12.7336 -7.9556 1.1724 3.4864 19.8284 24.9644 29.1554
125 -12.7676 -7.9966 1.2324 3.5554 19.7884 24.8184 29.3414
126 -12.7966 -8.0306 1.2824 3.6144 19.7514 24.6934 29.5004
127 -12.8206 -8.0586 1.3254 3.6854 19.7194 24.5904 29.6354
128 -12.8396 -8.0826 1.3554 3.7074 19.6924 24.5104 29.7324
129 -12.8526 -8.0986 1.3794 3.7344 19.6734 24.4524 29.8064
130 -12.8606 -8.1076 1.3934 3.7514 19.6624 24.4184 29.8504
131 -12.8636 -8.1106 1.3984 3.7564 19.6584 24.4064 29.8654
132 -12.8856 -8.0856 1.4004 3.7574 19.6634 24.4104 29.8614
133 -12.9486 -8.0106 1.4074 3.7594 19.6784 24.4234 29.8494
134 -13.0506 -7.8846 1.4184 3.7634 19.7034 24.4444 29.8434
135 -13.1846 -7.7236 1.4334 3.7674 19.7384 24.4734 29.8144
136 -13.3466 -7.5286 1.4534 3.7734 19.7844 24.5114 29.7784
137 -13.5296 -7.3096 1.4704 3.7794 19.8404 24.5564 29.7144
138 -13.7286 -7.0596 1.5014 3.8044 19.9064 24.6114 29.6684
139 -13.9406 -6.7926 1.5334 3.8134 19.9824 24.6744 29.6094
140 -14.1606 -6.5096 1.5704 3.8234 20.0684 24.7444 29.5434
141 -14.3866 -6.2136 1.6104 3.8344 20.1654 24.8244 29.4724
142 -14.6176 -5.9066 1.6544 3.8474 20.2734 24.9114 29.3944
143 -14.8496 -5.5916 1.7024 3.8604 20.3904 25.0074 29.3114
144 -15.0826 -5.2736 1.7524 3.8754 20.5194 25.1114 29.2104
145 -15.3156 -4.9456 1.8084 3.8904 20.6574 25.2244 29.1174
146 -15.5466 -4.6136 1.8674 3.9064 20.8074 25.3444 29.0204
147 -15.7766 -4.2786 1.9304 3.9234 20.9664 25.4734 28.9204
148 -16.0026 -3.9406 1.9954 3.9414 21.1374 25.6104 28.8174
149 -16.2256 -3.5976 2.0644 3.9594 21.3184 25.7554 28.7164
150 -16.4456 -3.2606 2.1084 3.9544 21.5084 25.9084 28.5994
151 -16.6616 -2.9206 2.1834 3.9734 21.7104 26.0694 28.4904
152 -16.8726 -2.5806 2.2604 3.9934 21.9214 26.2384 28.3814
153 -17.0786 -2.2426 2.3394 4.0134 22.1414 26.4164 28.2734
154 -17.2806 -1.9056 2.4214 4.0334 22.3714 26.6014 28.1674
155 -17.4766 -1.5716 2.5044 4.0544 22.6084 26.7944 28.0634
156 -17.6676 -1.2316 2.5934 4.0824 22.8534 26.9954 27.9734
157 -17.8526 -0.9036 2.6804 4.1034 23.1034 27.2034 27.8804
158 -18.0326 -0.5806 2.7684 4.1234 23.3574 27.4204 27.7964
159 -18.2076 -0.2626 2.8574 4.1444 23.6114 27.6434 27.7254
160 -18.3756 0.0504 2.9474 4.1644 23.8624 27.6714 27.8744
161 -18.5386 0.3594 3.0354 4.1874 24.1044 27.6314 28.1134
162 -18.6946 0.6584 3.1264 4.2074 24.3304 27.6294 28.3584
163 -18.8446 0.9504 3.2164 4.2264 24.5334 27.6644 28.6104
164 -18.9886 1.2334 3.2924 4.2384 24.7044 27.7444 28.8694
165 -19.1256 1.5094 3.3804 4.2564 24.8384 27.8784 29.1344
166 -19.2576 1.7764 3.4684 4.2744 24.9314 28.0694 29.4064
167 -19.3816 2.0344 3.5544 4.2924 24.9864 28.3124 29.6834
168 -19.5006 2.2814 3.6384 4.3094 25.0074 28.6054 29.9664
169 -19.6116 2.5194 3.7204 4.3264 25.0024 28.9384 30.2534
170 -19.7176 2.7414 3.7924 4.3294 24.9744 29.3054 30.5454
171 -19.8156 2.9564 3.8684 4.3444 24.9354 29.7004 30.8394
172 -19.9076 3.1584 3.9414 4.3584 24.8874 30.1164 31.1374
173 -19.9926 3.3484 4.0104 4.3714 24.8324 30.5484 31.4364
174 -20.0716 3.5144 4.0604 4.3734 24.7724 30.9884 31.7344
175 -20.1436 3.6774 4.1214 4.3844 24.7154 31.4334 32.0314
176 -20.2086 3.8034 4.1674 4.3784 24.6544 31.8724 32.3234
177 -20.2666 3.9374 4.2184 4.3874 24.6024 32.2984 32.6084
178 -20.3186 4.0484 4.2634 4.3904 24.5524 32.6984 32.8824
179 -20.3626 4.1284 4.3024 4.3974 24.5064 33.0574 33.1414
180 -20.4006 4.2154 4.3364 4.4024 24.4684 33.3654 33.3794
181 -20.4316 4.2874 4.3654 4.4074 24.4364 33.5894 33.6124
182 -20.4556 4.3434 4.3874 4.4114 24.4114 33.7654 33.7944
183 -20.4726 4.3834 4.4034 4.4134 24.3934 33.8974 33.9174
184 -20.4826 4.4074 4.4124 4.4154 24.3824 33.9814 33.9864
185 -20.4866 4.4154 4.4154 4.4154 24.3784 34.0094 34.0094
186 -20.4836 4.4074 4.4144 4.4144 24.3814 33.9854 33.9854
187 -20.4736 4.3834 4.4104 4.4104 24.3914 33.9144 33.9144
188 -20.4586 4.3444 4.4044 4.4044 24.4074 33.7934 33.7934
189 -20.4376 4.2894 4.3954 4.3954 24.4304 33.6234 33.6234
190 -20.4096 4.2184 4.3834 4.3834 24.4584 33.4054 33.4054
191 -20.3756 4.1334 4.3694 4.3694 24.4934 33.1434 33.1434
192 -20.3366 4.0344 4.3524 4.3524 24.5324 32.8424 32.8424
193 -20.2906 3.9514 4.3354 4.3354 24.5804 32.5124 32.5124
194 -20.2386 3.8244 4.3124 4.3124 24.6304 32.1604 32.1604
195 -20.1806 3.6844 4.2864 4.2864 24.6834 31.7924 31.7924
196 -20.1156 3.5654 4.2754 4.2754 24.7484 31.4174 31.4174
197 -20.0456 3.4014 4.2424 4.2424 24.8094 31.0374 31.0374
198 -19.9696 3.2284 4.2044 4.2044 24.8734 30.6574 30.6574
199 -19.8876 3.0464 4.1644 4.1644 24.9394 30.2804 30.2804
200 -19.7996 2.8624 4.1334 4.1334 25.0104 29.9104 29.9104
201 -19.7056 2.6644 4.0844 4.0844 25.0804 29.5454 29.5454
202 -19.6056 2.4584 4.0304 4.0304 25.1524 29.1904 29.1904
203 -19.4996 2.2474 3.9734 3.9734 25.2254 28.8454 28.8454
204 -19.3876 2.0304 3.9114 3.9114 25.2994 28.5114 28.5114
205 -19.2706 1.8094 3.8444 3.8444 25.3734 28.1894 28.1894
206 -19.1476 1.5834 3.7724 3.7724 25.4494 27.8804 27.8804
207 -19.0186 1.3544 3.6954 3.6954 25.5254 27.5844 27.5844
208 -18.8846 1.1224 3.6144 3.6144 25.6014 27.3024 27.3024
209 -18.7446 0.8884 3.5274 3.5274 25.6784 27.0334 27.0334
210 -18.5986 0.6634 3.4364 3.4364 25.7634 26.7794 26.7794
211 -18.4476 0.4254 3.3394 3.3394 25.8414 26.5404 26.5404
212 -18.2906 0.1894 3.2534 3.2534 25.9224 26.3194 26.3194
213 -18.1296 -0.0496 3.1454 3.1454 26.0004 26.1094 26.1094
214 -17.9626 -0.3056 3.0264 3.0264 25.9144 25.9144 26.0694
215 -17.7906 -0.5436 2.9084 2.9084 25.7344 25.7344 26.1464
216 -17.6136 -0.7796 2.7844 2.7844 25.5684 25.5684 26.2234
217 -17.4316 -1.0146 2.6564 2.6564 25.4174 25.4174 26.2994
218 -17.2456 -1.2466 2.5224 2.5224 25.2814 25.2814 26.3754
219 -17.0546 -1.4776 2.3854 2.3854 25.1594 25.1594 26.4504
220 -16.8586 -1.7046 2.2424 2.2424 25.0514 25.0514 26.5254
221 -16.6586 -1.9286 2.0954 2.0954 24.9564 24.9564 26.5994
222 -16.4546 -2.1496 1.9454 1.9454 24.8754 24.8754 26.6724
223 -16.2466 -2.3666 1.7904 1.7904 24.8074 24.8074 26.7434
224 -16.0356 -2.5796 1.6334 1.6334 24.7524 24.7524 26.8134
225 -15.8206 -2.7946 1.4614 1.4614 24.7054 24.7054 26.8764
226 -15.6026 -2.9896 1.2974 1.2974 24.6744 24.6744 26.9554
227 -15.3816 -3.1866 1.1304 1.1304 24.6534 24.6534 27.0194
228 -15.1586 -3.3786 0.9614 0.9614 24.6444 24.6444 27.0814
229 -14.9346 -3.5626 0.7914 0.7914 24.6454 24.6454 27.1404
230 -14.7086 -3.7406 0.6184 0.6184 24.6554 24.6554 27.1964
231 -14.4806 -3.9056 0.4534 0.4534 24.6844 24.6844 27.2624
232 -14.2526 -4.0666 0.2784 0.2784 24.7134 24.7134 27.3114
233 -14.0266 -4.2246 0.0994 0.0994 24.7484 24.7484 27.3484
234 -13.8006 -4.3666 -0.0766 -0.0766 24.7934 24.7934 27.3884
235 -13.5766 -4.4986 -0.2526 -0.2526 24.8444 24.8444 27.4234
236 -13.3566 -4.6186 -0.4286 -0.4286 24.9024 24.9024 27.4534
237 -13.1396 -4.7256 -0.6036 -0.6036 24.9664 24.9664 27.4784
238 -12.9286 -4.8266 -0.7786 -0.7786 25.0354 25.0354 27.4794
239 -12.7236 -4.9046 -0.9516 -0.9516 25.1094 25.1094 27.4904
240 -12.5266 -4.9656 -1.1236 -1.1236 25.1874 25.1874 27.4934
241 -12.3386 -5.0096 -1.2936 -1.2936 25.2684 25.2684 27.4894
242 -12.1616 -5.0346 -1.4626 -1.4626 25.3534 25.3534 27.4774
243 -11.9956 -5.0386 -1.6286 -1.6286 25.4404 25.4404 27.4574
244 -11.8436 -5.0216 -1.7926 -1.7926 25.5294 25.5294 27.4284
245 -11.7056 -4.9826 -1.9546 -1.9546 25.6194 25.6194 27.3904
246 -11.5836 -4.9196 -2.1126 -2.1126 25.7104 25.7104 27.3434
247 -11.4766 -4.8336 -2.2686 -2.2686 25.8014 25.8014 27.2864
248 -11.3846 -4.7246 -2.4216 -2.4216 25.8914 25.8914 27.2194
249 -11.3086 -4.5916 -2.5706 -2.5706 25.9804 25.9804 27.1424
250 -11.2476 -4.4376 -2.7166 -2.7166 26.0684 26.0684 27.0564
251 -11.2006 -4.2626 -2.8586 -2.8586 26.1544 26.1544 26.9604
252 -11.1666 -4.0696 -3.0066 -3.0066 26.2224 26.2224 26.8524
253 -11.1436 -3.8566 -3.1416 -3.1416 26.3014 26.3014 26.7364
254 -11.1306 -3.6466 -3.2776 -3.2776 26.3694 26.3694 26.5734
255 -11.1266 -3.4046 -3.4046 -3.4046 26.4404 26.4404 26.4404
