1 -1.7002 2.4958 2.4958 2.4958 3.3598
2 -1.6992 2.4958 2.4958 2.4968 3.3608
3 -1.6962 2.4938 2.4938 2.4988 3.3478
4 -1.6912 2.4908 2.4908 2.5018 3.3328
5 -1.6852 2.4858 2.4858 2.5058 3.3128
6 -1.6762 2.4798 2.4798 2.5108 3.2868
7 -1.6662 2.4738 2.4738 2.5168 3.2558
8 -1.6542 2.4658 2.4658 2.5248 3.2208
9 -1.6402 2.4568 2.4568 2.5328 3.1818
10 -1.6242 2.4478 2.4478 2.5428 3.1398
11 -1.6062 2.4378 2.4378 2.5538 3.0938
12 -1.5862 2.4268 2.4268 2.5658 3.0458
13 -1.5652 2.4148 2.4148 2.5788 2.9958
14 -1.5422 2.4038 2.4038 2.5928 2.9428
15 -1.5172 2.3918 2.3918 2.6088 2.8898
16 -1.4902 2.3798 2.3798 2.6248 2.8338
17 -1.4622 2.3678 2.3678 2.6428 2.7778
18 -1.4322 2.3558 2.3558 2.6618 2.7208
19 -1.4002 2.3438 2.3438 2.6638 2.6808
20 -1.3672 2.3328 2.3328 2.6058 2.7018
21 -1.3322 2.3208 2.3208 2.5478 2.7238
22 -1.2962 2.3108 2.3108 2.4888 2.7468
23 -1.2582 2.3008 2.3008 2.4308 2.7708
24 -1.2182 2.2908 2.2908 2.3728 2.7958
25 -1.1772 2.2828 2.2828 2.3148 2.8218
26 -1.1352 2.2578 2.2748 2.2748 2.8488
27 -1.0912 2.2008 2.2678 2.2678 2.8758
28 -1.0462 2.1438 2.2608 2.2608 2.9048
29 -0.9992 2.0888 2.2558 2.2558 2.9348
30 -0.9522 2.0328 2.2518 2.2518 2.9658
31 -0.9032 1.9788 2.2488 2.2488 2.9968
32 -0.8532 1.9248 2.2468 2.2468 3.0298
33 -0.8022 1.8718 2.2458 2.2458 3.0628
34 -0.7502 1.8198 2.2458 2.2458 3.0968
35 -0.6972 1.7688 2.2468 2.2468 3.1318
36 -0.6442 1.7188 2.2498 2.2498 3.1668
37 -0.5892 1.6698 2.2528 2.2528 3.2038
38 -0.5342 1.6208 2.2588 2.2588 3.2408
39 -0.4792 1.5738 2.2648 2.2648 3.2778
40 -0.4232 1.5278 2.2718 2.2718 3.3158
41 -0.3662 1.4828 2.2808 2.2808 3.3108
42 -0.3092 1.4388 2.2908 2.2908 3.2478
43 -0.2532 1.3958 2.3028 2.3028 3.1848
44 -0.1962 1.3538 2.3158 2.3158 3.1228
45 -0.1402 1.3128 2.3298 2.3298 3.0628
46 -0.0842 1.2728 2.3448 2.3448 3.0048
47 -0.0282 1.2348 2.3618 2.3618 2.9498
48 0.0258 1.1968 2.3788 2.3788 2.8978
49 0.0798 1.1608 2.3988 2.3988 2.8488
50 0.1318 1.1258 2.4188 2.4188 2.8038
51 0.1828 1.0918 2.4398 2.4398 2.7618
52 0.2318 1.0598 2.4628 2.4628 2.7248
53 0.2788 1.0288 2.4868 2.4868 2.6928
54 0.3228 0.9978 2.5118 2.5118 2.6658
55 0.3658 0.9698 2.5378 2.5378 2.6438
56 0.4048 0.9418 2.5648 2.5648 2.6268
57 0.4408 0.9158 2.5928 2.5928 2.6158
58 0.4748 0.8898 2.6098 2.6208 2.6208
59 0.5048 0.8668 2.6098 2.6508 2.6508
60 0.5318 0.8438 2.6158 2.6808 2.6808
61 0.5548 0.8228 2.6278 2.7118 2.7118
62 0.5758 0.8028 2.6438 2.7428 2.7428
63 0.5928 0.7838 2.6658 2.7738 2.7738
64 0.6078 0.7658 2.6918 2.8048 2.8048
65 0.6188 0.7498 2.7218 2.8368 2.8368
66 0.6288 0.7348 2.7558 2.8668 2.8668
67 0.6368 0.7208 2.7918 2.8978 2.8978
68 0.6428 0.7088 2.8298 2.9268 2.9268
69 0.6468 0.6978 2.8688 2.9548 2.9548
70 0.6498 0.6878 2.9088 2.9808 2.9808
71 0.6528 0.6798 2.9468 3.0048 3.0048
72 0.6538 0.6728 2.9828 3.0258 3.0258
73 0.6548 0.6668 3.0148 3.0448 3.0448
74 0.6558 0.6618 3.0418 3.0598 3.0598
75 0.6558 0.6588 3.0618 3.0708 3.0708
76 0.6558 0.6568 3.0748 3.0768 3.0768
77 0.6558 0.6558 3.0798 3.0798 3.0798
78 0.6558 0.6568 3.0718 3.0768 3.0798
79 0.6568 0.6578 3.0508 3.0708 3.0818
80 0.6568 0.6608 3.0178 3.0598 3.0858
81 0.6578 0.6638 2.9738 3.0448 3.0908
82 0.6588 0.6678 2.9218 3.0258 3.0968
83 0.6608 0.6728 2.8648 3.0028 3.1038
84 0.6618 0.6778 2.8028 2.9768 3.1128
85 0.6638 0.6838 2.7388 2.9488 3.1228
86 0.6658 0.6898 2.6738 2.9178 3.1348
87 0.6688 0.6968 2.6078 2.8838 3.1468
88 0.6708 0.7038 2.5428 2.8488 3.1608
89 0.6738 0.7108 2.4798 2.8118 3.1748
90 0.6768 0.7168 2.4178 2.7738 3.1908
91 0.6798 0.7228 2.3588 2.7348 3.2078
92 0.6838 0.7268 2.3038 2.6938 3.2258
93 0.6868 0.7308 2.2518 2.6538 3.2438
94 0.6908 0.7328 2.2048 2.6118 3.2628
95 0.6958 0.7328 2.1618 2.5708 3.2828
96 0.6998 0.7298 2.1248 2.5288 3.3038
97 0.7048 0.7248 2.0938 2.4868 3.3248
98 0.7088 0.7168 2.0688 2.4458 3.3468
99 0.7058 0.7138 2.0498 2.4048 3.3688
100 0.6918 0.7198 2.0368 2.3638 3.3908
101 0.6748 0.7248 2.0308 2.3238 3.4128
102 0.6548 0.7298 2.0308 2.2838 3.4358
103 0.6318 0.7358 2.0378 2.2448 3.4578
104 0.6068 0.7418 2.0498 2.2068 3.4808
105 0.5798 0.7468 2.0678 2.1688 3.5028
106 0.5508 0.7528 2.0898 2.1328 3.5248
107 0.5208 0.7588 2.0968 2.1178 3.5458
108 0.4908 0.7648 2.0628 2.1498 3.5668
109 0.4588 0.7708 2.0288 2.1858 3.5868
110 0.4278 0.7768 1.9968 2.2248 3.6068
111 0.3968 0.7828 1.9658 2.2678 3.6258
112 0.3658 0.7888 1.9358 2.3128 3.6448
113 0.3348 0.7948 1.9078 2.3608 3.6618
114 0.3058 0.7998 1.8808 2.4118 3.6788
115 0.2778 0.8058 1.8548 2.4638 3.6938
116 0.2498 0.8108 1.8298 2.5188 3.7088
117 0.2238 0.8158 1.8078 2.5738 3.7228
118 0.1998 0.8208 1.7858 2.6308 3.7358
119 0.1758 0.8258 1.7658 2.6888 3.7478
120 0.1548 0.8298 1.7478 2.7468 3.7578
121 0.1348 0.8348 1.7308 2.8048 3.7678
122 0.1168 0.8378 1.7148 2.8618 3.7768
123 0.0998 0.8418 1.7008 2.9178 3.7848
124 0.0858 0.8448 1.6888 2.9718 3.7908
125 0.0728 0.8478 1.6788 3.0228 3.7968
126 0.0618 0.8498 1.6698 3.0698 3.8018
127 0.0538 0.8518 1.6618 3.1108 3.8058
128 0.0468 0.8538 1.6568 3.1448 3.8088
129 0.0418 0.8548 1.6518 3.1708 3.8118
130 0.0388 0.8548 1.6498 3.1868 3.8128
131 0.0378 0.8558 1.6488 3.1928 3.8128
132 0.0338 0.8578 1.6498 3.1938 3.8108
133 0.0238 0.8658 1.6508 3.1958 3.8048
134 0.0068 0.8788 1.6538 3.2008 3.7958
135 -0.0162 0.8968 1.6568 3.2068 3.7828
136 -0.0442 0.9178 1.6618 3.2148 3.7678
137 -0.0772 0.9418 1.6678 3.2228 3.7498
138 -0.1132 0.9698 1.6738 3.2328 3.7308
139 -0.1522 0.9988 1.6818 3.2418 3.7108
140 -0.1942 1.0298 1.6908 3.2518 3.6898
141 -0.2382 1.0628 1.7008 3.2618 3.6688
142 -0.2842 1.0968 1.7108 3.2708 3.6468
143 -0.3322 1.1318 1.7228 3.2778 3.6258
144 -0.3802 1.1678 1.7358 3.2848 3.6048
145 -0.4292 1.2048 1.7488 3.2898 3.5848
146 -0.4792 1.2428 1.7638 3.2928 3.5648
147 -0.5292 1.2818 1.7788 3.2948 3.5458
148 -0.5792 1.3218 1.7948 3.2948 3.5278
149 -0.6292 1.3618 1.8118 3.2928 3.5098
150 -0.6792 1.4028 1.8298 3.2888 3.4938
151 -0.7292 1.4448 1.8488 3.2828 3.4778
152 -0.7782 1.4868 1.8688 3.2768 3.4628
153 -0.8272 1.5308 1.8888 3.2688 3.4498
154 -0.8752 1.5748 1.9098 3.2588 3.4188
155 -0.9232 1.6188 1.9308 3.2488 3.3628
156 -0.9692 1.6638 1.9528 3.2388 3.3078
157 -1.0152 1.7088 1.9758 3.2278 3.2548
158 -1.0592 1.7548 1.9988 3.2028 3.2168
159 -1.1032 1.8008 2.0228 3.1528 3.2058
160 -1.1452 1.8478 2.0468 3.1048 3.1948
161 -1.1862 1.8938 2.0708 3.0578 3.1848
162 -1.2262 1.9398 2.0958 3.0128 3.1748
163 -1.2652 1.9858 2.1208 2.9698 3.1668
164 -1.3022 2.0308 2.1458 2.9278 3.1588
165 -1.3372 2.0758 2.1708 2.8888 3.1538
166 -1.3722 2.1188 2.1958 2.8508 3.1488
167 -1.4042 2.1608 2.2198 2.8148 3.1468
168 -1.4352 2.2008 2.2448 2.7808 3.1468
169 -1.4652 2.2398 2.2688 2.7488 3.1498
170 -1.4932 2.2758 2.2918 2.7188 3.1548
171 -1.5192 2.3088 2.3148 2.6898 3.1628
172 -1.5442 2.3368 2.3398 2.6638 3.1728
173 -1.5672 2.3578 2.3668 2.6388 3.1858
174 -1.5882 2.3778 2.3918 2.6158 3.2008
175 -1.6072 2.3968 2.4128 2.5958 3.2188
176 -1.6242 2.4148 2.4308 2.5768 3.2368
177 -1.6402 2.4308 2.4468 2.5598 3.2568
178 -1.6542 2.4458 2.4598 2.5448 3.2768
179 -1.6662 2.4588 2.4698 2.5318 3.2958
180 -1.6762 2.4698 2.4788 2.5208 3.3138
181 -1.6852 2.4788 2.4848 2.5118 3.3288
182 -1.6912 2.4868 2.4898 2.5048 3.3418
183 -1.6962 2.4918 2.4938 2.4998 3.3518
184 -1.6992 2.4948 2.4958 2.4968 3.3598
185 -1.7002 2.4958 2.4958 2.4958 3.3598
186 -1.6992 2.4958 2.4958 2.4968 3.3588
187 -1.6962 2.4928 2.4928 2.4998 3.3558
188 -1.6922 2.4888 2.4888 2.5058 3.3518
189 -1.6862 2.4828 2.4828 2.5128 3.3458
190 -1.6792 2.4748 2.4748 2.5218 3.3378
191 -1.6702 2.4658 2.4658 2.5328 3.3298
192 -1.6592 2.4538 2.4538 2.5458 3.3208
193 -1.6472 2.4398 2.4398 2.5608 3.3118
194 -1.6332 2.4248 2.4248 2.5778 3.3018
195 -1.6172 2.4068 2.4068 2.5968 3.2938
196 -1.6002 2.3878 2.3878 2.6178 3.2858
197 -1.5812 2.3658 2.3658 2.6408 3.2788
198 -1.5602 2.3428 2.3428 2.6658 3.2728
199 -1.5382 2.3168 2.3168 2.6918 3.2688
200 -1.5152 2.2898 2.2898 2.7208 3.2658
201 -1.4902 2.2608 2.2608 2.7508 3.2648
202 -1.4632 2.2308 2.2308 2.7828 3.2648
203 -1.4352 2.1988 2.1988 2.8158 3.2668
204 -1.4062 2.1668 2.1668 2.8518 3.2698
205 -1.3752 2.1328 2.1328 2.8878 3.2748
206 -1.3432 2.0988 2.0988 2.9268 3.2808
207 -1.3092 2.0638 2.0638 2.9668 3.2878
208 -1.2742 2.0288 2.0288 3.0078 3.2968
209 -1.2382 1.9938 1.9938 3.0498 3.3068
210 -1.2002 1.9578 1.9578 3.0938 3.3178
211 -1.1612 1.9228 1.9228 3.1388 3.3298
212 -1.1212 1.8868 1.8868 3.1838 3.3418
213 -1.0802 1.8518 1.8518 3.2298 3.3558
214 -1.0372 1.8168 1.8168 3.2768 3.3708
215 -0.9942 1.7818 1.7818 3.3238 3.3858
216 -0.9492 1.7478 1.7478 3.3708 3.4018
217 -0.9032 1.7148 1.7148 3.4178 3.4178
218 -0.8562 1.6808 1.6808 3.4348 3.4348
219 -0.8082 1.6488 1.6488 3.4518 3.4528
220 -0.7592 1.6168 1.6168 3.4698 3.4698
221 -0.7092 1.5858 1.5858 3.4878 3.4878
222 -0.6592 1.5558 1.5558 3.5058 3.5058
223 -0.6072 1.5258 1.5258 3.5248 3.5248
224 -0.5552 1.4978 1.4978 3.5428 3.5428
225 -0.5012 1.4698 1.4698 3.5608 3.5608
226 -0.4472 1.4428 1.4428 3.5798 3.5798
227 -0.3932 1.4158 1.4158 3.5978 3.5978
228 -0.3372 1.3908 1.3908 3.6158 3.6158
229 -0.2822 1.3658 1.3658 3.6338 3.6338
230 -0.2252 1.3418 1.3418 3.6508 3.6508
231 -0.1682 1.3188 1.3188 3.6688 3.6688
232 -0.1112 1.2968 1.2968 3.5868 3.6848
233 -0.0532 1.2758 1.2758 3.5328 3.7018
234 0.0048 1.2548 1.2548 3.4728 3.7168
235 0.0628 1.2348 1.2348 3.4098 3.7328
236 0.1208 1.2168 1.2168 3.3428 3.7468
237 0.1798 1.1978 1.1978 3.2748 3.7608
238 0.2378 1.1808 1.1808 3.2058 3.7748
239 0.2958 1.1638 1.1638 3.1358 3.7878
240 0.3528 1.1478 1.1478 3.0678 3.7998
241 0.4098 1.1328 1.1328 2.9998 3.8108
242 0.4658 1.1188 1.1188 2.9338 3.8218
243 0.5208 1.1048 1.1048 2.8698 3.8318
244 0.5748 1.0918 1.0918 2.8088 3.8408
245 0.6278 1.0788 1.0788 2.7498 3.8488
246 0.6778 1.0678 1.0678 2.6948 3.8568
247 0.7258 1.0558 1.0558 2.6438 3.8638
248 0.7718 1.0458 1.0458 2.5968 3.8698
249 0.8148 1.0348 1.0348 2.5558 3.8758
250 0.8538 1.0258 1.0258 2.5188 3.8808
251 0.8898 1.0168 1.0168 2.4878 3.8838
252 0.9208 1.0078 1.0078 2.4638 3.8878
253 0.9468 0.9998 0.9998 2.4468 3.8898
254 0.9688 0.9928 0.9928 2.4358 3.8908
255 0.9848 0.9848 0.9848 2.4318 3.8918
