1 -12.427566 -3.403456 -3.403226 -3.403226 4.607894 4.607924 4.615814 26.836424 26.836424
2 -12.429046 -3.402896 -3.402826 -3.402816 4.610514 4.610564 4.613864 26.829094 26.829224
3 -12.433466 -3.401596 -3.401586 -3.401206 4.608104 4.618384 4.618464 26.807314 26.807574
4 -12.440816 -3.399526 -3.399506 -3.398416 4.598754 4.631514 4.631634 26.771354 26.771724
5 -12.451086 -3.396596 -3.396576 -3.394526 4.586194 4.649904 4.650054 26.721624 26.722104
6 -12.464226 -3.392786 -3.392746 -3.389556 4.570934 4.673544 4.673724 26.658634 26.659184
7 -12.480206 -3.388046 -3.388006 -3.383536 4.553574 4.702444 4.702664 26.582954 26.583564
8 -12.498976 -3.382346 -3.382296 -3.376496 4.534824 4.736594 4.736844 26.495184 26.495824
9 -12.520476 -3.375656 -3.375596 -3.368476 4.515454 4.776004 4.776294 26.395874 26.396524
10 -12.544646 -3.367936 -3.367866 -3.359506 4.496274 4.820664 4.820984 26.285574 26.286214
11 -12.571426 -3.359146 -3.359066 -3.349616 4.478104 4.870584 4.870944 26.164734 26.165344
12 -12.600716 -3.349256 -3.349166 -3.338836 4.461764 4.925754 4.926154 26.033764 26.034334
13 -12.632456 -3.338236 -3.338136 -3.327226 4.448064 4.986194 4.986624 25.893014 25.893524
14 -12.666546 -3.326056 -3.325946 -3.314786 4.437754 5.051904 5.052354 25.742744 25.743194
15 -12.702896 -3.312676 -3.312556 -3.301566 4.431554 5.122884 5.123374 25.583184 25.583564
16 -12.741416 -3.298076 -3.297946 -3.287576 4.430094 5.199134 5.199654 25.414544 25.414864
17 -12.781996 -3.282216 -3.282086 -3.272836 4.433974 5.280694 5.281244 25.236954 25.237204
18 -12.824536 -3.265096 -3.264946 -3.257346 4.443694 5.367564 5.368134 25.050564 25.050754
19 -12.868926 -3.246656 -3.246516 -3.241116 4.459694 5.459754 5.460354 24.855504 24.855634
20 -12.915076 -3.226896 -3.226746 -3.224146 4.482354 5.557304 5.557924 24.651854 24.651944
21 -12.962856 -3.206406 -3.205786 -3.205626 4.511954 5.660234 5.660884 24.439714 24.439794
22 -13.012166 -3.187876 -3.183286 -3.183116 4.548724 5.768564 5.769234 24.219224 24.219324
23 -13.062906 -3.168526 -3.159376 -3.159206 4.592844 5.882364 5.883054 23.990464 23.990604
24 -13.114946 -3.148326 -3.134036 -3.133866 4.644434 6.001664 6.002364 23.753594 23.753764
25 -13.168186 -3.127226 -3.107236 -3.107066 4.703534 6.126494 6.127214 23.508744 23.508954
26 -13.222526 -3.105166 -3.078946 -3.078786 4.770184 6.256954 6.257684 23.256044 23.256284
27 -13.277846 -3.082096 -3.049156 -3.048996 4.844334 6.393074 6.393814 22.995694 22.995974
28 -13.334046 -3.057956 -3.017826 -3.017666 4.925954 6.534954 6.535704 22.727834 22.728134
29 -13.391016 -3.032666 -2.984946 -2.984786 5.014914 6.682684 6.683434 22.452684 22.453014
30 -13.448656 -3.006156 -2.950486 -2.950326 5.111124 6.836324 6.837074 22.170504 22.170874
31 -13.506866 -2.978356 -2.914426 -2.914276 5.214424 6.996014 6.996754 21.881504 21.881904
32 -13.565536 -2.949186 -2.876736 -2.876586 5.324684 7.161854 7.162584 21.585994 21.586434
33 -13.624576 -2.918566 -2.837406 -2.837266 5.441694 7.333944 7.334644 21.284324 21.284804
34 -13.683896 -2.886426 -2.796416 -2.796286 5.565324 7.512424 7.513104 20.976794 20.977324
35 -13.743406 -2.852666 -2.753746 -2.753616 5.695364 7.697434 7.698074 20.663844 20.664414
36 -13.802996 -2.817216 -2.709376 -2.709266 5.831644 7.889064 7.889654 20.345934 20.346564
37 -13.862596 -2.779986 -2.663296 -2.663186 5.974004 8.087474 8.088004 20.023514 20.024204
38 -13.922116 -2.740906 -2.615486 -2.615386 6.122274 8.292754 8.293224 19.697174 19.697914
39 -13.981466 -2.699886 -2.565946 -2.565856 6.276314 8.504984 8.505374 19.367564 19.368354
40 -14.040586 -2.656846 -2.514646 -2.514556 6.436024 8.724254 8.724544 19.035314 19.036164
41 -14.099376 -2.611716 -2.461576 -2.461506 6.601314 8.950524 8.950724 18.701264 18.702164
42 -14.157776 -2.564416 -2.406746 -2.406686 6.772134 9.183694 9.183794 18.366354 18.367294
43 -14.215706 -2.514856 -2.350136 -2.350086 6.948524 9.423534 9.423664 18.031564 18.032544
44 -14.273096 -2.462966 -2.291756 -2.291706 7.130524 9.669634 9.669904 17.698204 17.699204
45 -14.329876 -2.408656 -2.231576 -2.231546 7.318314 9.921444 9.921884 17.367704 17.368724
46 -14.385996 -2.351876 -2.169616 -2.169596 7.512114 10.177974 10.178594 17.041944 17.042954
47 -14.441376 -2.292536 -2.105886 -2.105866 7.712234 10.437674 10.438484 16.723304 16.724284
48 -14.495976 -2.230556 -2.040356 -2.040356 7.919164 10.698314 10.699314 16.414814 16.415734
49 -14.549716 -2.165876 -1.973066 -1.973066 8.133464 10.956394 10.957574 16.120704 16.121514
50 -14.602546 -2.098436 -1.904036 -1.904016 8.355864 11.206724 11.208064 15.846834 15.847484
51 -14.654416 -2.028146 -1.833236 -1.833216 8.587304 11.441664 11.443124 15.601414 15.601824
52 -14.705276 -1.954976 -1.760716 -1.760686 8.828864 11.650134 11.651614 15.395984 15.396084
53 -14.755076 -1.878856 -1.686496 -1.686456 9.081854 11.817294 11.818674 15.245304 15.245774
54 -14.803766 -1.799756 -1.610586 -1.610536 9.347834 11.926234 11.927384 15.166634 15.167774
55 -14.851296 -1.717656 -1.533036 -1.532976 9.628594 11.963034 11.963844 15.173924 15.175864
56 -14.897636 -1.632546 -1.453876 -1.453806 9.926134 11.923604 11.924034 15.271064 15.273854
57 -14.942726 -1.544426 -1.373146 -1.373076 10.242814 11.815794 11.815914 15.449814 15.453404
58 -14.986536 -1.453376 -1.290916 -1.290826 10.581164 11.654414 11.654544 15.694634 15.698954
59 -15.029026 -1.359476 -1.207246 -1.207156 10.943904 11.455104 11.455374 15.989214 15.994174
60 -15.070156 -1.262846 -1.122206 -1.122106 11.230554 11.230914 11.334034 16.319994 16.325514
61 -15.109896 -1.163696 -1.035906 -1.035786 10.990084 10.990474 11.754454 16.676514 16.682524
62 -15.148206 -1.062246 -0.948416 -0.948286 10.740134 10.740524 12.208184 17.051024 17.057474
63 -15.185056 -0.958836 -0.859876 -0.859736 10.485304 10.485664 12.697844 17.437514 17.444344
64 -15.220416 -0.853846 -0.770446 -0.770296 10.228884 10.229204 13.225514 17.831164 17.838324
65 -15.254266 -0.747726 -0.680256 -0.680096 9.973204 9.973474 13.792584 18.228054 18.235484
66 -15.286566 -0.641026 -0.589526 -0.589346 9.720124 9.720324 14.399024 18.624704 18.632334
67 -15.317296 -0.534356 -0.498476 -0.498286 9.471084 9.471224 15.043084 19.017974 19.025764
68 -15.346446 -0.428346 -0.407356 -0.407156 9.227264 9.227334 15.721064 19.405144 19.413014
69 -15.373986 -0.323716 -0.316476 -0.316266 8.989714 8.989724 16.426504 19.783564 19.791444
70 -15.399906 -0.226186 -0.225976 -0.221186 8.759354 8.759404 17.150184 20.150774 20.158604
71 -15.424196 -0.136886 -0.136666 -0.121476 8.537084 8.537184 17.880344 20.504594 20.512304
72 -15.446836 -0.049026 -0.048796 -0.025306 8.323814 8.323964 18.602704 20.842904 20.850414
73 -15.467816 0.036854 0.037084 0.066634 8.120454 8.120644 19.301534 21.163704 21.170964
74 -15.487146 0.120184 0.120414 0.153694 7.927874 7.928104 19.961074 21.465294 21.472224
75 -15.504816 0.200314 0.200544 0.235274 7.747044 7.747294 20.566644 21.745994 21.752524
76 -15.520806 0.276494 0.276724 0.310804 7.578964 7.579224 21.106354 22.004304 22.010384
77 -15.535136 0.347974 0.348194 0.379794 7.424604 7.424874 21.572434 22.238944 22.244514
78 -15.547786 0.413904 0.414114 0.441794 7.285044 7.285314 21.961564 22.448704 22.453704
79 -15.558756 0.473444 0.473624 0.496384 7.161314 7.161564 22.275204 22.632584 22.636984
80 -15.568046 0.525694 0.525864 0.543224 7.054454 7.054684 22.518584 22.789704 22.793444
81 -15.575656 0.569834 0.569974 0.581984 6.965464 6.965654 22.699654 22.919294 22.922344
82 -15.581576 0.605094 0.605194 0.612414 6.895204 6.895354 22.827654 23.020794 23.023144
83 -15.585816 0.630794 0.630874 0.634314 6.844434 6.844544 22.911504 23.093724 23.095354
84 -15.588356 0.646444 0.646484 0.647504 6.813754 6.813804 22.958574 23.137734 23.138684
85 -15.589196 0.651704 0.651704 0.651914 6.803504 6.803504 22.973704 23.152514 23.153064
86 -15.588366 0.635504 0.652564 0.652704 6.804204 6.822874 22.959024 23.131344 23.145574
87 -15.585886 0.587394 0.655134 0.655284 6.806314 6.880094 22.910714 23.068164 23.127904
88 -15.581746 0.509464 0.659424 0.659574 6.809814 6.972614 22.821794 22.964284 23.108274
89 -15.575966 0.404684 0.665414 0.665574 6.814694 7.096564 22.690894 22.821764 23.090074
90 -15.568546 0.276574 0.673104 0.673274 6.820954 7.247174 22.521424 22.643344 23.072614
91 -15.559516 0.128834 0.682484 0.682674 6.828544 7.419234 22.317914 22.432324 23.054634
92 -15.548886 -0.034966 0.693544 0.693754 6.837464 7.607364 22.084824 22.192394 23.035324
93 -15.536686 -0.211596 0.706274 0.706494 6.847664 7.806294 21.826524 21.927534 23.014244
94 -15.522926 -0.398176 0.720644 0.720894 6.859114 8.011004 21.547314 21.641834 22.991194
95 -15.507646 -0.592316 0.736644 0.736914 6.871774 8.216864 21.251284 21.339324 22.966074
96 -15.490856 -0.791946 0.754234 0.754534 6.885594 8.419614 20.942414 21.023944 22.938864
97 -15.472616 -0.995366 0.773394 0.773724 6.900534 8.615484 20.624394 20.699424 22.909574
98 -15.452936 -1.201186 0.794094 0.794444 6.916524 8.801244 20.300614 20.369174 22.878274
99 -15.431866 -1.408236 0.816264 0.816654 6.933524 8.974234 19.974134 20.036284 22.845034
100 -15.409446 -1.615526 0.839884 0.840294 6.951454 9.132354 19.647664 19.703504 22.809934
101 -15.385726 -1.822286 0.864874 0.865314 6.970254 9.274204 19.323514 19.373174 22.773084
102 -15.360756 -2.027806 0.891194 0.891664 6.989864 9.398924 19.003684 19.047334 22.734594
103 -15.334586 -2.231506 0.918764 0.919254 7.010184 9.506274 18.689824 18.727654 22.694594
104 -15.307276 -2.432886 0.947504 0.948014 7.031164 9.596514 18.383294 18.415514 22.653224
105 -15.278916 -2.631466 0.977334 0.977864 7.052704 9.670394 18.085194 18.112014 22.610634
106 -15.249556 -2.826876 1.008164 1.008704 7.074724 9.728994 17.796304 17.817964 22.566964
107 -15.219296 -3.018726 1.039884 1.040444 7.097144 9.773664 17.517294 17.534034 22.522384
108 -15.188226 -3.206696 1.072394 1.072954 7.119864 9.805954 17.248594 17.260664 22.477074
109 -15.156446 -3.390456 1.105574 1.106144 7.142804 9.827464 16.990514 16.998154 22.431184
110 -15.124056 -3.569716 1.139304 1.139864 7.165864 9.839824 16.743244 16.746704 22.384924
111 -15.091176 -3.744186 1.173444 1.174004 7.188954 9.844584 16.506364 16.506914 22.338464
112 -15.057946 -3.913596 1.207874 1.208414 7.211964 9.843214 16.277214 16.281424 22.292014
113 -15.024476 -4.077696 1.242434 1.242954 7.234824 9.837044 16.059144 16.066834 22.245744
114 -14.990936 -4.236226 1.276974 1.277474 7.257414 9.827264 15.852084 15.863044 22.199884
115 -14.957446 -4.388946 1.311344 1.311814 7.279644 9.814874 15.655934 15.669944 22.154614
116 -14.924176 -4.535616 1.345374 1.345804 7.301424 9.800754 15.470574 15.487424 22.110144
117 -14.891296 -4.675996 1.378894 1.379294 7.322644 9.785624 15.295864 15.315354 22.066674
118 -14.858966 -4.809876 1.411744 1.412094 7.343234 9.770054 15.131674 15.153624 22.024404
119 -14.827366 -4.937026 1.443754 1.444054 7.363094 9.754524 14.977884 15.002094 21.983534
120 -14.796666 -5.057226 1.474734 1.474984 7.382134 9.739394 14.834374 14.860674 21.944254
121 -14.767046 -5.170256 1.504524 1.504724 7.400264 9.724914 14.701044 14.729264 21.906754
122 -14.738696 -5.275916 1.532944 1.533094 7.417404 9.711294 14.577814 14.607784 21.871214
123 -14.711786 -5.374006 1.559834 1.559924 7.433494 9.698674 14.464594 14.496164 21.837814
124 -14.686506 -5.464316 1.585014 1.585054 7.448434 9.687134 14.361324 14.394334 21.806714
125 -14.663016 -5.546676 1.608314 1.608354 7.462174 9.676724 14.267974 14.302274 21.778074
126 -14.641486 -5.620896 1.629594 1.629674 7.474634 9.667464 14.184494 14.219934 21.752044
127 -14.622076 -5.686816 1.648714 1.648844 7.485784 9.659364 14.110854 14.147304 21.728744
128 -14.604936 -5.744276 1.665564 1.665734 7.495544 9.652414 14.047054 14.084364 21.708304
129 -14.590196 -5.793146 1.680024 1.680234 7.503884 9.646584 13.993064 14.031104 21.690824
130 -14.577956 -5.833306 1.691994 1.692234 7.510754 9.641854 13.948894 13.987524 21.676394
131 -14.568336 -5.864646 1.701404 1.701664 7.516144 9.638214 13.914534 13.953624 21.665084
132 -14.561416 -5.887096 1.708164 1.708454 7.520004 9.635624 13.889994 13.929414 21.656974
133 -14.557236 -5.900586 1.712244 1.712544 7.522324 9.634074 13.875274 13.914884 21.652084
134 -14.555836 -5.905086 1.713604 1.713904 7.523104 9.633554 13.870364 13.910044 21.650454
135 -14.554976 -5.904066 1.698954 1.714504 7.539574 9.643204 13.802724 13.895164 21.637154
136 -14.552396 -5.901006 1.655124 1.716744 7.588164 9.672354 13.565134 13.893504 21.597454
137 -14.548116 -5.895926 1.583944 1.720484 7.666494 9.721704 13.189974 13.895514 21.531914
138 -14.542116 -5.888806 1.487894 1.725714 7.770904 9.792404 12.711454 13.898984 21.441484
139 -14.534436 -5.879656 1.369964 1.732454 7.896764 9.886024 12.164764 13.903584 21.327404
140 -14.525076 -5.868506 1.233324 1.740704 8.038924 10.004484 11.582324 13.909214 21.191234
141 -14.514066 -5.855346 1.081104 1.750454 8.192114 10.149844 10.990614 13.915784 21.034724
142 -14.501426 -5.840206 0.916164 1.761724 8.351414 10.324054 10.409114 13.923254 20.859834
143 -14.487176 -5.823106 0.741114 1.774514 8.512634 9.850674 10.528564 13.931554 20.668624
144 -14.471346 -5.804076 0.558184 1.788814 8.672734 9.322674 10.764044 13.940614 20.463214
145 -14.453976 -5.783156 0.369304 1.804624 8.820814 8.837514 11.030244 13.950374 20.245764
146 -14.435116 -5.760366 0.176104 1.821944 8.368174 8.983754 11.326074 13.960744 20.018364
147 -14.414796 -5.735776 -0.020006 1.840744 7.941374 9.133754 11.649864 13.971664 19.783074
148 -14.393056 -5.709426 -0.217876 1.861014 7.545514 9.280854 11.999684 13.983034 19.541824
149 -14.369976 -5.681376 -0.416486 1.882734 7.177994 9.425784 12.373594 13.994774 19.296444
150 -14.345586 -5.651666 -0.615036 1.905864 6.836034 9.569364 12.769854 14.006804 19.048604
151 -14.319966 -5.620396 -0.812776 1.930364 6.516974 9.712274 13.186934 14.019014 18.799824
152 -14.293166 -5.587616 -1.009086 1.956184 6.218354 9.855064 13.623604 14.031364 18.551504
153 -14.265286 -5.553406 -1.203436 1.983274 5.937924 9.998144 14.042244 14.080484 18.304864
154 -14.236376 -5.517866 -1.395326 2.011554 5.673744 10.141804 14.055644 14.552914 18.060994
155 -14.206546 -5.481076 -1.584356 2.040964 5.424084 10.286214 14.067694 15.044484 17.820834
156 -14.175866 -5.443136 -1.770136 2.071414 5.187504 10.431434 14.079454 15.554184 17.585224
157 -14.144446 -5.404166 -1.952326 2.102804 4.962774 10.577444 14.090854 16.082494 17.354894
158 -14.112386 -5.364276 -2.130586 2.135024 4.748874 10.724154 14.101804 16.630124 17.130744
159 -14.079796 -5.323576 -2.304636 2.167964 4.544954 10.871384 14.112254 16.910514 17.201314
160 -14.046806 -5.282226 -2.474176 2.201494 4.350324 11.018894 14.122134 16.699984 17.792774
161 -14.013516 -5.240356 -2.638956 2.235484 4.164424 11.166414 14.131384 16.495824 18.410984
162 -13.980076 -5.198116 -2.798716 2.269784 3.986814 11.313564 14.139964 16.299044 19.058674
163 -13.946606 -5.155676 -2.953196 2.304244 3.817164 11.459924 14.147834 16.109964 19.740074
164 -13.913276 -5.113216 -3.102166 2.338694 3.655234 11.604984 14.154954 15.928854 20.460374
165 -13.880216 -5.070916 -3.245366 2.372974 3.500844 11.748194 14.161324 15.755894 21.225754
166 -13.847586 -5.028976 -3.382556 2.406894 3.353914 11.888914 14.166934 15.591294 22.043334
167 -13.815556 -4.987586 -3.513536 2.440274 3.214384 12.026484 14.171784 15.435194 22.921384
168 -13.784286 -4.946996 -3.638036 2.472934 3.082274 12.160164 14.175904 15.287744 23.868924
169 -13.753936 -4.907396 -3.755856 2.504684 2.957624 12.289214 14.179304 15.149084 24.895634
170 -13.724706 -4.869056 -3.866746 2.535324 2.840524 12.412834 14.182024 15.019364 26.011424
171 -13.696736 -4.832196 -3.970496 2.564654 2.731114 12.530274 14.184104 14.898714 27.225564
172 -13.670226 -4.797066 -4.066886 2.592484 2.629514 12.640804 14.185594 14.787244 28.545794
173 -13.645326 -4.763916 -4.155716 2.535874 2.618674 12.743724 14.186534 14.685114 29.976254
174 -13.622216 -4.732986 -4.236776 2.450404 2.642974 12.838404 14.186954 14.592444 31.515284
175 -13.601056 -4.704536 -4.309866 2.373274 2.665234 12.924294 14.186884 14.509414 33.152214
176 -13.581976 -4.678786 -4.374826 2.304674 2.685314 13.000934 14.186304 14.436194 34.863574
177 -13.565146 -4.655956 -4.431466 2.244784 2.703034 13.067944 14.185124 14.373054 36.609094
178 -13.550666 -4.636256 -4.479666 2.193764 2.718274 13.125024 14.183124 14.320334 38.329024
179 -13.538656 -4.619876 -4.519286 2.151794 2.730914 13.171954 14.179864 14.278624 39.943044
180 -13.529226 -4.606966 -4.550216 2.118994 2.740844 13.208594 14.174804 14.248604 41.354734
181 -13.522426 -4.597646 -4.572376 2.095484 2.748004 13.234824 14.168134 14.230134 42.461374
182 -13.518326 -4.592016 -4.585686 2.081344 2.752324 13.250584 14.162104 14.221044 43.169684
183 -13.516956 -4.590166 -4.590106 2.076624 2.753764 13.255844 14.159694 14.218424 43.413724
184 -13.518226 -4.589086 -4.588806 2.080994 2.752424 13.250974 14.163484 14.219314 43.187604
185 -13.522036 -4.586046 -4.584736 2.094104 2.748424 13.236394 14.174814 14.222014 42.530814
186 -13.528356 -4.580956 -4.577936 2.115934 2.741764 13.212154 14.193614 14.226554 41.503104
187 -13.537186 -4.573816 -4.568416 2.146444 2.732494 13.178354 14.219734 14.232964 40.189354
188 -13.548466 -4.564606 -4.556156 2.185584 2.720654 13.135134 14.241214 14.253104 38.684084
189 -13.562186 -4.553286 -4.541176 2.233294 2.706304 13.082674 14.251544 14.293334 37.076714
190 -13.578276 -4.539826 -4.523456 2.289494 2.689494 13.021184 14.263934 14.340284 35.442704
191 -13.596686 -4.524196 -4.502986 2.354104 2.670324 12.950914 14.278504 14.393644 33.839334
192 -13.617356 -4.506346 -4.479776 2.427024 2.648864 12.872184 14.295374 14.453104 32.306294
193 -13.640206 -4.486256 -4.453826 2.508134 2.625204 12.785304 14.314684 14.518334 30.867484
194 -13.665156 -4.463856 -4.425146 2.596904 2.599874 12.690644 14.336574 14.588994 29.534854
195 -13.692136 -4.439116 -4.393726 2.571674 2.694514 12.588624 14.361204 14.664744 28.311674
196 -13.721046 -4.411986 -4.359586 2.542024 2.799494 12.479684 14.388764 14.745234 27.195684
197 -13.751786 -4.382416 -4.322736 2.510584 2.912164 12.364304 14.419444 14.830124 26.180844
198 -13.784276 -4.350356 -4.283186 2.477464 3.032374 12.242994 14.453454 14.919104 25.259244
199 -13.818406 -4.315766 -4.240946 2.442764 3.159984 12.116294 14.491014 15.011864 24.422074
200 -13.854066 -4.278606 -4.196036 2.406604 3.294804 11.984794 14.532354 15.108104 23.660624
201 -13.891156 -4.238826 -4.148476 2.369104 3.436704 11.849074 14.577724 15.207584 22.966244
202 -13.929566 -4.196386 -4.098266 2.330344 3.585514 11.709764 14.627384 15.310054 22.330874
203 -13.969186 -4.151256 -4.045446 2.290454 3.741034 11.567524 14.681584 15.415304 21.747244
204 -14.009906 -4.103396 -3.990036 2.249534 3.903104 11.423014 14.740624 15.523154 21.208614
205 -14.051626 -4.052776 -3.932046 2.207694 4.071544 11.276924 14.804764 15.633454 20.709014
206 -14.094216 -3.999356 -3.871496 2.165014 4.246164 11.129924 14.874304 15.746094 20.243064
207 -14.137576 -3.943126 -3.808416 2.121624 4.426744 10.982774 14.949524 15.860964 19.806104
208 -14.181596 -3.884056 -3.742836 2.077614 4.613104 10.836164 15.030724 15.977994 19.393874
209 -14.226176 -3.822116 -3.674766 2.033074 4.805024 10.690844 15.118184 16.097154 19.002684
210 -14.271206 -3.757296 -3.604226 1.988104 5.002304 10.547534 15.212204 16.218444 18.629214
211 -14.316576 -3.689576 -3.531266 1.942804 5.204674 10.407014 15.313044 16.341844 18.270654
212 -14.362186 -3.618946 -3.455906 1.897254 5.411904 10.270064 15.420964 16.467394 17.924424
213 -14.407946 -3.545396 -3.378166 1.851554 5.623734 10.137484 15.536224 16.595154 17.588284
214 -14.453766 -3.468896 -3.298066 1.805784 5.839874 10.010124 15.659064 16.725194 17.260274
215 -14.499536 -3.389466 -3.215656 1.760034 6.059914 9.888934 15.789674 16.857574 16.938744
216 -14.545166 -3.307086 -3.130956 1.714384 6.283414 9.775004 15.928214 16.622164 16.992424
217 -14.590576 -3.221746 -3.043996 1.668924 6.509714 9.669594 16.074804 16.309334 17.129834
218 -14.635696 -3.133456 -2.954806 1.623724 6.737874 9.574394 15.998814 16.229884 17.269944
219 -14.680416 -3.042206 -2.863446 1.578874 6.966374 9.491664 15.690254 16.392944 17.412854
220 -14.724666 -2.947996 -2.769926 1.534434 7.192774 9.424724 15.382544 16.564344 17.558714
221 -14.768386 -2.850836 -2.674296 1.490484 7.413054 9.378584 15.075124 16.744014 17.707644
222 -14.811486 -2.750716 -2.576586 1.447094 7.620704 9.360874 14.767494 16.931844 17.859794
223 -14.853916 -2.647676 -2.476856 1.404334 7.805944 9.382634 14.459344 17.127664 18.015264
224 -14.895586 -2.541726 -2.375146 1.362274 7.956904 9.457174 14.150424 17.331254 18.174184
225 -14.936456 -2.432886 -2.271506 1.320964 8.064374 9.595344 13.840594 17.542324 18.336654
226 -14.976466 -2.321206 -2.165976 1.280474 8.127754 9.799564 13.529824 17.760524 18.502774
227 -15.015536 -2.206736 -2.058646 1.240864 8.154894 10.063954 13.218244 17.985364 18.672574
228 -15.053636 -2.089556 -1.949566 1.202194 8.156234 10.380234 12.905994 18.216324 18.846094
229 -15.090696 -1.969776 -1.838816 1.164514 8.140364 10.742034 12.593344 18.452804 19.023344
230 -15.126686 -1.847506 -1.726466 1.127864 8.113064 11.145854 12.280604 18.694134 19.204274
231 -15.161556 -1.722936 -1.612636 1.092314 8.077854 11.590224 11.968254 18.939484 19.388764
232 -15.195246 -1.596266 -1.497426 1.057904 8.036784 11.656754 12.074954 19.188024 19.576664
233 -15.227736 -1.467766 -1.380956 1.024674 7.991004 11.346654 12.600194 19.438814 19.767744
234 -15.258986 -1.337706 -1.263366 0.992674 7.941164 11.038574 13.165854 19.690864 19.961694
235 -15.288956 -1.206496 -1.144846 0.961924 7.887624 10.733224 13.770884 19.943064 20.158104
236 -15.317616 -1.074536 -1.025596 0.932484 7.830644 10.431344 14.413074 20.194284 20.356474
237 -15.344936 -0.942306 -0.905836 0.904374 7.770414 10.133734 15.088444 20.443324 20.556214
238 -15.370896 -0.810326 -0.785846 0.877634 7.707184 9.841214 15.791064 20.688954 20.756614
239 -15.395466 -0.679216 -0.665966 0.852284 7.641294 9.554764 16.512694 20.929754 20.956894
240 -15.418636 -0.549606 -0.546586 0.828364 7.573114 9.275324 17.243174 21.154924 21.165624
241 -15.440386 -0.428146 -0.422206 0.805884 7.503164 9.003954 17.970564 21.352074 21.392774
242 -15.460686 -0.311176 -0.297746 0.784874 7.432044 8.741724 18.681854 21.545284 21.611744
243 -15.479546 -0.196326 -0.177056 0.765354 7.360474 8.489884 19.363584 21.733604 21.820794
244 -15.496936 -0.084306 -0.060946 0.747344 7.289234 8.249664 20.003194 21.915644 22.018634
245 -15.512856 0.024024 0.049684 0.730854 7.219214 8.022424 20.589734 22.089954 22.204014
246 -15.527286 0.127724 0.153924 0.715894 7.151364 7.809594 21.114824 22.255074 22.375764
247 -15.540226 0.225684 0.250804 0.702484 7.086714 7.612744 21.572914 22.409604 22.532724
248 -15.551666 0.316714 0.339364 0.690624 7.026304 7.433454 21.961574 22.552454 22.673864
249 -15.561606 0.399524 0.418624 0.680344 6.971194 7.273384 22.280764 22.683114 22.798224
250 -15.570016 0.472754 0.487654 0.671624 6.922404 7.134214 22.531824 22.802164 22.904974
251 -15.576916 0.535044 0.545544 0.664484 6.880934 7.017604 22.716664 22.911254 22.993344
252 -15.582286 0.585104 0.591504 0.658924 6.847664 6.925054 22.841014 23.009104 23.062734
253 -15.586126 0.621784 0.624844 0.654954 6.823324 6.857894 22.917994 23.087024 23.112654
254 -15.588426 0.644174 0.645074 0.652574 6.808484 6.817154 22.960174 23.136144 23.142754
255 -15.589196 0.651704 0.651704 0.651914 6.803504 6.803504 22.973704 23.152514 23.153064
